主期,周涨,PR,HR,WXAB,波型,柱排周,盈提示,WXCD,ZA周,ZB周,ZC周,周龄,周键
2003/6/13,-3.48,-3.48,3.48,z丁↘忑-1.Y,5蛀.__Aa龙猪._初,错.未赋值,,尿降z↘,-1,-1,-1,1,True
2003/6/20,-4.5,-4.5,0,z丁↘忑-2.Z-2,5蛀.__Aa龙猪._初,跌.尾连vW.W2,,屎降z↘,-2,-2,-2,2,True
2003/6/27,-4.72,-4.72,1.89,z丁↘忑-3.Z-3,5蛀.__Fa震正〇._初,跌.尾连WW.W3,,屎降z↘,-3,-3,-3,3,True
2003/7/4,-0.99,-0.99,0.99,z丁↘忑-4.Z-4,9妩.__Fa震正〇._初,跌.尾连WW.W4,,屎降z↘,-4,-4,-4,4,True
2003/7/11,-1,-1,0,z丁↘忑-5.Z-5,9妩.__Fa震正〇._主,跌.尾连WW.W5,,屎降z↘,-5,-5,-5,5,True
2003/7/18,-4.04,-4.04,1.01,z丁↘忑-6.Z-6,9妩.__Fa震正〇._主,跌.尾连WW.W6,,屎降z↘,-6,-6,-6,6,True
2003/7/25,-7.37,-7.37,-1.05,z丁↘忑-7.Z-7,9妩.__Fa震正〇._主,跌.尾连WW.W7,,屎降z↘,-7,-7,-7,7,True
2003/8/1,1.14,1.14,2.27,z丁↘忑-8.Z-8,9妩.__Fa震正〇._主,跌.尾反孕Wo,,屎降z↘,-8,-8,-8,8,True
2003/8/8,3.37,3.37,5.62,z丁↘忑-9.Z-9,7姗.__Fa震正〇._主,升.尾连oQ.Q2,,屎降z↘,-9,-9,-9,9,True
2003/8/15,-4.35,-4.35,2.17,z丁↘忑-10.Z-10,7姗.__Bd龙管杂._主,(升)人.连后吞QV,,屎降z↘,-10,-10,-10,10,True
2003/8/22,0,0,2.27,z丁↘忑-11.Z-11,7姗.__Bd龙管杂._主,(升)人.连后吞QVo,,屎降z↘,-11,-11,-11,11,True
2003/8/29,-5.68,-5.68,0,z丁↘忑-12.Z-12,7姗.__Bd龙管杂._主,跌.尾吞oV,,屎降z↘,-12,-12,-12,12,True
2003/9/5,0,0,6.02,z丁↘忑-13.Z-13,9妩.__Aa龙猪._主,跌.尾反孕oVo,,屎降z↘,-13,-13,-13,13,True
2003/9/12,-3.61,-3.61,1.2,z丁↘忑-14.Z-14,9妩.__Aa龙猪._主,跌.尾吞oV,,屎降z↘,-14,-14,-14,14,True
2003/9/19,0,0,2.5,z丁↘忑-15.Z-15,9妩.__Aa龙猪._主,跌.尾反孕oVo,,屎降z↘,-15,-15,-15,15,True
2003/9/26,1.25,1.25,2.5,z丁↘忑-16.Z-16,7姗.__Bd龙管杂._主,升.尾连oQ.Q2,,屎降z↘,-16,-16,-16,16,True
2003/9/30,1.23,1.23,2.47,z丁↘忑-17.Z-17,6娝.__Bc龙管栅._主,升.尾连QQ.Q3,,屎降z↘,-17,-17,-17,17,True
2003/10/10,3.66,3.66,3.66,y戊↘忠-18.I,4蛀.__Fe震正根._主,升.尾连QQ.Q4,,屎降y↘,1,-18,-18,18,True
2003/10/17,-5.88,-5.88,0,y戊↘忑-19.Y暂,5暂.__Aa龙猪._主,(升)人.连后吞QV,,屎降y↘,-1,-19,-19,19,True
2003/10/24,3.75,3.75,5,y戊↘忠-20.I暂,4暂.__Be龙管根._主,(升)人.连后吞QVo,,屎降y↘,1,-20,-20,20,True
2003/10/31,-13.25,-13.25,2.41,y戊↘忑-21.Y暂,5暂.__Aa龙猪._主,跌.尾吞oV,,屎降y↘,-1,-21,-21,21,True
2003/11/7,-8.33,-8.33,2.78,y戊↘忑-22.Z-2暂,5暂.__Aa龙猪._主,跌.尾连VW.W2,,屎降y↘,-2,-22,-22,22,True
2003/11/14,-3.03,-3.03,0,y戊↘忑-23.Z-3暂,5暂.__Aa龙猪._主,跌.尾连WW.W3,,屎降y↘,-3,-23,-23,23,True
2003/11/21,3.13,3.12,7.81,y戊↘忑-24.Z-4,8姖.__Aa龙猪._主,(跌)人.连后吞WO,,屎降y↘,-4,-24,-24,24,True
2003/11/28,3.03,3.03,7.58,y戊↘忑-25.Z-5,7姗.__Bd龙管杂._主,升.尾连OQ.Q2,,屎降y↘,-5,-25,-25,25,True
2003/12/5,4.41,4.41,7.35,y戊↘忠-26.I,4蛀.__Fe震正根._主,升.尾连QQ.Q3,,屎降y↘,1,-26,-26,26,True
2003/12/12,0,0,1.41,y戊↘忠-27.B2,4蛀.__Fe震正根._主,升.尾连QQ.Q4,,屎降y↘,2,-27,-27,27,True
2003/12/19,-11.27,-11.27,0,y戊↘忑-28.Y暂,5暂.__Fa震正〇._主,(升)人.连后吞QV,,屎降y↘,-1,-28,-28,28,True
2003/12/26,4.76,4.76,7.94,y戊↘忑-29.Z-2暂,5暂.__Fa震正〇._主,(升)人.连后吞QVo,,屎降y↘,-2,-29,-29,29,True
2004/1/2,0,0,0,y戊↘忑-30.Z-3暂,5暂.__Fa震正〇._主,升.尾连oQ.Q2,,屎降y↘,-3,-30,-30,30,True
2004/1/9,6.06,6.06,9.09,y戊↘忠-31.I暂,4暂.__Fe震正根._主,升.尾连QQ.Q3,,屎降y↘,1,-31,-31,31,True
2004/1/16,1.43,1.43,4.29,y戊↘忠-32.B2暂,4暂.__Fe震正根._主,升.尾连QQ.Q4,,屎降y↘,2,-32,-32,32,True
2004/1/30,1.41,1.41,4.23,r己↗忐-33.B3暂,4暂.__Fe震正根.储,升.尾连QQ.Q5,,屎降r↗.4暂.__Fe震正根.储.魅6v,3,1,-33,33,True
2004/2/6,2.78,2.78,6.94,r己↗忐-34.A4,0橅.__Fe震正根.储,升.尾连QQ.Q6,,屎降r↗.0橅.__Fe震正根.储.魅6v,4,2,-34,34,True
2004/2/13,6.76,6.76,12.16,a甲↗上1.A5,0橅.Aa龙猪.储,升.尾连QQ.Q7,连7,唏待a↗.0橅.Aa龙猪.储,5,3,1,35,True
2004/2/20,10.13,10.13,11.39,a甲↗上2.A6,0橅.Aa龙猪.储,升.尾连QQ.Q8,连8,唏待a↗.0橅.Aa龙猪.储,6,4,2,36,True
2004/2/27,-9.2,-9.2,0,a甲↗上3.A7,0橅.Aa龙猪.初,升.尾反孕Qv,,唏待a↗.0橅.Aa龙猪.初,7,5,3,37,True
2004/3/5,6.33,6.33,8.86,a甲↗上4.A8,0橅.Aa龙猪.初,(升)人.孕孕vo,,唏待a↗.0橅.Aa龙猪.初,8,6,4,38,True
2004/3/12,-4.76,-4.76,3.57,a甲↗上5.A9,0橅.Fa震正〇.初,(人)人.孕孕vo,,唏待a↗.0橅.Fa震正〇.初,9,7,5,39,True
2004/3/19,0,0,2.5,a甲↗上6.A10,0橅.Fa震正〇.初,(人)人.孕孕vo,,唏待a↗.0橅.Fa震正〇.初,10,8,6,40,True
2004/3/26,2.5,2.5,3.75,a甲↗上7.A11,0橅.Fa震正〇.初,升.尾连oQ.Q2,,唏待a↗.0橅.Fa震正〇.初,11,9,7,41,True
2004/4/2,23.17,23.17,23.17,a甲↗上8.A12,0橅.Aa龙猪.初,升.尾连QQ.Q3,高连3,银升a↗.0橅.Aa龙猪.初,12,10,8,42,True
2004/4/9,6.93,6.93,12.87,a甲↗上9.A13,0橅.Aa龙猪.初,升.尾连QQ.Q4,宽连4,银升a↗.0橅.Aa龙猪.初,13,11,9,43,True
2004/4/16,-4.63,-4.63,1.85,a甲↗上10.A14,1柜.Aa龙猪.初,(升)人.连后吞QV,,银升a↗.1柜.Aa龙猪.初,14,12,10,44,True
2004/4/23,-0.97,-0.97,0.97,a甲↗上11.A15,2栅.Bc龙管栅.初,跌.尾连VW.W2,,银升a↗.2栅.Bc龙管栅.初,15,13,11,45,True
2004/4/30,-6.86,-6.86,0,b乙→中12.Y,5蛀.Fe震正根.主,跌.尾连WW.W3,,银升b→.5蛀.Fe震正根.主,-1,14,12,46,True
2004/5/14,-2.11,-2.11,2.11,b乙→中13.Z-2,5蛀.Fe震正根.主,跌.尾连WW.W4,,银升b→.5蛀.Fe震正根.主,-2,15,13,47,True
2004/5/21,1.08,1.08,3.23,b乙→中14.Z-3,5蛀.Fe震正根.主,跌.尾反孕Wo,,银升b→.5蛀.Fe震正根.主,-3,16,14,48,True
2004/5/28,-6.38,-6.38,1.06,c丙↘下15.Z-4,9妩.Fe震正根.破,跌.尾吞oV,,银升c↘.被3v,-4,-1,15,49,True
2004/6/4,10.23,10.23,17.05,b乙↗上16.I,4蛀.Dd头正芽.再B,(跌)人.吞吞oVO,高,银升b↗.4蛀.Dd头正芽.再B,1,1,16,50,True
2004/6/11,-6.19,-6.19,0,b乙→中17.Y暂,5暂.De头正根.再B,(跌)人.吞吞oVOv,,银升b→.5暂.De头正根.再B,-1,2,17,51,True
2004/6/18,-4.4,-4.4,1.1,c丙↘下18.Z-2暂,5暂.Fe震正根.破,跌.尾连vW.W2,,唏待c↘.被3v,-2,-1,18,52,True
2004/6/25,-2.3,-2.3,6.9,z丁↘忑-1.Z-3暂,5暂.__Aa龙猪._破,跌.尾连WW.W3,,屎降z↘,-3,-2,-1,53,True
2004/7/2,-5.88,-5.88,-1.18,z丁↘忑-2.Z-4,9妩.__Aa龙猪._初,跌.尾连WW.W4,,屎降z↘,-4,-3,-2,54,True
2004/7/9,0,0,2.5,z丁↘忑-3.Z-5,9妩.__Aa龙猪._初,跌.尾反孕Wo,,屎降z↘,-5,-4,-3,55,True
2004/7/16,-2.5,-2.5,0,z丁↘忑-4.Z-6,9妩.__Aa龙猪._初,跌.尾吞oV,,屎降z↘,-6,-5,-4,56,True
2004/7/23,-3.85,-3.85,2.56,z丁↘忑-5.Z-7,9妩.__Aa龙猪._初,跌.尾连VW.W2,,屎降z↘,-7,-6,-5,57,True
2004/7/30,-5.33,-5.33,0,z丁↘忑-6.Z-8,9妩.__Aa龙猪._初,跌.尾连WW.W3,,屎降z↘,-8,-7,-6,58,True
2004/8/6,2.82,2.82,4.23,z丁↘忑-7.Z-9,9妩.__Aa龙猪._初,跌.尾反孕Wo,,屎降z↘,-9,-8,-7,59,True
2004/8/13,-5.48,-5.48,1.37,z丁↘忑-8.Z-10,9妩.__Aa龙猪._初,跌.尾吞oV,,屎降z↘,-10,-9,-8,60,True
2004/8/20,-4.35,-4.35,0,z丁↘忑-9.Z-11,9妩.__Aa龙猪._主,跌.尾连VW.W2,,屎降z↘,-11,-10,-9,61,True
2004/8/27,0,0,4.55,z丁↘忑-10.Z-12,9妩.__Aa龙猪._主,跌.尾反孕Wo,,屎降z↘,-12,-11,-10,62,True
2004/9/3,12.12,12.12,12.12,y戊↘忠-11.I,4蛀.__Be龙管根._主,升.尾连oQ.Q2,,屎降y↘,1,-12,-11,63,True
2004/9/10,-1.35,-1.35,0,y戊↘忠-12.B2,4蛀.__Be龙管根._主,升.尾反孕Qv,,屎降y↘,2,-13,-12,64,True
2004/9/17,15.07,15.07,15.07,r己↗忐-13.B3,4蛀.Df头负.储,升.尾吞vO,高,唏待r↗.4蛀.Df头负.储.口1v,3,1,1,65,True
2004/9/24,-2.38,-2.38,5.95,r己↗忐-14.A4,0橅.Df头负.储,升.尾反孕vOv,,唏待r↗.0橅.Df头负.储.口1v,4,2,2,66,True
2004/9/30,-7.32,-7.32,2.44,a甲↗上1.A5,2栅.__Ff震负.储,跌.尾连vW.W2,,屎降a↗.2栅.__Ff震负.储.魅6w,5,3,-1,67,True
2004/10/8,5.26,5.26,5.26,a甲↗上2.A6,2栅.__Ff震负.储,跌.尾反孕Wo,,屎降a↗.2栅.__Ff震负.储.魅6w,6,4,-2,68,True
2004/10/15,-7.5,-7.5,3.75,c丙↘下3.Y,5蛀.__Df头负._再C,跌.尾吞oV,,屎降c↘.逃5I,-1,-1,-3,69,True
2004/10/22,-8.11,-8.11,2.7,z丁↘忑-1.Z-2,5蛀.__Fa震正〇._再C,跌.尾连VW.W2,,屎降z↘,-2,-2,-4,70,True
2004/10/29,5.88,5.88,16.18,z丁↘忑-2.Z-3,5蛀.__Aa龙猪._再C,跌.尾反孕Wo,,屎降z↘,-3,-3,-5,71,True
2004/11/5,-1.39,-1.39,5.56,z丁↘忑-3.Z-4,9妩.__Aa龙猪._再C,(跌)人.孕孕ov,,屎降z↘,-4,-4,-6,72,True
2004/11/12,2.82,2.82,5.63,z丁↘忑-4.Z-5,8姖.__Aa龙猪._再C,升.尾吞vO,,屎降z↘,-5,-5,-7,73,True
2004/11/19,2.74,2.74,6.85,y戊↘忠-5.I,4蛀.__Fe震正根._主,升.尾连OQ.Q2,,屎降y↘,1,-6,-8,74,True
2004/11/26,-4,-4,2.67,y戊↘忑-6.Y暂,5暂.__Fa震正〇._主,(升)人.连后吞QV,,屎降y↘,-1,-7,-9,75,True
2004/12/3,2.78,2.78,5.56,y戊↘忠-7.I暂,4暂.__Fe震正根._主,(升)人.连后吞QVo,,屎降y↘,1,-8,-10,76,True
2004/12/10,-2.7,-2.7,6.76,y戊↘忑-8.Y暂,5暂.__Fa震正〇._主,(人)人.孕孕vo,,屎降y↘,-1,-9,-11,77,True
2004/12/17,20.83,20.83,20.83,a甲↗上1.I暂,4暂.Aa龙猪.储,升.尾吞vO,高,银升a↗.4暂.Aa龙猪.储,1,1,1,78,True
2004/12/24,-1.15,-1.15,10.34,a甲↗上2.B2暂,4暂.Aa龙猪.初,升.尾反孕vOv,宽,银升a↗.4暂.Aa龙猪.初,2,2,2,79,True
2004/12/31,-4.65,-4.65,5.81,a甲↗上3.B3暂,4暂.Aa龙猪.初,跌.尾连vW.W2,,银升a↗.4暂.Aa龙猪.初,3,3,3,80,True
2005/1/7,2.44,2.44,8.54,a甲↗上4.A4,2栅.Bc龙管栅.初,跌.尾反孕Wo,,银升a↗.2栅.Bc龙管栅.初,4,4,4,81,True
2005/1/14,3.57,3.57,7.14,a甲↗上5.A5,2栅.Fa震正〇.初,升.尾连oQ.Q2,,银升a↗.2栅.Fa震正〇.初,5,5,5,82,True
2005/1/21,-2.3,-2.3,3.45,a甲↗上6.A6,2栅.Fa震正〇.初,升.尾反孕Qv,,银升a↗.2栅.Fa震正〇.初,6,6,6,83,True
2005/1/28,-18.82,-18.82,7.06,c丙↘下7.Y,5蛀.__Df头负._破,跌.尾连vW.W2,,屎降c↘.逃4v,-1,-1,-1,84,True
2005/2/4,-10.14,-10.14,1.45,z丁↘忑-1.Z-2,5蛀.__Aa龙猪._初,跌.尾连WW.W3,,屎降z↘,-2,-2,-2,85,True
2005/2/18,12.9,12.9,14.52,z丁↘忑-2.Z-3,5蛀.__Aa龙猪._初,(跌)人.连后吞WO,,屎降z↘,-3,-3,-3,86,True
2005/2/25,0,0,7.14,z丁↘忑-3.Z-4,7姗.__Bd龙管杂._初,升.尾连OQ.Q2,,屎降z↘,-4,-4,-4,87,True
2005/3/4,15.71,15.71,21.43,r己↗忐-4.I,4蛀.Df头负.储,升.尾连QQ.Q3,宽高连3,唏待r↗.4蛀.Df头负.储.口1v,1,1,1,88,True
2005/3/11,-7.41,-7.41,2.47,r己↗忐-5.B2,4蛀.__Fe震正根.储,升.尾反孕Qv,,屎降r↗.4蛀.__Fe震正根.储.魅6v,2,2,-1,89,True
2005/3/18,-8,-8,5.33,y戊↘忑-6.Y暂,5暂.__Fa震正〇._再B,跌.尾连vW.W2,,屎降y↘,-1,-1,-2,90,True
2005/3/25,-2.9,-2.9,2.9,y戊↘忑-7.Z-2暂,5暂.__Fa震正〇._再B,跌.尾连WW.W3,,屎降y↘,-2,-2,-3,91,True
2005/4/1,2.99,2.99,2.99,y戊↘忑-8.Z-3暂,5暂.__Fa震正〇._再B,(跌)人.连后吞WO,,屎降y↘,-3,-3,-4,92,True
2005/4/8,2.9,2.9,4.35,y戊↘忑-9.Z-4,7姗.__Fa震正〇._再B,升.尾连OQ.Q2,,屎降y↘,-4,-4,-5,93,True
2005/4/15,-7.04,-7.04,2.82,y戊↘忑-10.Z-5,7姗.__Fa震正〇._主,(升)人.连后吞QV,,屎降y↘,-5,-5,-6,94,True
2005/4/22,6.06,6.06,12.12,y戊↘忑-11.Z-6,7姗.__Fa震正〇._主,(升)人.连后吞QVo,,屎降y↘,-6,-6,-7,95,True
2005/4/29,7.14,7.14,10,r己↗忐-12.I,4蛀.__Fe震正根.储,升.尾连oQ.Q2,,屎降r↗.4蛀.__Fe震正根.储.魅6v,1,1,-8,96,True
2005/5/13,-5.33,-5.33,1.33,r己↗忐-13.B2,4蛀.__Fe震正根._再B,升.尾反孕Qv,,屎降r↗.4蛀.__Fe震正根._再B,2,2,-9,97,True
2005/5/19,4.23,4.23,5.63,r己↗忐-14.B3,4蛀.__Fe震正根.储,升.尾吞vO,,屎降r↗.4蛀.__Fe震正根.储.魅6v,3,3,-10,98,True
2005/5/27,-6.76,-6.76,1.35,y戊↘忑-15.Y暂,5暂.__Fa震正〇._再B,(升)人.吞吞vOV,,屎降y↘,-1,-1,-11,99,True
2005/6/3,1.45,1.45,1.45,y戊↘忑-16.Z-2暂,5暂.__Fa震正〇._再B,(升)人.吞吞vOVo,,屎降y↘,-2,-2,-12,100,True
2005/6/10,18.57,18.57,22.86,a甲↗上1.I暂,4暂.Aa龙猪.储,升.尾连oQ.Q2,高,银升a↗.4暂.Aa龙猪.储,1,1,1,101,True
2005/6/17,-8.43,-8.43,-1.2,a甲↗上2.B2暂,4暂.Aa龙猪.初,升.尾反孕Qv,,唏待a↗.4暂.Aa龙猪.初,2,2,2,102,True
2005/6/24,3.95,3.95,6.58,a甲↗上3.B3暂,4暂.Aa龙猪.初,(升)人.孕孕vo,,银升a↗.4暂.Aa龙猪.初,3,3,3,103,True
2005/7/1,-6.33,-6.33,3.8,b乙→中4.Y暂,5暂.Fe震正根.初,跌.尾吞oV,,唏待b→.5暂.Fe震正根.初,-1,4,4,104,True
2005/7/8,-5.41,-5.41,1.35,c丙↘下5.Z-2暂,5暂.__Df头负._再D,跌.尾连VW.W2,,屎降c↘.逃5i,-2,-1,-1,105,True
2005/7/15,4.29,4.29,5.71,c丙↘下6.Z-3暂,5暂.__Df头负._再D,跌.尾反孕Wo,,屎降c↘.逃5I,-3,-2,-2,106,True
2005/7/22,-2.74,-2.74,0,z丁↘忑-1.Z-4,9妩.__Fa震正〇._初,(跌)人.孕孕ov,,屎降z↘,-4,-3,-3,107,True
2005/7/29,4.23,4.23,5.63,y戊↘忠-2.I,4蛀.__Fe震正根._初,升.尾吞vO,,屎降y↘,1,-4,-4,108,True
2005/8/5,5.41,5.41,8.11,a甲↗上1.B2,4蛀.Dd头正芽.初,升.尾连OQ.Q2,,银升a↗.4蛀.Dd头正芽.初,2,1,1,109,True
2005/8/12,-1.28,-1.28,5.13,a甲↗上2.B3,4蛀.Dd头正芽.初,升.尾反孕Qv,,银升a↗.4蛀.Dd头正芽.初,3,2,2,110,True
2005/8/19,-1.3,-1.3,10.39,a甲↗上3.A4,2栅.Bc龙管栅.初,跌.尾连vW.W2,,唏待a↗.2栅.Bc龙管栅.初,4,3,3,111,True
2005/8/26,1.32,1.32,2.63,a甲↗上4.A5,2栅.Bc龙管栅.初,(跌)人.连后吞WO,,银升a↗.2栅.Bc龙管栅.初,5,4,4,112,True
2005/9/2,1.3,1.3,3.9,a甲↗上5.A6,2栅.Bc龙管栅.主,升.尾连OQ.Q2,,银升a↗.2栅.Bc龙管栅.主,6,5,5,113,True
2005/9/9,5.13,5.13,10.26,a甲↗上6.A7,2栅.Bc龙管栅.主,升.尾连QQ.Q3,连3,银升a↗.2栅.Bc龙管栅.主,7,6,6,114,True
2005/9/16,2.44,2.44,2.44,a甲↗上7.A8,0橅.Aa龙猪.主,升.尾连QQ.Q4,连4,银升a↗.0橅.Aa龙猪.主,8,7,7,115,True
2005/9/23,-2.38,-2.38,4.76,a甲↗上8.A9,0橅.Aa龙猪.主,升.尾反孕Qv,,银升a↗.0橅.Aa龙猪.主,9,8,8,116,True
2005/9/30,6.1,6.1,7.32,a甲↗上9.A10,0橅.Aa龙猪.主,升.尾吞vO,,银升a↗.0橅.Aa龙猪.主,10,9,9,117,True
2005/10/14,12.64,12.64,18.39,a甲↗上10.A11,0橅.Aa龙猪.主,升.尾连OQ.Q2,高,金升a↗.0橅.Aa龙猪.主,11,10,10,118,True
2005/10/21,-10.2,-10.2,5.1,a甲↗上11.A12,0橅.Aa龙猪.主,升.尾反孕Qv,,金升a↗.0橅.Aa龙猪.主,12,11,11,119,True
2005/10/28,-6.82,-6.82,1.14,b乙→中12.Y,5蛀.Be龙管根.主,跌.尾连vW.W2,,金升b→.5蛀.Be龙管根.主,-1,12,12,120,True
2005/11/4,-3.66,-3.66,2.44,c丙↘下13.Z-2,5蛀.Fe震正根.破,跌.尾连WW.W3,宽,金升c↘.被3v,-2,-1,13,121,True
2005/11/11,-5.06,-5.06,3.8,c丙↘下14.Z-3,5蛀.__Df头负._破,跌.尾连WW.W4,,尿降c↘.逃4v,-3,-2,-1,122,True
2005/11/18,4,4,5.33,z丁↘忑-1.Z-4,8姖.__Fa震正〇._破,(跌)人.连后吞WO,,尿降z↘,-4,-3,-2,123,True
2005/11/25,1.28,1.28,2.56,z丁↘忑-2.Z-5,7姗.__Fa震正〇._破,升.尾连OQ.Q2,,嘘待z↘,-5,-4,-3,124,True
2005/12/2,-6.33,-6.33,1.27,z丁↘忑-3.Z-6,7姗.__Fa震正〇._初,(升)人.连后吞QV,,尿降z↘,-6,-5,-4,125,True
2005/12/9,-2.7,-2.7,5.41,z丁↘忑-4.Z-7,7姗.__Bd龙管杂._初,跌.尾连VW.W2,,尿降z↘,-7,-6,-5,126,True
2005/12/16,4.17,4.17,5.56,z丁↘忑-5.Z-8,7姗.__Bd龙管杂._初,(跌)人.连后吞WO,,尿降z↘,-8,-7,-6,127,True
2005/12/23,2.67,2.67,5.33,y戊↘忠-6.I,4蛀.__Be龙管根._初,升.尾连OQ.Q2,,尿降y↘,1,-8,-7,128,True
2005/12/30,-1.3,-1.3,3.9,y戊↘忠-7.B2,4蛀.__Fe震正根._初,升.尾反孕Qv,,尿降y↘,2,-9,-8,129,True
2006/1/6,6.58,6.58,7.89,r己↗忐-8.B3,4蛀.Df头负.储,升.尾吞vO,,金升r↗.4蛀.Df头负.储.口1v,3,1,1,130,True
2006/1/13,2.47,2.47,3.7,a甲↗上1.A4,0橅.Aa龙猪.初,升.尾连OQ.Q2,,金升a↗.0橅.Aa龙猪.初,4,2,2,131,True
2006/1/20,2.41,2.41,2.41,a甲↗上2.A5,0橅.Aa龙猪.初,升.尾连QQ.Q3,连3,金升a↗.0橅.Aa龙猪.初,5,3,3,132,True
2006/1/25,-8.24,-8.24,-2.35,b乙→中3.Y,5蛀.Be龙管根.初,(升)人.连后吞QV,,金升b→.5蛀.Be龙管根.初,-1,4,4,133,True
2006/2/10,7.69,7.69,12.82,b乙↗上4.I暂,4暂.Aa龙猪.初,(人)人.吞吞* VO,,金升b↗.4暂.Aa龙猪.初,1,5,5,134,True
2006/2/17,-4.76,-4.76,5.95,b乙→中5.Y暂,5暂.Be龙管根.主,(人)人.吞吞* VO,,金升b→.5暂.Be龙管根.主,-1,6,6,135,True
2006/2/24,6.25,6.25,7.5,b乙↗上6.I暂,4暂.Aa龙猪.主,升.尾吞vO,,金升b↗.4暂.Aa龙猪.主,1,7,7,136,True
2006/3/3,0,0,7.06,b乙↗上7.B2暂,4暂.Aa龙猪.主,升.尾连OQ.Q2,,金升b↗.4暂.Aa龙猪.主,2,8,8,137,True
2006/3/10,-12.94,-12.94,0,c丙↘下8.Y暂,5暂.__Df头负._破,(升)人.连后吞QV,,尿降c↘.逃4v,-1,-1,-1,138,True
2006/3/17,2.7,2.7,6.76,z丁↘忑-1.Z-2暂,5暂.__Fa震正〇._破,(升)人.连后吞QVo,,尿降z↘,-2,-2,-2,139,True
2006/3/24,2.63,2.63,6.58,z丁↘忑-2.Z-3暂,5暂.__Fa震正〇._初,升.尾连oQ.Q2,,尿降z↘,-3,-3,-3,140,True
2006/3/31,3.85,3.85,10.26,r己↗忐-3.I暂,4暂.Df头负.再D,升.尾连QQ.Q3,连3,金升r↗.4暂.Df头负.再D.口2i,1,1,1,141,True
2006/4/27,11.11,11.11,18.52,a甲↗上1.B2暂,4暂.Aa龙猪.再D,升.尾连QQ.Q4,高连4,金升a↗.4暂.Aa龙猪.再D,2,2,2,142,True
2006/5/26,20,20,30,a甲↗上2.B3暂,4暂.Aa龙猪.再D,升.尾连QQ.Q5,宽高连5,金升a↗.4暂.Aa龙猪.再D,3,3,3,143,True
2006/6/2,4.63,4.63,7.41,a甲↗上3.A4,0橅.Aa龙猪.再D,升.尾连QQ.Q6,宽连6,金升a↗.0橅.Aa龙猪.再D,4,4,4,144,True
2006/6/9,-13.27,-13.27,6.19,a甲↗上4.A5,1柜.Aa龙猪.再D,(升)人.连后吞QV,宽,金升a↗.1柜.Aa龙猪.再D,5,5,5,145,True
2006/6/16,10.2,10.2,14.29,a甲↗上5.A6,1柜.Aa龙猪.主,(升)人.连后吞QVo,,金升a↗.1柜.Aa龙猪.主,6,6,6,146,True
2006/6/23,12.96,12.96,14.81,a甲↗上6.A7,1柜.Aa龙猪.主,升.尾连oQ.Q2,,金升a↗.1柜.Aa龙猪.主,7,7,7,147,True
2006/6/30,12.3,12.3,19.67,a甲↗上7.A8,1柜.Aa龙猪.主,升.尾连QQ.Q3,宽高连3,金升a↗.1柜.Aa龙猪.主,8,8,8,148,True
2006/7/7,2.92,2.92,6.57,a甲↗上8.A9,0橅.Aa龙猪.主,升.尾连QQ.Q4,连4,金升a↗.0橅.Aa龙猪.主,9,9,9,149,True
2006/7/13,-13.48,-13.48,0,a甲↗上9.A10,1柜.Aa龙猪.主,(升)人.连后吞QV,,金升a↗.1柜.Aa龙猪.主,10,10,10,150,True
2006/7/21,-2.46,-2.46,3.28,b乙→中10.Y,5蛀.Be龙管根.主,跌.尾连VW.W2,,金升b→.5蛀.Be龙管根.主,-1,11,11,151,True
2006/7/28,-2.52,-2.52,5.04,b乙→中11.Z-2,5蛀.Fe震正根.主,跌.尾连WW.W3,,金升b→.5蛀.Fe震正根.主,-2,12,12,152,True
2006/8/4,-11.21,-11.21,-0.86,c丙↘下12.Z-3,5蛀.Fe震正根.破,跌.尾连WW.W4,宽,金升c↘.被3v,-3,-1,13,153,True
2006/8/11,4.85,4.85,6.8,c丙↘下13.Z-4,9妩.Fe震正根.破,跌.尾反孕Wo,宽,金升c↘.被3v,-4,-2,14,154,True
2006/8/18,-3.7,-3.7,0.93,c丙↘下14.Z-5,9妩.Fe震正根.破,(跌)人.孕孕ov,,金升c↘.被3v,-5,-3,15,155,True
2006/8/25,4.81,4.81,4.81,z丁↘忑-1.Z-6,8姖.Ff震负.破,升.尾吞vO,,金升z↘.警3w,-6,-4,16,156,True
2006/9/1,-2.75,-2.75,2.75,z丁↘忑-2.Z-7,8姖.Ff震负.破,升.尾反孕vOv,,金升z↘.警3w,-7,-5,17,157,True
2006/9/8,0,0,3.77,z丁↘忑-3.Z-8,8姖.Ff震负.破,(升)人.孕孕vo,,金升z↘.警3w,-8,-6,18,158,True
2006/9/15,3.77,3.77,4.72,y戊↘忠-4.I,4蛀.Ff震负.再C,升.尾连oQ.Q2,,金升y↘.警3h,1,-7,19,159,True
2006/9/22,5.45,5.45,9.09,a甲↗上1.B2,4蛀.Dd头正芽.再C,升.尾连QQ.Q3,连3,金升a↗.4蛀.Dd头正芽.再C,2,1,20,160,True
2006/9/29,3.45,3.45,7.76,a甲↗上2.B3,4蛀.Aa龙猪.再C,升.尾连QQ.Q4,连4,金升a↗.4蛀.Aa龙猪.再C,3,2,21,161,True
2006/10/13,3.33,3.33,10,a甲↗上3.A4,0橅.Aa龙猪.再C,升.尾连QQ.Q5,连5,金升a↗.0橅.Aa龙猪.再C,4,3,22,162,True
2006/10/20,3.23,3.23,4.84,a甲↗上4.A5,0橅.Aa龙猪.再C,升.尾连QQ.Q6,连6,金升a↗.0橅.Aa龙猪.再C,5,4,23,163,True
2006/10/27,-3.13,-3.12,15.62,a甲↗上5.A6,0橅.Aa龙猪.主,升.尾反孕Qv,宽高,金升a↗.0橅.Aa龙猪.主,6,5,24,164,True
2006/11/3,-1.61,-1.61,0.81,a甲↗上6.A7,2栅.Bc龙管栅.主,跌.尾连vW.W2,宽,金升a↗.2栅.Bc龙管栅.主,7,6,25,165,True
2006/11/10,4.1,4.1,17.21,a甲↗上7.A8,2栅.Bc龙管栅.主,(跌)人.连后吞WO,高,金升a↗.2栅.Bc龙管栅.主,8,7,26,166,True
2006/11/17,0.79,0.79,5.51,a甲↗上8.A9,2栅.Fa震正〇.主,升.尾连OQ.Q2,,金升a↗.2栅.Fa震正〇.主,9,8,27,167,True
2006/11/24,22.66,22.66,28.12,a甲↗上9.A10,2栅.Bc龙管栅.主,升.尾连QQ.Q3,宽高连3,金升a↗.2栅.Bc龙管栅.主,10,9,28,168,True
2006/12/1,7.01,7.01,11.46,a甲↗上10.A11,0橅.Aa龙猪.主,升.尾连QQ.Q4,宽连4,金升a↗.0橅.Aa龙猪.主,11,10,29,169,True
2006/12/8,-7.14,-7.14,7.14,a甲↗上11.A12,0橅.Aa龙猪.主,升.尾反孕Qv,宽,金升a↗.0橅.Aa龙猪.主,12,11,30,170,True
2006/12/15,14.74,14.74,19.87,a甲↗上12.A13,0橅.Aa龙猪.主,升.尾吞vO,高,金升a↗.0橅.Aa龙猪.主,13,12,31,171,True
2006/12/22,-0.56,-0.56,9.5,a甲↗上13.A14,0橅.Aa龙猪.主,升.尾反孕vOv,,金升a↗.0橅.Aa龙猪.主,14,13,32,172,True
2006/12/29,2.25,2.25,9.55,a甲↗上14.A15,0橅.Aa龙猪.主,升.尾吞vO,,金升a↗.0橅.Aa龙猪.主,15,14,33,173,True
2007/1/5,-0.55,-0.55,2.75,a甲↗上15.A16,0橅.Aa龙猪.主,升.尾反孕vOv,,金升a↗.0橅.Aa龙猪.主,16,15,34,174,True
2007/1/12,1.66,1.66,13.26,a甲↗上16.A17,0橅.Aa龙猪.主,升.尾吞vO,,金升a↗.0橅.Aa龙猪.主,17,16,35,175,True
2007/1/19,37.5,37.5,37.5,a甲↗上17.A18,0橅.Aa龙猪.主,升.尾连OQ.Q2,宽高,金升a↗.0橅.Aa龙猪.主,18,17,36,176,True
2007/1/26,25.3,25.3,25.3,a甲↗上18.A19,0橅.Aa龙猪.主,升.尾连QQ.Q3,宽高连3,金升a↗.0橅.Aa龙猪.主,19,18,37,177,True
2007/2/2,24.61,24.61,24.61,a甲↗上19.A20,0橅.Aa龙猪.主,升.尾连QQ.Q4,宽高连4,金升a↗.0橅.Aa龙猪.主,20,19,38,178,True
2007/2/9,15.19,15.19,20.76,a甲↗上20.A21,0橅.Aa龙猪.主,升.尾连QQ.Q5,宽高连5,金升a↗.0橅.Aa龙猪.主,21,20,39,179,True
2007/2/16,-16.48,-16.48,7.25,a甲↗上21.A22,1柜.Aa龙猪.主,(升)人.连后吞QV,宽,金升a↗.1柜.Aa龙猪.主,22,21,40,180,True
2007/3/2,-9.21,-9.21,-1.05,a甲↗上22.A23,2栅.Bc龙管栅.主,跌.尾连VW.W2,宽,金升a↗.2栅.Bc龙管栅.主,23,22,41,181,True
2007/3/9,-3.19,-3.19,10.14,b乙→中23.Y,5蛀.Be龙管根.主,跌.尾连WW.W3,宽,金升b→.5蛀.Be龙管根.主,-1,23,42,182,True
2007/3/16,-2.4,-2.4,3.29,b乙→中24.Z-2,5蛀.Fe震正根.主,跌.尾连WW.W4,宽,金升b→.5蛀.Fe震正根.主,-2,24,43,183,True
2007/3/23,-0.31,-0.31,11.66,b乙→中25.Z-3,5蛀.Fe震正根.主,跌.尾连WW.W5,宽,金升b→.5蛀.Fe震正根.主,-3,25,44,184,True
2007/3/30,0.62,0.62,8,b乙→中26.Z-4,8姖.Fe震正根.主,(跌)人.连后吞WO,,金升b→.8姖.Fe震正根.主,-4,26,45,185,True
2007/4/6,6.73,6.73,8.56,b乙↗上27.I,4蛀.Fd震正芽.主,升.尾连OQ.Q2,,金升b↗.4蛀.Fd震正芽.主,1,27,46,186,True
2007/4/13,3.15,3.15,10.03,b乙↗上28.B2,4蛀.Fd震正芽.主,升.尾连QQ.Q3,连3,金升b↗.4蛀.Fd震正芽.主,2,28,47,187,True
2007/4/20,1.67,1.67,10.56,b乙↗上29.B3,4蛀.Fd震正芽.主,升.尾连QQ.Q4,连4,金升b↗.4蛀.Fd震正芽.主,3,29,48,188,True
2007/4/27,-6.56,-6.56,5.46,b乙→中30.Y暂,5暂.Fe震正根.主,(升)人.连后吞QV,,金升b→.5暂.Fe震正根.主,-1,30,49,189,True
2007/4/30,-2.05,-2.05,3.22,b乙→中31.Z-2暂,5暂.Fe震正根.主,跌.尾连VW.W2,,金升b→.5暂.Fe震正根.主,-2,31,50,190,True
2007/5/11,16.42,16.42,20.3,b乙↗上32.I暂,4暂.Aa龙猪.主,(跌)人.连后吞WO,高,金升b↗.4暂.Aa龙猪.主,1,32,51,191,True
2007/5/18,-4.36,-4.36,3.59,b乙↗上33.B2暂,4暂.Aa龙猪.主,(跌)人.连后吞WOv,,金升b↗.4暂.Aa龙猪.主,2,33,52,192,True
2007/5/25,10.19,10.19,18.23,b乙↗上34.B3暂,4暂.Aa龙猪.主,升.尾吞vO,高,金升b↗.4暂.Aa龙猪.主,3,34,53,193,True
2007/6/1,-17.76,-17.76,3.16,b乙→中35.Y暂,5暂.Be龙管根.主,(升)人.吞吞vOV,,金升b→.5暂.Be龙管根.主,-1,35,54,194,True
2007/6/8,0.3,0.3,3.55,c丙↘下36.Z-2暂,5暂.Fe震正根.破,(升)人.吞吞vOVo,宽,金升c↘.被3v,-2,-1,55,195,True
2007/6/15,11.21,11.21,11.21,b乙↗上37.I暂,4暂.Dd头正芽.再B,升.尾连oQ.Q2,宽,金升b↗.4暂.Dd头正芽.再B,1,1,56,196,True
2007/6/22,5.31,5.31,16.71,b乙↗上38.B2暂,4暂.Dd头正芽.再B,升.尾连QQ.Q3,高连3,金升b↗.4暂.Dd头正芽.再B,2,2,57,197,True
2007/6/29,3.53,3.53,13.85,b乙↗上39.B3暂,4暂.Aa龙猪.再B,升.尾连QQ.Q4,连4,金升b↗.4暂.Aa龙猪.再B,3,3,58,198,True
2007/7/6,-9.73,-9.73,10.46,b乙↗上40.A4,1柜.Aa龙猪.再B,(升)人.连后吞QV,,金升b↗.1柜.Aa龙猪.再B,4,4,59,199,True
2007/7/13,6.2,6.2,8.63,b乙↗上41.A5,1柜.Aa龙猪.主,(升)人.连后吞QVo,,金升b↗.1柜.Aa龙猪.主,5,5,60,200,True
2007/7/20,4.31,4.31,5.58,b乙↗上42.A6,1柜.Aa龙猪.主,升.尾连oQ.Q2,,金升b↗.1柜.Aa龙猪.主,6,6,61,201,True
2007/7/27,23.11,23.11,30.41,b乙↗上43.A7,1柜.Aa龙猪.主,升.尾连QQ.Q3,宽高连3,金升b↗.1柜.Aa龙猪.主,7,7,62,202,True
2007/8/3,12.25,12.25,12.25,b乙↗上44.A8,0橅.Aa龙猪.主,升.尾连QQ.Q4,宽连4,金升b↗.0橅.Aa龙猪.主,8,8,63,203,True
2007/8/10,-4.58,-4.58,3.35,b乙↗上45.A9,0橅.Aa龙猪.主,升.尾反孕Qv,宽,金升b↗.0橅.Aa龙猪.主,9,9,64,204,True
2007/8/31,9.96,9.96,9.96,b乙↗上46.A10,0橅.Aa龙猪.主,升.尾吞vO,,金升b↗.0橅.Aa龙猪.主,10,10,65,205,True
2007/9/7,-10.57,-10.57,5.87,b乙↗上47.A11,1柜.Aa龙猪.主,(升)人.吞吞vOV,,金升b↗.1柜.Aa龙猪.主,11,11,66,206,True
2007/9/14,0.75,0.75,3.38,b乙↗上48.A12,1柜.Aa龙猪.主,(升)人.吞吞vOVo,,金升b↗.1柜.Aa龙猪.主,12,12,67,207,True
2007/9/21,6.33,6.33,10.61,b乙↗上49.A13,1柜.Aa龙猪.主,升.尾连oQ.Q2,,金升b↗.1柜.Aa龙猪.主,13,13,68,208,True
2007/9/28,10.16,10.16,14.89,b乙↗上50.A14,1柜.Aa龙猪.主,升.尾连QQ.Q3,连3,金升b↗.1柜.Aa龙猪.主,14,14,69,209,True
2007/10/12,-1.75,-1.75,8.11,b乙↗上51.A15,0橅.Aa龙猪.主,升.尾反孕Qv,,金升b↗.0橅.Aa龙猪.主,15,15,70,210,True
2007/10/19,-6.96,-6.96,-0.32,b乙↗上52.A16,2栅.Bc龙管栅.主,跌.尾连vW.W2,,金升b↗.2栅.Bc龙管栅.主,16,16,71,211,True
2007/10/25,-8,-8,1.57,b乙→中53.Y,5蛀.Be龙管根.主,跌.尾连WW.W3,,金升b→.5蛀.Be龙管根.主,-1,17,72,212,True
2007/11/2,21.93,21.93,26.47,b乙↗上54.I暂,4暂.Fd震正芽.主,(跌)人.连后吞WO,高,金升b↗.4暂.Fd震正芽.主,1,18,73,213,True
2007/11/9,-13.18,-13.18,4.5,b乙→中55.Y暂,5暂.Fe震正根.主,(跌)人.连后吞WOv,,金升b→.5暂.Fe震正根.主,-1,19,74,214,True
2007/11/16,2.32,2.32,4.64,b乙→中56.Z-2暂,5暂.Fe震正根.主,(人)人.孕孕vo,,金升b→.5暂.Fe震正根.主,-2,20,75,215,True
2007/11/23,8.73,8.73,13.44,b乙↗上57.I暂,4暂.Fd震正芽.主,升.尾连oQ.Q2,,金升b↗.4暂.Fd震正芽.主,1,21,76,216,True
2007/11/30,2.89,2.89,7.7,b乙↗上58.B2暂,4暂.Fd震正芽.主,升.尾连QQ.Q3,连3,金升b↗.4暂.Fd震正芽.主,2,22,77,217,True
2007/12/7,7.96,7.96,11.54,b乙↗上59.B3暂,4暂.Aa龙猪.主,升.尾连QQ.Q4,连4,金升b↗.4暂.Aa龙猪.主,3,23,78,218,True
2007/12/14,21.53,21.53,21.68,b乙↗上60.A4,0橅.Aa龙猪.主,升.尾连QQ.Q5,宽高连5,金升b↗.0橅.Aa龙猪.主,4,24,79,219,True
2007/12/21,0.83,0.83,2.85,b乙↗上61.A5,0橅.Aa龙猪.主,升.尾连QQ.Q6,连6,金升b↗.0橅.Aa龙猪.主,5,25,80,220,True
2007/12/28,8.02,8.02,12.97,b乙↗上62.A6,0橅.Aa龙猪.主,升.尾连QQ.Q7,宽连7,金升b↗.0橅.Aa龙猪.主,6,26,81,221,True
2008/1/4,13.97,13.97,15.39,b乙↗上63.A7,0橅.Aa龙猪.主,升.尾连QQ.Q8,宽高连8,金升b↗.0橅.Aa龙猪.主,7,27,82,222,True
2008/1/11,26.05,26.05,35.34,b乙↗上64.A8,0橅.Aa龙猪.主,升.尾连QQ.Q9,宽高连9,金升b↗.0橅.Aa龙猪.主,8,28,83,223,True
2008/1/18,1.98,1.98,18.24,b乙↗上65.A9,0橅.Aa龙猪.主,升.尾连QQ.Q10,宽高连10,金升b↗.0橅.Aa龙猪.主,9,29,84,224,True
2008/1/25,14.16,14.16,23.55,b乙↗上66.A10,0橅.Aa龙猪.主,升.尾连QQ.Q11,宽高连11,金升b↗.0橅.Aa龙猪.主,10,30,85,225,True
2008/2/1,-7.31,-7.31,14.88,b乙↗上67.A11,0橅.Aa龙猪.主,升.尾反孕Qv,宽,金升b↗.0橅.Aa龙猪.主,11,31,86,226,True
2008/2/5,20.35,20.35,20.99,b乙↗上68.A12,0橅.Aa龙猪.主,升.尾吞vO,宽高,金升b↗.0橅.Aa龙猪.主,12,32,87,227,True
2008/2/15,7.43,7.43,8.78,b乙↗上69.A13,0橅.Aa龙猪.主,升.尾连OQ.Q2,宽,金升b↗.0橅.Aa龙猪.主,13,33,88,228,True
2008/2/22,4.68,4.68,10.29,b乙↗上70.A14,0橅.Aa龙猪.主,升.尾连QQ.Q3,宽连3,金升b↗.0橅.Aa龙猪.主,14,34,89,229,True
2008/2/29,-13.68,-13.68,7.49,b乙↗上71.A15,1柜.Aa龙猪.主,(升)人.连后吞QV,宽,金升b↗.1柜.Aa龙猪.主,15,35,90,230,True
2008/3/7,4.28,4.28,11.81,b乙↗上72.A16,1柜.Aa龙猪.主,(升)人.连后吞QVo,宽,金升b↗.1柜.Aa龙猪.主,16,36,91,231,True
2008/3/13,-5.38,-5.38,3.35,b乙→中73.Y,5蛀.Be龙管根.主,(人)人.孕孕vo,宽,金升b→.5蛀.Be龙管根.主,-1,37,92,232,True
2008/3/21,1.41,1.41,4.83,b乙→中74.Z-2,5蛀.Fe震正根.主,(人)人.孕孕vo,宽,金升b→.5蛀.Fe震正根.主,-2,38,93,233,True
2008/3/28,3.86,3.86,14.94,b乙↗上75.I暂,4暂.Fd震正芽.主,升.尾连oQ.Q2,宽,金升b↗.4暂.Fd震正芽.主,1,39,94,234,True
2008/4/3,-10.44,-10.44,0.93,b乙→中76.Y暂,5暂.Fe震正根.主,(升)人.连后吞QV,,金升b→.5暂.Fe震正根.主,-1,40,95,235,True
2008/4/11,14.51,14.51,16.58,b乙↗上77.I暂,4暂.Fd震正芽.主,(人)人.吞吞* VO,高,金升b↗.4暂.Fd震正芽.主,1,41,96,236,True
2008/4/18,23.25,23.25,25.06,b乙↗上78.B2暂,4暂.Aa龙猪.主,升.尾连OQ.Q2,宽高,金升b↗.4暂.Aa龙猪.主,2,42,97,237,True
2008/4/25,-10.23,-10.23,2.34,b乙↗上79.B3暂,4暂.Aa龙猪.主,升.尾反孕Qv,,金升b↗.4暂.Aa龙猪.主,3,43,98,238,True
2008/4/30,-5.37,-5.37,-1.53,b乙↗上80.A4,2栅.Bc龙管栅.主,跌.尾连vW.W2,,金升b↗.2栅.Bc龙管栅.主,4,44,99,239,True
2008/5/9,6.54,6.54,16.32,b乙↗上81.A5,2栅.Bc龙管栅.主,(跌)人.连后吞WO,高,金升b↗.2栅.Bc龙管栅.主,5,45,100,240,True
2008/5/16,11.05,11.05,17.49,b乙↗上82.A6,2栅.Bc龙管栅.主,升.尾连OQ.Q2,高,金升b↗.2栅.Bc龙管栅.主,6,46,101,241,True
2008/5/23,-9.41,-9.41,1.23,b乙↗上83.A7,2栅.Bc龙管栅.主,升.尾反孕Qv,,金升b↗.2栅.Bc龙管栅.主,7,47,102,242,True
2008/5/30,2.62,2.62,9.63,b乙↗上84.A8,0橅.Aa龙猪.主,(升)人.孕孕vo,,金升b↗.0橅.Aa龙猪.主,8,48,103,243,True
2008/6/6,-0.25,-0.25,1.67,b乙↗上85.A9,0橅.Fa震正〇.主,(人)人.孕孕vo,,金升b↗.0橅.Fa震正〇.主,9,49,104,244,True
2008/6/13,-7.93,-7.93,-0.69,b乙→中86.Y,5蛀.Fe震正根.主,跌.尾连vW.W2,,金升b→.5蛀.Fe震正根.主,-1,50,105,245,True
2008/6/20,3.21,3.21,5.19,b乙→中87.Z-2,5蛀.Fe震正根.主,跌.尾反孕Wo,,金升b→.5蛀.Fe震正根.主,-2,51,106,246,True
2008/6/27,-0.93,-0.93,9.12,b乙→中88.Z-3,5蛀.Fe震正根.主,(跌)人.孕孕ov,,金升b→.5蛀.Fe震正根.主,-3,52,107,247,True
2008/7/4,3.35,3.35,5.49,b乙↗上89.I暂,4暂.Fd震正芽.主,升.尾吞vO,,金升b↗.4暂.Fd震正芽.主,1,53,108,248,True
2008/7/11,-7.74,-7.74,2.23,c丙↘下90.Y暂,5暂.Fe震正根.破,(升)人.吞吞vOV,,金升c↘.被3v,-1,-1,109,249,True
2008/7/18,2.96,2.96,9.43,c丙↘下91.Z-2暂,5暂.Fe震正根.破,(升)人.吞吞vOVo,,金升c↘.被3v,-2,-2,110,250,True
2008/7/25,-2.82,-2.82,4,z丁↘忑-1.Z-3暂,5暂.Ff震负.破,跌.尾吞oV,,金升z↘.警3w,-3,-3,111,251,True
2008/8/1,-11.84,-11.84,0.77,z丁↘忑-2.Z-4,9妩.__Aa龙猪._破,跌.尾连VW.W2,,嘘待z↘,-4,-4,-1,252,True
2008/8/8,-13.99,-13.99,2.18,z丁↘忑-3.Z-5,9妩.__Aa龙猪._初,跌.尾连WW.W3,,嘘待z↘,-5,-5,-2,253,True
2008/8/15,-12,-12,2.39,z丁↘忑-4.Z-6,9妩.__Aa龙猪._初,跌.尾连WW.W4,,尿降z↘,-6,-6,-3,254,True
2008/8/22,-18.16,-18.16,1.81,z丁↘忑-5.Z-7,9妩.__Aa龙猪._初,跌.尾连WW.W5,,尿降z↘,-7,-7,-4,255,True
2008/8/29,-16.47,-16.47,-0.1,z丁↘忑-6.Z-8,9妩.__Aa龙猪._初,跌.尾连WW.W6,,尿降z↘,-8,-8,-5,256,True
2008/9/5,-15.63,-15.63,6.01,z丁↘忑-7.Z-9,9妩.__Aa龙猪._初,跌.尾连WW.W7,,尿降z↘,-9,-9,-6,257,True
2008/9/12,5.13,5.13,7.98,z丁↘忑-8.Z-10,9妩.__Aa龙猪._初,跌.尾反孕Wo,,尿降z↘,-10,-10,-7,258,True
2008/9/19,13.69,13.69,13.69,z丁↘忑-9.Z-11,7姗.__Bd龙管杂._主,升.尾连oQ.Q2,,尿降z↘,-11,-11,-8,259,True
2008/9/26,8.58,8.58,16.09,z丁↘忑-10.Z-12,6娝.__Bc龙管栅._主,升.尾连QQ.Q3,,尿降z↘,-12,-12,-9,260,True
2008/10/10,-22.5,-22.5,-4.83,z丁↘忑-11.Z-13,6娝.__Fa震正〇._主,(升)人.连后吞QV,,尿降z↘,-13,-13,-10,261,True
2008/10/17,-21.25,-21.25,4.67,z丁↘忑-12.Z-14,6娝.__Bc龙管栅._主,跌.尾连VW.W2,,尿降z↘,-14,-14,-11,262,True
2008/10/24,20.5,20.5,25.36,z丁↘忑-13.Z-15,7姗.__Bd龙管杂._主,跌.尾反孕Wo,,尿降z↘,-15,-15,-12,263,True
2008/10/31,-13.73,-13.73,-0.75,z丁↘忑-14.Z-16,9妩.__Aa龙猪._主,(跌)人.孕孕ov,,尿降z↘,-16,-16,-13,264,True
2008/11/7,7.44,7.44,14.71,z丁↘忑-15.Z-17,9妩.__Fa震正〇._主,(人)人.孕孕vo,,屎降z↘,-17,-17,-14,265,True
2008/11/14,27.86,27.86,32.37,y戊↘忠-16.I,4蛀.__Fe震正根._主,升.尾连oQ.Q2,,屎降y↘,1,-18,-15,266,True
2008/11/21,16.25,16.25,21.41,r己↗忐-17.B2,4蛀.__Fe震正根.储,升.尾连QQ.Q3,,屎降r↗.4蛀.__Fe震正根.储.魅6v,2,1,-16,267,True
2008/11/28,-12.78,-12.78,0.87,y戊↘忠-18.B3,4蛀.__Fe震正根._再B,升.尾反孕Qv,,屎降y↘,3,-1,-17,268,True
2008/12/5,25.84,25.84,27.33,r己↗忐-19.A4,0橅.__Fe震正根.储,升.尾吞vO,,屎降r↗.0橅.__Fe震正根.储.魅6v,4,1,-18,269,True
2008/12/12,-7.01,-7.01,6.71,r己↗忐-20.A5,0橅.__Fe震正根.储,升.尾反孕vOv,,屎降r↗.0橅.__Fe震正根.储.魅6v,5,2,-19,270,True
2008/12/19,5.1,5.1,8.81,a甲↗上1.A6,0橅.__Ff震负.储,(升)人.孕孕vo,,屎降a↗.0橅.__Ff震负.储.魅6w,6,3,-20,271,True
2008/12/26,-13.13,-13.13,2.02,b乙→中2.Y,5蛀.__Ff震负._再C,跌.尾吞oV,,屎降b→.5蛀.__Ff震负._再C.魅6h,-1,4,-21,272,True
2008/12/31,-5,-5,-1.05,z丁↘忑-1.Z-2,5蛀.__Fa震正〇._再C,跌.尾连VW.W2,,屎降z↘,-2,-1,-22,273,True
2009/1/9,10.4,10.4,13.1,z丁↘忑-2.Z-3,5蛀.__Fa震正〇._再C,(跌)人.连后吞WO,,屎降z↘,-3,-2,-23,274,True
2009/1/16,1.33,1.33,5.88,a甲↗上1.I暂,4暂.__Ff震负.储,升.尾连OQ.Q2,,屎降a↗.4暂.__Ff震负.储.魅6w,1,1,-24,275,True
2009/1/23,5.14,5.14,5.25,a甲↗上2.B2暂,4暂.__Ff震负.储,升.尾连QQ.Q3,,屎降a↗.4暂.__Ff震负.储.魅6w,2,2,-25,276,True
2009/2/6,9.47,9.47,12.8,a甲↗上3.B3暂,4暂.Aa龙猪.储,升.尾连QQ.Q4,连4,唏待a↗.4暂.Aa龙猪.储,3,3,1,277,True
2009/2/13,3.99,3.99,15.97,a甲↗上4.A4,0橅.Aa龙猪.储,升.尾连QQ.Q5,宽高连5,唏待a↗.0橅.Aa龙猪.储,4,4,2,278,True
2009/2/19,-2.1,-2.1,2.47,a甲↗上5.A5,0橅.Aa龙猪.初,升.尾反孕Qv,,银升a↗.0橅.Aa龙猪.初,5,5,3,279,True
2009/2/27,-13.35,-13.35,4.95,b乙→中6.Y,5蛀.__Ff震负._再D,跌.尾连vW.W2,,屎降b→.5蛀.__Ff震负._再D.魅6h,-1,6,-1,280,True
2009/3/6,2.26,2.26,11.64,c丙↘下7.Z-2,5蛀.__Df头负._再D,跌.尾反孕Wo,,屎降c↘.逃5I,-2,-1,-2,281,True
2009/3/13,0.95,0.95,3.79,c丙↘下8.Z-3,5蛀.__Df头负._再D,升.尾连oQ.Q2,,屎降c↘.逃5I,-3,-2,-3,282,True
2009/3/20,14.3,14.3,15.45,b乙↗上9.I暂,4暂.Dd头正芽.储,升.尾连QQ.Q3,高连3,唏待b↗.4暂.Dd头正芽.储,1,1,1,283,True
2009/3/27,2.92,2.92,6.03,b乙↗上10.B2暂,4暂.Dd头正芽.初,升.尾连QQ.Q4,连4,银升b↗.4暂.Dd头正芽.初,2,2,2,284,True
2009/4/3,6.21,6.21,9.41,b乙↗上11.B3暂,4暂.Aa龙猪.初,升.尾连QQ.Q5,连5,银升b↗.4暂.Aa龙猪.初,3,3,3,285,True
2009/4/10,-3.84,-3.84,0.67,b乙↗上12.A4,0橅.Aa龙猪.初,升.尾反孕Qv,,银升b↗.0橅.Aa龙猪.初,4,4,4,286,True
2009/4/16,2.87,2.87,5.65,b乙↗上13.A5,0橅.Aa龙猪.初,(升)人.孕孕vo,,银升b↗.0橅.Aa龙猪.初,5,5,5,287,True
2009/4/24,-11.32,-11.32,-1.18,b乙→中14.Y,5蛀.Fe震正根.初,跌.尾吞oV,,银升b→.5蛀.Fe震正根.初,-1,6,6,288,True
2009/4/30,-0.67,-0.67,0.86,c丙↘下15.Z-2,5蛀.Fe震正根.破,跌.尾连VW.W2,,唏待c↘.被3v,-2,-1,7,289,True
2009/5/8,-1.25,-1.25,8.72,c丙↘下16.Z-3,5蛀.__Df头负._破,跌.尾连WW.W3,,屎降c↘.逃4v,-3,-2,-1,290,True
2009/5/15,-2.23,-2.23,-0.49,c丙↘下17.Z-4,9妩.__Df头负._破,跌.尾连WW.W4,,屎降c↘.逃4v,-4,-3,-2,291,True
2009/5/22,0,0,6.55,z丁↘忑-1.Z-5,9妩.__Fa震正〇._初,跌.尾反孕Wo,,屎降z↘,-5,-4,-3,292,True
2009/5/27,-3.57,-3.57,-1.99,z丁↘忑-2.Z-6,9妩.__Aa龙猪._初,跌.尾吞oV,,屎降z↘,-6,-5,-4,293,True
2009/6/5,15.35,15.35,19.98,r己↗忐-3.I,4蛀.Df头负.再D,(跌)人.吞吞oVO,高,银升r↗.4蛀.Df头负.再D.口2i,1,1,1,294,True
2009/6/12,-2.5,-2.5,2.41,a甲↗上1.B2,4蛀.Dd头正芽.初,(跌)人.吞吞oVOv,,银升a↗.4蛀.Dd头正芽.初,2,2,2,295,True
2009/6/19,-0.73,-0.73,5.49,a甲↗上2.B3,4蛀.Dd头正芽.初,跌.尾连vW.W2,,银升a↗.4蛀.Dd头正芽.初,3,3,3,296,True
2009/6/26,-1.85,-1.85,1.75,a甲↗上3.A4,3桮.Dd头正芽.初,跌.尾连WW.W3,,银升a↗.3桮.Dd头正芽.初,4,4,4,297,True
2009/7/3,5.92,5.92,6.58,a甲↗上4.A5,3桮.Dd头正芽.再D,(跌)人.连后吞WO,,银升a↗.3桮.Dd头正芽.再D,5,5,5,298,True
2009/7/10,19.17,19.17,21.65,a甲↗上5.A6,3桮.Bb龙管杂.主,升.尾连OQ.Q2,高,银升a↗.3桮.Bb龙管杂.主,6,6,6,299,True
2009/7/17,-4.47,-4.47,4.17,a甲↗上6.A7,2栅.Bc龙管栅.主,升.尾反孕Qv,,金升a↗.2栅.Bc龙管栅.主,7,7,7,300,True
2009/7/24,4.29,4.29,13.02,a甲↗上7.A8,0橅.Aa龙猪.主,升.尾吞vO,,金升a↗.0橅.Aa龙猪.主,8,8,8,301,True
2009/7/31,-8.67,-8.67,3.81,a甲↗上8.A9,1柜.Aa龙猪.主,(升)人.吞吞vOV,,金升a↗.1柜.Aa龙猪.主,9,9,9,302,True
2009/8/7,-0.9,-0.9,13.18,b乙→中9.Y,5蛀.Be龙管根.主,跌.尾连VW.W2,,金升b→.5蛀.Be龙管根.主,-1,10,10,303,True
2009/8/14,-4.87,-4.87,4.62,c丙↘下10.Z-2,5蛀.Fe震正根.破,跌.尾连WW.W3,,金升c↘.被3v,-2,-1,11,304,True
2009/8/21,-6.08,-6.08,-1.65,c丙↘下11.Z-3,5蛀.__Df头负._破,跌.尾连WW.W4,,嘘待c↘.逃4v,-3,-2,-1,305,True
2009/8/28,-4.53,-4.53,5.82,z丁↘忑-1.Z-4,9妩.__Aa龙猪._破,跌.尾连WW.W5,,尿降z↘,-4,-3,-2,306,True
2009/9/4,-1.84,-1.84,1.45,z丁↘忑-2.Z-5,9妩.__Aa龙猪._初,跌.尾连WW.W6,,尿降z↘,-5,-4,-3,307,True
2009/9/11,1.18,1.18,3.55,z丁↘忑-3.Z-6,8姖.__Aa龙猪._初,(跌)人.连后吞WO,,尿降z↘,-6,-5,-4,308,True
2009/9/18,0.68,0.68,6.82,z丁↘忑-4.Z-7,7姗.__Bd龙管杂._初,升.尾连OQ.Q2,,尿降z↘,-7,-6,-5,309,True
2009/9/25,-9.78,-9.78,-0.1,z丁↘忑-5.Z-8,7姗.__Fa震正〇._初,(升)人.连后吞QV,,尿降z↘,-8,-7,-6,310,True
2009/9/30,-1.82,-1.82,1.93,z丁↘忑-6.Z-9,7姗.__Bd龙管杂._初,跌.尾连VW.W2,,屎降z↘,-9,-8,-7,311,True
2009/10/9,3.39,3.39,4.04,z丁↘忑-7.Z-10,7姗.__Bd龙管杂._初,(跌)人.连后吞WO,,屎降z↘,-10,-9,-8,312,True
2009/10/16,-2.54,-2.54,2.11,z丁↘忑-8.Z-11,8姖.__Aa龙猪._初,(跌)人.连后吞WOv,,屎降z↘,-11,-10,-9,313,True
2009/10/23,17.25,17.25,19.31,r己↗忐-9.I,4蛀.__Fe震正根.储,升.尾吞vO,,屎降r↗.4蛀.__Fe震正根.储.魅6v,1,1,-10,314,True
2009/10/30,-9.81,-9.81,0.74,y戊↘忠-10.B2,4蛀.__Fe震正根._再B,升.尾反孕vOv,,屎降y↘,2,-1,-11,315,True
2009/11/6,10.87,10.87,13.95,r己↗忐-11.B3,4蛀.__Fe震正根.储,升.尾吞vO,,屎降r↗.4蛀.__Fe震正根.储.魅6v,3,1,-12,316,True
2009/11/13,6.38,6.38,10.36,a甲↗上1.A4,0橅.Aa龙猪.储,升.尾连OQ.Q2,,银升a↗.0橅.Aa龙猪.储,4,2,1,317,True
2009/11/20,8.09,8.09,9.04,a甲↗上2.A5,0橅.Aa龙猪.初,升.尾连QQ.Q3,连3,银升a↗.0橅.Aa龙猪.初,5,3,2,318,True
2009/11/27,-9.33,-9.33,2.9,a甲↗上3.A6,1柜.Aa龙猪.初,(升)人.连后吞QV,,银升a↗.1柜.Aa龙猪.初,6,4,3,319,True
2009/12/4,2.4,2.4,8.7,a甲↗上4.A7,1柜.Aa龙猪.初,(升)人.连后吞QVo,,银升a↗.1柜.Aa龙猪.初,7,5,4,320,True
2009/12/11,-2.17,-2.17,2.51,a甲↗上5.A8,1柜.Aa龙猪.初,(人)人.孕孕vo,,金升a↗.1柜.Aa龙猪.初,8,6,5,321,True
2009/12/18,-10.36,-10.36,2.13,c丙↘下6.Y,5蛀.__Df头负._破,跌.尾连vW.W2,,尿降c↘.逃4v,-1,-1,-1,322,True
2009/12/25,-1.88,-1.88,2.57,z丁↘忑-1.Z-2,5蛀.__Fa震正〇._初,跌.尾连WW.W3,,屎降z↘,-2,-2,-2,323,True
2009/12/31,6.75,6.75,8.56,z丁↘忑-2.Z-3,5蛀.__Fa震正〇._初,(跌)人.连后吞WO,,屎降z↘,-3,-3,-3,324,True
2010/1/8,8.58,8.58,10.38,a甲↗上1.I暂,4暂.Dd头正芽.初,升.尾连OQ.Q2,,银升a↗.4暂.Dd头正芽.初,1,1,1,325,True
2010/1/15,4,4,5.39,a甲↗上2.B2暂,4暂.Dd头正芽.初,升.尾连QQ.Q3,连3,金升a↗.4暂.Dd头正芽.初,2,2,2,326,True
2010/1/22,-11.61,-11.61,4.26,b乙→中3.Y暂,5暂.De头正根.初,(升)人.连后吞QV,,金升b→.5暂.De头正根.初,-1,3,3,327,True
2010/1/29,-1.89,-1.89,1.23,c丙↘下4.Z-2暂,5暂.__Df头负._破,跌.尾连VW.W2,,尿降c↘.逃4v,-2,-1,-1,328,True
2010/2/12,-2.7,-2.7,4.43,z丁↘忑-1.Z-3暂,5暂.__Fa震正〇._初,跌.尾连WW.W3,,屎降z↘,-3,-2,-2,329,True
2010/2/26,6.14,6.14,7.92,z丁↘忑-2.Z-4,9妩.__Fa震正〇._初,跌.尾反孕Wo,,屎降z↘,-4,-3,-3,330,True
2010/3/5,-2.89,-2.89,6.72,z丁↘忑-3.Z-5,9妩.__Fa震正〇._初,(跌)人.孕孕ov,,屎降z↘,-5,-4,-4,331,True
2010/3/12,-4.71,-4.71,2.11,z丁↘忑-4.Z-6,9妩.__Fa震正〇._初,跌.尾连vW.W2,,屎降z↘,-6,-5,-5,332,True
2010/3/19,3.53,3.53,3.63,z丁↘忑-5.Z-7,9妩.__Fa震正〇._主,跌.尾反孕Wo,,屎降z↘,-7,-6,-6,333,True
2010/3/26,-4.09,-4.09,1.85,z丁↘忑-6.Z-8,9妩.__Fa震正〇._主,跌.尾吞oV,,屎降z↘,-8,-7,-7,334,True
2010/4/2,1.52,1.52,2.44,z丁↘忑-7.Z-9,9妩.__Fa震正〇._主,跌.尾反孕oVo,,屎降z↘,-9,-8,-8,335,True
2010/4/9,-1.1,-1.1,0.8,z丁↘忑-8.Z-10,9妩.__Fa震正〇._主,跌.尾吞oV,,屎降z↘,-10,-9,-9,336,True
2010/4/16,1.31,1.31,5.66,z丁↘忑-9.Z-11,8姖.__Fa震正〇._主,(跌)人.吞吞oVO,,屎降z↘,-11,-10,-10,337,True
2010/4/23,-1.5,-1.5,1,z丁↘忑-10.Z-12,8姖.__Aa龙猪._主,(人)人.吞吞* OV,,屎降z↘,-12,-11,-11,338,True
2010/4/30,-13.07,-13.07,4.05,z丁↘忑-11.Z-13,8姖.__Aa龙猪._主,跌.尾连VW.W2,,屎降z↘,-13,-12,-12,339,True
2010/5/6,-4.2,-4.2,1.17,z丁↘忑-12.Z-14,8姖.__Aa龙猪._主,跌.尾连WW.W3,,屎降z↘,-14,-13,-13,340,True
2010/5/14,-13.26,-13.26,4.26,z丁↘忑-13.Z-15,9妩.__Aa龙猪._主,跌.尾连WW.W4,,屎降z↘,-15,-14,-14,341,True
2010/5/21,3.79,3.79,3.79,z丁↘忑-14.Z-16,9妩.__Aa龙猪._主,跌.尾反孕Wo,,屎降z↘,-16,-15,-15,342,True
2010/5/28,5.41,5.41,9.73,z丁↘忑-15.Z-17,7姗.__Bd龙管杂._主,升.尾连oQ.Q2,,屎降z↘,-17,-16,-16,343,True
2010/6/4,-10.77,-10.77,2.56,z丁↘忑-16.Z-18,7姗.__Bd龙管杂._主,(升)人.连后吞QV,,屎降z↘,-18,-17,-17,344,True
2010/6/11,1.87,1.87,4.6,z丁↘忑-17.Z-19,7姗.__Fa震正〇._主,(升)人.连后吞QVo,,屎降z↘,-19,-18,-18,345,True
2010/6/18,-4.37,-4.37,1.55,z丁↘忑-18.Z-20,7姗.__Fa震正〇._主,跌.尾吞oV,,屎降z↘,-20,-19,-19,346,True
2010/6/25,8.26,8.26,15.04,z丁↘忑-19.Z-21,8姖.__Fa震正〇._主,(跌)人.吞吞oVO,,屎降z↘,-21,-20,-20,347,True
2010/7/2,-16.21,-16.21,3.95,z丁↘忑-20.Z-22,8姖.__Aa龙猪._主,(人)人.吞吞* OV,,屎降z↘,-22,-21,-21,348,True
2010/7/9,12.36,12.36,15.28,z丁↘忑-21.Z-23,8姖.__Aa龙猪._主,(人)人.吞吞* OV,,屎降z↘,-23,-22,-22,349,True
2010/7/16,-3.04,-3.04,2.46,z丁↘忑-22.Z-24,8姖.__Aa龙猪._主,(人)人.孕孕vo,,屎降z↘,-24,-23,-23,350,True
2010/7/23,8.51,8.51,10.75,y戊↘忠-23.I,4蛀.__Fe震正根._主,升.尾吞vO,,屎降y↘,1,-24,-24,351,True
2010/7/30,3.03,3.03,5.78,y戊↘忠-24.B2,4蛀.__Fe震正根._主,升.尾连OQ.Q2,,屎降y↘,2,-25,-25,352,True
2010/8/6,11.88,11.88,12.15,r己↗忐-25.B3,4蛀.__Fe震正根.储,升.尾连QQ.Q3,,屎降r↗.4蛀.__Fe震正根.储.魅6v,3,1,-26,353,True
2010/8/13,3.1,3.1,9.9,a甲↗上1.A4,0橅.Aa龙猪.储,升.尾连QQ.Q4,连4,唏待a↗.0橅.Aa龙猪.储,4,2,1,354,True
2010/8/20,1.97,1.97,9.95,a甲↗上2.A5,0橅.Aa龙猪.储,升.尾连QQ.Q5,连5,唏待a↗.0橅.Aa龙猪.储,5,3,2,355,True
2010/8/27,2.16,2.16,2.95,a甲↗上3.A6,0橅.Aa龙猪.储,升.尾连QQ.Q6,连6,唏待a↗.0橅.Aa龙猪.储,6,4,3,356,True
2010/9/3,11.22,11.22,16.67,a甲↗上4.A7,0橅.Aa龙猪.初,升.尾连QQ.Q7,高连7,银升a↗.0橅.Aa龙猪.初,7,5,4,357,True
2010/9/10,4,4,9.49,a甲↗上5.A8,0橅.Aa龙猪.初,升.尾连QQ.Q8,连8,银升a↗.0橅.Aa龙猪.初,8,6,5,358,True
2010/9/17,-3.94,-3.94,3.17,a甲↗上6.A9,1柜.Aa龙猪.初,(升)人.连后吞QV,,银升a↗.1柜.Aa龙猪.初,9,7,6,359,True
2010/9/21,-0.9,-0.9,2.2,a甲↗上7.A10,2栅.Bc龙管栅.初,跌.尾连VW.W2,,银升a↗.2栅.Bc龙管栅.初,10,8,7,360,True
2010/9/30,1.41,1.41,4.54,a甲↗上8.A11,2栅.Fa震正〇.初,跌.尾反孕Wo,,银升a↗.2栅.Fa震正〇.初,11,9,8,361,True
2010/10/8,6.57,6.57,8.06,a甲↗上9.A12,2栅.Fa震正〇.初,升.尾连oQ.Q2,,银升a↗.2栅.Fa震正〇.初,12,10,9,362,True
2010/10/15,20.82,20.82,24.46,a甲↗上10.A13,2栅.Bc龙管栅.主,升.尾连QQ.Q3,宽高连3,银升a↗.2栅.Bc龙管栅.主,13,11,10,363,True
2010/10/22,-8.96,-8.96,-2.01,a甲↗上11.A14,0橅.Aa龙猪.主,升.尾反孕Qv,,银升a↗.0橅.Aa龙猪.主,14,12,11,364,True
2010/10/29,9.76,9.76,13.92,a甲↗上12.A15,0橅.Aa龙猪.主,升.尾吞vO,,银升a↗.0橅.Aa龙猪.主,15,13,12,365,True
2010/11/5,13.07,13.07,15.39,a甲↗上13.A16,0橅.Aa龙猪.主,升.尾连OQ.Q2,高,金升a↗.0橅.Aa龙猪.主,16,14,13,366,True
2010/11/12,-13.34,-13.34,2.19,a甲↗上14.A17,1柜.Aa龙猪.主,(升)人.连后吞QV,,金升a↗.1柜.Aa龙猪.主,17,15,14,367,True
2010/11/19,-12.94,-12.94,0.63,b乙→中15.Y,5蛀.Be龙管根.主,跌.尾连VW.W2,宽,金升b→.5蛀.Be龙管根.主,-1,16,15,368,True
2010/11/26,5.08,5.08,6.07,b乙→中16.Z-2,5蛀.Be龙管根.主,跌.尾反孕Wo,宽,金升b→.5蛀.Be龙管根.主,-2,17,16,369,True
2010/12/3,-8.37,-8.37,-0.26,c丙↘下17.Z-3,5蛀.Fe震正根.破,跌.尾吞oV,宽,金升c↘.被3v,-3,-1,17,370,True
2010/12/10,-3.11,-3.11,2.26,c丙↘下18.Z-4,9妩.Fe震正根.破,跌.尾连VW.W2,宽,金升c↘.被3v,-4,-2,18,371,True
2010/12/17,11.47,11.47,14.67,c丙↘下19.Z-5,8姖.Fe震正根.破,(跌)人.连后吞WO,,金升c↘.被3v,-5,-3,19,372,True
2010/12/24,-3.4,-3.4,9.33,c丙↘下20.Z-6,8姖.Fe震正根.破,(跌)人.连后吞WOv,,金升c↘.被3v,-6,-4,20,373,True
2010/12/31,7.31,7.31,8.48,b乙↗上21.I,4蛀.Dd头正芽.再B,升.尾吞vO,,金升b↗.4蛀.Dd头正芽.再B,1,1,21,374,True
2011/1/7,0.59,0.59,4.12,b乙↗上22.B2,4蛀.Dd头正芽.再B,升.尾连OQ.Q2,,金升b↗.4蛀.Dd头正芽.再B,2,2,22,375,True
2011/1/14,-11.54,-11.54,1.76,c丙↘下23.Y暂,5暂.Fe震正根.破,(升)人.连后吞QV,,金升c↘.被3v,-1,-1,23,376,True
2011/1/21,-11.06,-11.06,0,z丁↘忑-1.Z-2暂,5暂.__Aa龙猪._破,跌.尾连VW.W2,,尿降z↘,-2,-2,-1,377,True
2011/1/28,3.08,3.08,4.78,z丁↘忑-2.Z-3暂,5暂.__Aa龙猪._初,跌.尾反孕Wo,,尿降z↘,-3,-3,-2,378,True
2011/2/1,3.61,3.61,4.33,z丁↘忑-3.Z-4,7姗.__Bd龙管杂._初,升.尾连oQ.Q2,,尿降z↘,-4,-4,-3,379,True
2011/2/11,6.37,6.37,7.86,y戊↘忠-4.I,4蛀.__Be龙管根._初,升.尾连QQ.Q3,,嘘待y↘,1,-5,-4,380,True
2011/2/18,4.02,4.02,9.54,r己↗忐-5.B2,4蛀.Df头负.再D,升.尾连QQ.Q4,连4,金升r↗.4蛀.Df头负.再D.口2i,2,1,1,381,True
2011/2/25,0.27,0.27,4.77,r己↗忐-6.B3,4蛀.Df头负.再D,升.尾连QQ.Q5,连5,金升r↗.4蛀.Df头负.再D.口2I,3,2,2,382,True
2011/3/4,2.96,2.96,9.87,a甲↗上1.A4,0橅.Dd头正芽.再D,升.尾连QQ.Q6,连6,金升a↗.0橅.Dd头正芽.再D,4,3,3,383,True
2011/3/11,-0.44,-0.44,5.31,a甲↗上2.A5,0橅.Dd头正芽.再D,升.尾反孕Qv,,金升a↗.0橅.Dd头正芽.再D,5,4,4,384,True
2011/3/18,-7.09,-7.09,-0.87,c丙↘下3.Y,5蛀.Fe震正根.破,跌.尾连vW.W2,,金升c↘.被3v,-1,-1,5,385,True
2011/3/25,2.45,2.45,2.73,c丙↘下4.Z-2,5蛀.Fe震正根.破,跌.尾反孕Wo,,金升c↘.被3v,-2,-2,6,386,True
2011/4/1,-5.15,-5.15,1.38,z丁↘忑-1.Z-3,5蛀.__Fa震正〇._破,跌.尾吞oV,,嘘待z↘,-3,-3,-1,387,True
2011/4/8,12.69,12.69,15.12,a甲↗上1.I暂,4暂.Dd头正芽.再D,(跌)人.吞吞oVO,高,金升a↗.4暂.Dd头正芽.再D,1,1,1,388,True
2011/4/15,8.51,8.51,9.97,a甲↗上2.B2暂,4暂.Aa龙猪.再D,升.尾连OQ.Q2,,金升a↗.4暂.Aa龙猪.再D,2,2,2,389,True
2011/4/22,-8.64,-8.64,0.79,a甲↗上3.B3暂,4暂.Aa龙猪.再D,(升)人.连后吞QV,,金升a↗.4暂.Aa龙猪.再D,3,3,3,390,True
2011/4/29,-1.13,-1.13,3.64,a甲↗上4.A4,2栅.Bc龙管栅.再C,跌.尾连VW.W2,,金升a↗.2栅.Bc龙管栅.再C,4,4,4,391,True
2011/5/6,-4.3,-4.3,6.4,c丙↘下5.Y,5蛀.Fe震正根.破,跌.尾连WW.W3,,金升c↘.被3v,-1,-1,5,392,True
2011/5/13,14.67,14.67,18.15,b乙↗上6.I暂,4暂.Aa龙猪.再B,(跌)人.连后吞WO,高,金升b↗.4暂.Aa龙猪.再B,1,1,6,393,True
2011/5/20,0.32,0.32,5.28,b乙↗上7.B2暂,4暂.Aa龙猪.再B,升.尾连OQ.Q2,,金升b↗.4暂.Aa龙猪.再B,2,2,7,394,True
2011/5/27,-7.41,-7.41,-1.35,b乙↗上8.B3暂,4暂.Aa龙猪.再B,(升)人.连后吞QV,,金升b↗.4暂.Aa龙猪.再B,3,3,8,395,True
2011/6/3,9.21,9.21,10.33,b乙↗上9.A4,1柜.Aa龙猪.再B,(人)人.吞吞* VO,,金升b↗.1柜.Aa龙猪.再B,4,4,9,396,True
2011/6/9,-5.83,-5.83,1.73,b乙↗上10.A5,1柜.Fa震正〇.主,(人)人.吞吞* VO,,金升b↗.1柜.Fa震正〇.主,5,5,10,397,True
2011/6/17,1.76,1.76,14.9,b乙↗上11.A6,1柜.Aa龙猪.主,(人)人.孕孕vo,,金升b↗.1柜.Aa龙猪.主,6,6,11,398,True
2011/6/24,5.67,5.67,7.65,b乙↗上12.A7,0橅.Aa龙猪.主,升.尾连oQ.Q2,,金升b↗.0橅.Aa龙猪.主,7,7,12,399,True
2011/7/1,7,7,10.66,b乙↗上13.A8,0橅.Aa龙猪.主,升.尾连QQ.Q3,连3,金升b↗.0橅.Aa龙猪.主,8,8,13,400,True
2011/7/8,2.84,2.84,7.35,b乙↗上14.A9,0橅.Aa龙猪.主,升.尾连QQ.Q4,连4,金升b↗.0橅.Aa龙猪.主,9,9,14,401,True
2011/7/15,-0.42,-0.42,3.68,b乙↗上15.A10,0橅.Aa龙猪.主,升.尾反孕Qv,,金升b↗.0橅.Aa龙猪.主,10,10,15,402,True
2011/7/22,-7.17,-7.17,5.18,b乙↗上16.A11,2栅.Bc龙管栅.主,跌.尾连vW.W2,,金升b↗.2栅.Bc龙管栅.主,11,11,16,403,True
2011/7/29,-0.84,-0.84,4.44,b乙→中17.Y,5蛀.Be龙管根.主,跌.尾连WW.W3,,金升b→.5蛀.Be龙管根.主,-1,12,17,404,True
2011/8/5,-4.78,-4.78,1.16,c丙↘下18.Z-2,5蛀.Fe震正根.破,跌.尾连WW.W4,,金升c↘.被3v,-2,-1,18,405,True
2011/8/12,-2.11,-2.11,-0.24,c丙↘下19.Z-3,5蛀.Fe震正根.破,跌.尾连WW.W5,,金升c↘.被3v,-3,-2,19,406,True
2011/8/19,-0.99,-0.99,5.55,z丁↘忑-1.Z-4,9妩.__Aa龙猪._破,跌.尾连WW.W6,,嘘待z↘,-4,-3,-1,407,True
2011/8/26,4.52,4.52,5.69,z丁↘忑-2.Z-5,8姖.Ff震负.破,(跌)人.连后吞WO,,金升z↘.警3w,-5,-4,1,408,True
2011/9/2,-6.72,-6.72,3.2,z丁↘忑-3.Z-6,8姖.__Fa震正〇._破,(人)人.吞吞* OV,,嘘待z↘,-6,-5,-1,409,True
2011/9/9,2.4,2.4,4.29,z丁↘忑-4.Z-7,8姖.__Fa震正〇._破,(人)人.吞吞* OV,,嘘待z↘,-7,-6,-2,410,True
2011/9/16,-0.25,-0.25,2.6,z丁↘忑-5.Z-8,8姖.__Fa震正〇._初,(人)人.孕孕vo,,嘘待z↘,-8,-7,-3,411,True
2011/9/23,-7.72,-7.72,-0.17,z丁↘忑-6.Z-9,9妩.__Aa龙猪._初,跌.尾连vW.W2,,尿降z↘,-9,-8,-4,412,True
2011/9/30,-10.19,-10.19,0.73,z丁↘忑-7.Z-10,9妩.__Aa龙猪._初,跌.尾连WW.W3,,尿降z↘,-10,-9,-5,413,True
2011/10/14,3.24,3.24,3.75,z丁↘忑-8.Z-11,9妩.__Aa龙猪._初,跌.尾反孕Wo,,尿降z↘,-11,-10,-6,414,True
2011/10/21,-12.76,-12.76,1.28,z丁↘忑-9.Z-12,9妩.__Aa龙猪._初,跌.尾吞oV,,尿降z↘,-12,-11,-7,415,True
2011/10/28,9.11,9.11,9.79,z丁↘忑-10.Z-13,9妩.__Aa龙猪._初,跌.尾反孕oVo,,尿降z↘,-13,-12,-8,416,True
2011/11/4,5.67,5.67,6.8,z丁↘忑-11.Z-14,7姗.__Bd龙管杂._主,升.尾连oQ.Q2,,尿降z↘,-14,-13,-9,417,True
2011/11/11,-4.1,-4.1,1.27,z丁↘忑-12.Z-15,7姗.__Bd龙管杂._主,升.尾反孕Qv,,尿降z↘,-15,-14,-10,418,True
2011/11/18,-4.68,-4.68,3.97,z丁↘忑-13.Z-16,7姗.__Fa震正〇._主,跌.尾连vW.W2,,屎降z↘,-16,-15,-11,419,True
2011/11/25,-2.77,-2.77,0.85,z丁↘忑-14.Z-17,7姗.__Fa震正〇._主,跌.尾连WW.W3,,屎降z↘,-17,-16,-12,420,True
2011/12/2,1.21,1.21,8.45,z丁↘忑-15.Z-18,9妩.__Fa震正〇._主,跌.尾反孕Wo,,屎降z↘,-18,-17,-13,421,True
2011/12/9,-2.28,-2.28,1.52,z丁↘忑-16.Z-19,9妩.__Aa龙猪._主,跌.尾吞oV,,屎降z↘,-19,-18,-14,422,True
2011/12/15,-16.43,-16.43,1.33,z丁↘忑-17.Z-20,9妩.__Aa龙猪._主,跌.尾连VW.W2,,屎降z↘,-20,-19,-15,423,True
2011/12/23,1.2,1.2,5.98,z丁↘忑-18.Z-21,9妩.__Aa龙猪._主,跌.尾反孕Wo,,屎降z↘,-21,-20,-16,424,True
2011/12/30,2.49,2.49,4.72,z丁↘忑-19.Z-22,7姗.__Bd龙管杂._主,升.尾连oQ.Q2,,屎降z↘,-22,-21,-17,425,True
2012/1/6,-11.27,-11.27,1.02,z丁↘忑-20.Z-23,7姗.__Bd龙管杂._主,(升)人.连后吞QV,,屎降z↘,-23,-22,-18,426,True
2012/1/13,16.02,16.02,20.49,z丁↘忑-21.Z-24,7姗.__Bd龙管杂._主,(人)人.吞吞* VO,,屎降z↘,-24,-23,-19,427,True
2012/1/20,1.87,1.87,7.96,y戊↘忠-22.I,4蛀.__Be龙管根._主,升.尾连OQ.Q2,,屎降y↘,1,-24,-20,428,True
2012/2/3,3.91,3.91,5.13,y戊↘忠-23.B2,4蛀.__Fe震正根._主,升.尾连QQ.Q3,,屎降y↘,2,-25,-21,429,True
2012/2/10,1.41,1.41,2.94,y戊↘忠-24.B3,4蛀.__Fe震正根._主,升.尾连QQ.Q4,,屎降y↘,3,-26,-22,430,True
2012/2/17,-1.62,-1.62,1.51,y戊↘忠-25.A4,1柜.__Fe震正根._主,(升)人.连后吞QV,,屎降y↘,4,-27,-23,431,True
2012/2/24,6.24,6.24,6.48,r己↗忐-26.A5,1柜.__Fe震正根.储,(人)人.吞吞* VO,,屎降r↗.1柜.__Fe震正根.储.魅6v,5,1,-24,432,True
2012/3/2,2.88,2.88,3.77,a甲↗上1.A6,1柜.__Ff震负.储,升.尾连OQ.Q2,,屎降a↗.1柜.__Ff震负.储.魅6w,6,2,-25,433,True
2012/3/9,-1.51,-1.51,1.4,a甲↗上2.A7,1柜.__Ff震负.储,升.尾反孕Qv,,屎降a↗.1柜.__Ff震负.储.魅6w,7,3,-26,434,True
2012/3/16,-1.64,-1.64,6.56,a甲↗上3.A8,2栅.__Ff震负.储,跌.尾连vW.W2,,屎降a↗.2栅.__Ff震负.储.魅6w,8,4,-27,435,True
2012/3/23,-6.56,-6.56,3,c丙↘下4.Y,5蛀.__Df头负._再C,跌.尾连WW.W3,,屎降c↘.逃5I,-1,-1,-28,436,True
2012/3/30,-9.29,-9.29,2.74,z丁↘忑-1.Z-2,5蛀.__Aa龙猪._再C,跌.尾连WW.W4,,屎降z↘,-2,-2,-29,437,True
2012/4/6,5.51,5.51,6.56,z丁↘忑-2.Z-3,5蛀.__Aa龙猪._再C,跌.尾反孕Wo,,屎降z↘,-3,-3,-30,438,True
2012/4/13,-0.75,-0.75,0.37,z丁↘忑-3.Z-4,9妩.__Aa龙猪._再C,(跌)人.孕孕ov,,屎降z↘,-4,-4,-31,439,True
2012/4/20,0.75,0.75,1.13,z丁↘忑-4.Z-5,8姖.__Aa龙猪._再C,升.尾吞vO,,屎降z↘,-5,-5,-32,440,True
2012/4/27,-2.49,-2.49,0.37,z丁↘忑-5.Z-6,8姖.__Aa龙猪._主,(升)人.吞吞vOV,,屎降z↘,-6,-6,-33,441,True
2012/5/4,10.59,10.59,11.73,r己↗忐-6.I,4蛀.__Fe震正根.储,(人)人.吞吞* VO,,屎降r↗.4蛀.__Fe震正根.储.魅6v,1,1,-34,442,True
2012/5/11,0.12,0.12,3.11,r己↗忐-7.B2,4蛀.__Fe震正根.储,升.尾连OQ.Q2,,屎降r↗.4蛀.__Fe震正根.储.魅6v,2,2,-35,443,True
2012/5/18,-2.65,-2.65,3.23,r己↗忐-8.B3,4蛀.__Fe震正根.储,(升)人.连后吞QV,,屎降r↗.4蛀.__Fe震正根.储.魅6v,3,3,-36,444,True
2012/5/25,-0.71,-0.71,4.97,a甲↗上1.A4,2栅.__Ff震负.储,跌.尾连VW.W2,,屎降a↗.2栅.__Ff震负.储.魅6w,4,4,-37,445,True
2012/6/1,5.24,5.24,6.67,a甲↗上2.A5,2栅.__Ff震负.储,(跌)人.连后吞WO,,屎降a↗.2栅.__Ff震负.储.魅6w,5,5,-38,446,True
2012/6/8,-9.85,-9.85,-0.79,z丁↘忑-1.Y,5蛀.__Fa震正〇._再C,(人)人.吞吞* OV,,屎降z↘,-1,-1,-39,447,True
2012/6/15,4.65,4.65,6.16,z丁↘忑-2.Z-2,5蛀.__Fa震正〇._再C,(人)人.吞吞* OV,,屎降z↘,-2,-2,-40,448,True
2012/6/21,2.88,2.88,7.32,r己↗忐-3.I暂,4暂.__Fe震正根.储,升.尾连oQ.Q2,,屎降r↗.4暂.__Fe震正根.储.魅6v,1,1,-41,449,True
2012/6/29,-7.93,-7.93,1.87,y戊↘忑-4.Y暂,5暂.__Fa震正〇._再C,(升)人.连后吞QV,,屎降y↘,-1,-1,-42,450,True
2012/7/6,-0.63,-0.63,2.03,y戊↘忑-5.Z-2暂,5暂.__Aa龙猪._再B,跌.尾连VW.W2,,屎降y↘,-2,-2,-43,451,True
2012/7/13,0,0,2.68,y戊↘忑-6.Z-3暂,5暂.__Aa龙猪._再B,跌.尾反孕Wo,,屎降y↘,-3,-3,-44,452,True
2012/7/20,0.89,0.89,2.17,y戊↘忑-7.Z-4,7姗.__Bd龙管杂._再B,升.尾连oQ.Q2,,屎降y↘,-4,-4,-45,453,True
2012/7/27,2.65,2.65,8.85,y戊↘忠-8.I,4蛀.__Be龙管根._再B,升.尾连QQ.Q3,,屎降y↘,1,-5,-46,454,True
2012/8/3,2.46,2.46,3.69,r己↗忐-9.B2,4蛀.__Fe震正根.储,升.尾连QQ.Q4,,屎降r↗.4蛀.__Fe震正根.储.魅6v,2,1,-47,455,True
2012/8/10,2.28,2.28,5.53,r己↗忐-10.B3,4蛀.__Fe震正根.储,升.尾连QQ.Q5,,屎降r↗.4蛀.__Fe震正根.储.魅6v,3,2,-48,456,True
2012/8/17,-1.06,-1.06,2.82,a甲↗上1.A4,0橅.__Ff震负.储,升.尾反孕Qv,,屎降a↗.0橅.__Ff震负.储.魅6w,4,3,-49,457,True
2012/8/24,-2.14,-2.14,4.16,a甲↗上2.A5,2栅.__Ff震负.储,跌.尾连vW.W2,,屎降a↗.2栅.__Ff震负.储.魅6w,5,4,-50,458,True
2012/8/31,-5.34,-5.34,-0.73,z丁↘忑-1.Y,5蛀.__Fa震正〇._再C,跌.尾连WW.W3,,屎降z↘,-1,-1,-51,459,True
2012/9/7,5.9,5.9,7.31,z丁↘忑-2.Z-2,5蛀.__Fa震正〇._再C,(跌)人.连后吞WO,,屎降z↘,-2,-2,-52,460,True
2012/9/14,-3.03,-3.03,0.85,z丁↘忑-3.Z-3,5蛀.__Fa震正〇._再C,(跌)人.连后吞WOv,,屎降z↘,-3,-3,-53,461,True
2012/9/21,-6.37,-6.37,0,z丁↘忑-4.Z-4,8姖.__Aa龙猪._再C,跌.尾连vW.W2,,屎降z↘,-4,-4,-54,462,True
2012/9/28,-3.47,-3.47,-0.53,z丁↘忑-5.Z-5,8姖.__Aa龙猪._主,跌.尾连WW.W3,,屎降z↘,-5,-5,-55,463,True
2012/10/12,-1.1,-1.1,2.76,z丁↘忑-6.Z-6,9妩.__Aa龙猪._主,跌.尾连WW.W4,,屎降z↘,-6,-6,-56,464,True
2012/10/19,0.84,0.84,2.23,z丁↘忑-7.Z-7,9妩.__Aa龙猪._主,跌.尾反孕Wo,,屎降z↘,-7,-7,-57,465,True
2012/10/26,-4.71,-4.71,0.28,z丁↘忑-8.Z-8,9妩.__Aa龙猪._主,跌.尾吞oV,,屎降z↘,-8,-8,-58,466,True
2012/11/2,6.54,6.54,9.01,z丁↘忑-9.Z-9,8姖.__Aa龙猪._主,(跌)人.吞吞oVO,,屎降z↘,-9,-9,-59,467,True
2012/11/9,-5.59,-5.59,-0.68,z丁↘忑-10.Z-10,8姖.__Aa龙猪._主,(跌)人.吞吞oVOv,,屎降z↘,-10,-10,-60,468,True
2012/11/16,-5.64,-5.64,1.01,z丁↘忑-11.Z-11,8姖.__Aa龙猪._主,跌.尾连vW.W2,,屎降z↘,-11,-11,-61,469,True
2012/11/23,3.22,3.22,4.75,z丁↘忑-12.Z-12,8姖.__Aa龙猪._主,跌.尾反孕Wo,,屎降z↘,-12,-12,-62,470,True
2012/11/30,-7.57,-7.57,0.45,z丁↘忑-13.Z-13,9妩.__Aa龙猪._主,跌.尾吞oV,,屎降z↘,-13,-13,-63,471,True
2012/12/7,2.89,2.89,3.05,z丁↘忑-14.Z-14,9妩.__Aa龙猪._主,跌.尾反孕oVo,,屎降z↘,-14,-14,-64,472,True
2012/12/14,3.9,3.9,4.99,z丁↘忑-15.Z-15,7姗.__Bd龙管杂._主,升.尾连oQ.Q2,,屎降z↘,-15,-15,-65,473,True
2012/12/21,1.35,1.35,4.2,y戊↘忠-16.I,4蛀.__Be龙管根._主,升.尾连QQ.Q3,,屎降y↘,1,-16,-66,474,True
2012/12/28,1.93,1.93,4.89,y戊↘忠-17.B2,4蛀.__Fe震正根._主,升.尾连QQ.Q4,,屎降y↘,2,-17,-67,475,True
2013/1/4,-0.87,-0.87,1.02,y戊↘忠-18.B3,4蛀.__Fe震正根._主,升.尾反孕Qv,,屎降y↘,3,-18,-68,476,True
2013/1/11,0.29,0.29,4.25,y戊↘忠-19.A4,0橅.__Fe震正根._主,(升)人.孕孕vo,,屎降y↘,4,-19,-69,477,True
2013/1/18,9.5,9.5,9.65,r己↗忐-20.A5,0橅.__Fe震正根.储,升.尾连oQ.Q2,,屎降r↗.0橅.__Fe震正根.储.魅6v,5,1,-70,478,True
2013/1/25,-4.81,-4.81,0.8,a甲↗上1.A6,0橅.__Ff震负.储,升.尾反孕Qv,,屎降a↗.0橅.__Ff震负.储.魅6w,6,2,-71,479,True
2013/2/1,4.63,4.63,7.29,a甲↗上2.A7,0橅.Aa龙猪.储,(升)人.孕孕vo,,唏待a↗.0橅.Aa龙猪.储,7,3,1,480,True
2013/2/8,0.94,0.94,1.34,a甲↗上3.A8,0橅.Aa龙猪.储,升.尾连oQ.Q2,,唏待a↗.0橅.Aa龙猪.储,8,4,2,481,True
2013/2/22,-1.33,-1.33,4.38,a甲↗上4.A9,1柜.Aa龙猪.初,(升)人.连后吞QV,,唏待a↗.1柜.Aa龙猪.初,9,5,3,482,True
2013/3/1,0.94,0.94,1.21,a甲↗上5.A10,1柜.Aa龙猪.初,(升)人.连后吞QVo,,唏待a↗.1柜.Aa龙猪.初,10,6,4,483,True
2013/3/8,-4,-4,0.53,b乙→中6.Y,5蛀.__Ff震负._再D,跌.尾吞oV,,屎降b→.5蛀.__Ff震负._再D.魅6u,-1,7,-1,484,True
2013/3/15,-5.97,-5.97,1.67,c丙↘下7.Z-2,5蛀.__Df头负._再D,跌.尾连VW.W2,,屎降c↘.逃5I,-2,-1,-2,485,True
2013/3/22,3.1,3.1,4.87,z丁↘忑-1.Z-3,5蛀.__Aa龙猪._再D,跌.尾反孕Wo,,屎降z↘,-3,-2,-3,486,True
2013/3/29,-3.87,-3.87,2.29,z丁↘忑-2.Z-4,9妩.__Aa龙猪._再D,跌.尾吞oV,,屎降z↘,-4,-3,-4,487,True
2013/4/3,1.79,1.79,3.28,z丁↘忑-3.Z-5,9妩.__Aa龙猪._再D,跌.尾反孕oVo,,屎降z↘,-5,-4,-5,488,True
2013/4/12,-3.66,-3.66,1.02,z丁↘忑-4.Z-6,9妩.__Aa龙猪._再D,跌.尾吞oV,,屎降z↘,-6,-5,-6,489,True
2013/4/19,0.15,0.15,0.91,z丁↘忑-5.Z-7,9妩.__Aa龙猪._主,跌.尾反孕oVo,,屎降z↘,-7,-6,-7,490,True
2013/4/26,7.28,7.28,10.32,y戊↘忠-6.I,4蛀.__Be龙管根._主,升.尾连oQ.Q2,,屎降y↘,1,-7,-8,491,True
2013/5/3,0.71,0.71,2.4,r己↗忐-7.B2,4蛀.__Fe震正根.储,升.尾连QQ.Q3,,屎降r↗.4蛀.__Fe震正根.储.魅6v,2,1,-9,492,True
2013/5/10,0.56,0.56,1.12,r己↗忐-8.B3,4蛀.Df头负.储,升.尾连QQ.Q4,连4,唏待r↗.4蛀.Df头负.储.口1v,3,2,1,493,True
2013/5/31,-0.98,-0.98,8.8,a甲↗上1.A4,1柜.Aa龙猪.储,(升)人.连后吞QV,,唏待a↗.1柜.Aa龙猪.储,4,3,2,494,True
2013/6/7,-7.9,-7.9,-0.14,z丁↘忑-1.Y,5蛀.__Fa震正〇._再C,跌.尾连VW.W2,,屎降z↘,-1,-1,-1,495,True
2013/6/14,-2.6,-2.6,-1.53,z丁↘忑-2.Z-2,5蛀.__Aa龙猪._再C,跌.尾连WW.W3,,屎降z↘,-2,-2,-2,496,True
2013/6/21,-4.56,-4.56,1.57,z丁↘忑-3.Z-3,5蛀.__Aa龙猪._再C,跌.尾连WW.W4,,屎降z↘,-3,-3,-3,497,True
2013/6/28,-2.8,-2.8,0.49,z丁↘忑-4.Z-4,9妩.__Aa龙猪._再C,跌.尾连WW.W5,,屎降z↘,-4,-4,-4,498,True
2013/7/5,22.37,22.37,30.51,r己↗忐-5.I,4蛀.__Fe震正根.储,(跌)人.连后吞WO,,屎降r↗.4蛀.__Fe震正根.储.魅6v,1,1,-5,499,True
2013/7/12,21.47,21.47,22.58,a甲↗上1.B2,4蛀.Aa龙猪.初,升.尾连OQ.Q2,宽高,银升a↗.4蛀.Aa龙猪.初,2,2,1,500,True
2013/7/19,9.24,9.24,10.72,a甲↗上2.B3,4蛀.Aa龙猪.初,升.尾连QQ.Q3,宽连3,银升a↗.4蛀.Aa龙猪.初,3,3,2,501,True
2013/7/26,0.84,0.84,2.3,a甲↗上3.A4,0橅.Aa龙猪.初,升.尾连QQ.Q4,连4,银升a↗.0橅.Aa龙猪.初,4,4,3,502,True
2013/8/2,-9.21,-9.21,2.07,a甲↗上4.A5,1柜.Aa龙猪.初,(升)人.连后吞QV,,银升a↗.1柜.Aa龙猪.初,5,5,4,503,True
2013/8/9,-12.2,-12.2,-1.6,b乙→中5.Y,5蛀.Be龙管根.初,跌.尾连VW.W2,,银升b→.5蛀.Be龙管根.初,-1,6,5,504,True
2013/8/16,-3.25,-3.25,4.03,c丙↘下6.Z-2,5蛀.Fe震正根.破,跌.尾连WW.W3,,银升c↘.被3v,-2,-1,6,505,True
2013/8/23,-3.09,-3.09,2.95,c丙↘下7.Z-3,5蛀.__Df头负._破,跌.尾连WW.W4,,屎降c↘.逃4v,-3,-2,-1,506,True
2013/8/30,-2.91,-2.91,4.29,z丁↘忑-1.Z-4,9妩.__Fa震正〇._破,跌.尾连WW.W5,,屎降z↘,-4,-3,-2,507,True
2013/9/6,6.13,6.13,12.98,z丁↘忑-2.Z-5,8姖.__Fa震正〇._破,(跌)人.连后吞WO,,屎降z↘,-5,-4,-3,508,True
2013/9/13,-3.36,-3.36,1.34,z丁↘忑-3.Z-6,8姖.__Fa震正〇._破,(跌)人.连后吞WOv,,屎降z↘,-6,-5,-4,509,True
2013/9/18,-0.7,-0.7,4.03,z丁↘忑-4.Z-7,8姖.__Fa震正〇._初,跌.尾连vW.W2,,屎降z↘,-7,-6,-5,510,True
2013/9/27,-2.66,-2.66,2.38,z丁↘忑-5.Z-8,8姖.__Fa震正〇._初,跌.尾连WW.W3,,屎降z↘,-8,-7,-6,511,True
2013/9/30,-0.43,-0.43,1.01,z丁↘忑-6.Z-9,9妩.__Fa震正〇._初,跌.尾连WW.W4,,屎降z↘,-9,-8,-7,512,True
2013/10/11,2.89,2.89,4.19,z丁↘忑-7.Z-10,8姖.__Fa震正〇._初,(跌)人.连后吞WO,,屎降z↘,-10,-9,-8,513,True
2013/10/18,-0.98,-0.98,6.04,z丁↘忑-8.Z-11,8姖.__Fa震正〇._初,(跌)人.连后吞WOv,,屎降z↘,-11,-10,-9,514,True
2013/10/25,-5.53,-5.53,4.26,z丁↘忑-9.Z-12,8姖.__Aa龙猪._初,跌.尾连vW.W2,,屎降z↘,-12,-11,-10,515,True
2013/11/1,-4.65,-4.65,1.2,z丁↘忑-10.Z-13,8姖.__Aa龙猪._主,跌.尾连WW.W3,,屎降z↘,-13,-12,-11,516,True
2013/11/8,2.83,2.83,5.35,z丁↘忑-11.Z-14,9妩.__Aa龙猪._主,跌.尾反孕Wo,,屎降z↘,-14,-13,-12,517,True
2013/11/15,-1.53,-1.53,0.46,z丁↘忑-12.Z-15,9妩.__Aa龙猪._主,(跌)人.孕孕ov,,屎降z↘,-15,-14,-13,518,True
2013/11/22,6.07,6.07,7.15,y戊↘忠-13.I,4蛀.__Fe震正根._主,升.尾吞vO,,屎降y↘,1,-15,-14,519,True
2013/11/29,0.73,0.73,2.49,y戊↘忠-14.B2,4蛀.__Fe震正根._主,升.尾连OQ.Q2,,屎降y↘,2,-16,-15,520,True
2013/12/6,-1.6,-1.6,0.29,y戊↘忠-15.B3,4蛀.__Fe震正根._主,(升)人.连后吞QV,,屎降y↘,3,-17,-16,521,True
2013/12/13,2.37,2.37,4.59,r己↗忐-16.A4,1柜.__Fe震正根.储,(人)人.吞吞* VO,,屎降r↗.1柜.__Fe震正根.储.魅6v,4,1,-17,522,True
2013/12/20,-6.21,-6.21,2.75,y戊↘忑-17.Y,5蛀.__Fa震正〇._再B,(人)人.吞吞* OV,,屎降y↘,-1,-1,-18,523,True
2013/12/27,-0.62,-0.62,2.31,y戊↘忑-18.Z-2,5蛀.__Fa震正〇._再B,跌.尾连VW.W2,,屎降y↘,-2,-2,-19,524,True
2014/1/3,-2.02,-2.02,1.24,y戊↘忑-19.Z-3,5蛀.__Fa震正〇._再B,跌.尾连WW.W3,,屎降y↘,-3,-3,-20,525,True
2014/1/10,-2.37,-2.37,3.32,y戊↘忑-20.Z-4,9妩.__Aa龙猪._再B,跌.尾连WW.W4,,屎降y↘,-4,-4,-21,526,True
2014/1/17,3.4,3.4,6,y戊↘忑-21.Z-5,8姖.__Aa龙猪._主,(跌)人.连后吞WO,,屎降y↘,-5,-5,-22,527,True
2014/1/24,1.88,1.88,2.19,y戊↘忠-22.I,4蛀.__Be龙管根._主,升.尾连OQ.Q2,,屎降y↘,1,-6,-23,528,True
2014/1/30,-3.69,-3.69,0.92,y戊↘忑-23.Y暂,5暂.__Fa震正〇._主,(升)人.连后吞QV,,屎降y↘,-1,-7,-24,529,True
2014/2/7,2.08,2.08,2.24,y戊↘忑-24.Z-2暂,5暂.__Fa震正〇._主,(升)人.连后吞QVo,,屎降y↘,-2,-8,-25,530,True
2014/2/14,4.07,4.07,4.85,r己↗忐-25.I暂,4暂.__Fe震正根.储,升.尾连oQ.Q2,,屎降r↗.4暂.__Fe震正根.储.魅6v,1,1,-26,531,True
2014/2/21,-1.8,-1.8,3.31,r己↗忐-26.B2暂,4暂.__Fe震正根.储,升.尾反孕Qv,,屎降r↗.4暂.__Fe震正根.储.魅6v,2,2,-27,532,True
2014/2/28,-2.3,-2.3,-0.31,y戊↘忑-27.Y暂,5暂.__Fa震正〇._再B,跌.尾连vW.W2,,屎降y↘,-1,-1,-28,533,True
2014/3/7,-0.78,-0.78,5.49,y戊↘忑-28.Z-2暂,5暂.__Fa震正〇._再B,跌.尾连WW.W3,,屎降y↘,-2,-2,-29,534,True
2014/3/14,-1.9,-1.9,-0.32,y戊↘忑-29.Z-3暂,5暂.__Fa震正〇._再B,跌.尾连WW.W4,,屎降y↘,-3,-3,-30,535,True
2014/3/21,0.32,0.32,2.25,y戊↘忑-30.Z-4,9妩.__Aa龙猪._再B,跌.尾反孕Wo,,屎降y↘,-4,-4,-31,536,True
2014/3/28,-1.44,-1.44,1.61,y戊↘忑-31.Z-5,9妩.__Aa龙猪._主,跌.尾吞oV,,屎降y↘,-5,-5,-32,537,True
2014/4/4,0.49,0.49,0.65,y戊↘忑-32.Z-6,9妩.__Aa龙猪._主,跌.尾反孕oVo,,屎降y↘,-6,-6,-33,538,True
2014/4/11,4.21,4.21,5.19,y戊↘忠-33.I,4蛀.__Fe震正根._主,升.尾连oQ.Q2,,屎降y↘,1,-7,-34,539,True
2014/4/18,1.71,1.71,2.64,r己↗忐-34.B2,4蛀.__Fe震正根.储,升.尾连QQ.Q3,,屎降r↗.4蛀.__Fe震正根.储.魅6v,2,1,-35,540,True
2014/4/25,-5.81,-5.81,0.31,y戊↘忑-35.Y暂,5暂.__Fa震正〇._再B,(升)人.连后吞QV,,屎降y↘,-1,-1,-36,541,True
2014/4/30,1.14,1.14,1.95,y戊↘忑-36.Z-2暂,5暂.__Fa震正〇._再B,(升)人.连后吞QVo,,屎降y↘,-2,-2,-37,542,True
2014/5/9,3.53,3.53,4.49,r己↗忐-37.I暂,4暂.__Fe震正根.储,升.尾连oQ.Q2,,屎降r↗.4暂.__Fe震正根.储.魅6v,1,1,-38,543,True
2014/5/16,-1.4,-1.4,2.48,r己↗忐-38.B2暂,4暂.__Fe震正根.储,升.尾反孕Qv,,屎降r↗.4暂.__Fe震正根.储.魅6v,2,2,-39,544,True
2014/5/23,-0.47,-0.47,1.73,y戊↘忠-39.B3暂,4暂.__Fe震正根._再B,跌.尾连vW.W2,,屎降y↘,3,-1,-40,545,True
2014/5/30,11.37,11.37,16.59,a甲↗上1.A4,2栅.Bc龙管栅.初,(跌)人.连后吞WO,高,银升a↗.2栅.Bc龙管栅.初,4,1,1,546,True
2014/6/6,-4.26,-4.26,0.14,a甲↗上2.A5,2栅.Bc龙管栅.初,(跌)人.连后吞WOv,,唏待a↗.2栅.Bc龙管栅.初,5,2,2,547,True
2014/6/13,0.59,0.59,1.63,a甲↗上3.A6,2栅.Bc龙管栅.初,(人)人.孕孕vo,,唏待a↗.2栅.Bc龙管栅.初,6,3,3,548,True
2014/6/20,-5.15,-5.15,0,b乙→中4.Y,5蛀.Fe震正根.初,跌.尾吞oV,,唏待b→.5蛀.Fe震正根.初,-1,4,4,549,True
2014/6/27,0.31,0.31,1.71,c丙↘下5.Z-2,5蛀.__Df头负._再D,跌.尾反孕oVo,,屎降c↘.逃5i,-2,-1,-1,550,True
2014/7/4,2.32,2.32,2.94,b乙→中6.Z-3,5蛀.De头正根.初,升.尾连oQ.Q2,,唏待b→.5蛀.De头正根.初,-3,1,1,551,True
2014/7/11,-1.36,-1.36,0.76,b乙→中7.Z-4,7姗.De头正根.初,升.尾反孕Qv,,唏待b→.7姗.De头正根.初,-4,2,2,552,True
2014/7/18,4.75,4.75,7.67,b乙↗上8.I,4蛀.Dd头正芽.初,升.尾吞vO,,唏待b↗.4蛀.Dd头正芽.初,1,3,3,553,True
2014/7/25,8.05,8.05,9.96,b乙↗上9.B2,4蛀.Aa龙猪.初,升.尾连OQ.Q2,,银升b↗.4蛀.Aa龙猪.初,2,4,4,554,True
2014/8/1,0.68,0.68,3.66,b乙↗上10.B3,4蛀.Aa龙猪.初,升.尾连QQ.Q3,连3,银升b↗.4蛀.Aa龙猪.初,3,5,5,555,True
2014/8/8,-1.08,-1.08,2.56,b乙↗上11.A4,0橅.Aa龙猪.初,升.尾反孕Qv,,银升b↗.0橅.Aa龙猪.初,4,6,6,556,True
2014/8/15,3.81,3.81,7.21,b乙↗上12.A5,0橅.Aa龙猪.主,升.尾吞vO,,银升b↗.0橅.Aa龙猪.主,5,7,7,557,True
2014/8/22,-0.52,-0.52,0.66,b乙↗上13.A6,0橅.Aa龙猪.主,升.尾反孕vOv,,银升b↗.0橅.Aa龙猪.主,6,8,8,558,True
2014/8/29,-4.35,-4.35,-0.26,b乙↗上14.A7,2栅.Bc龙管栅.主,跌.尾连vW.W2,,银升b↗.2栅.Bc龙管栅.主,7,9,9,559,True
2014/9/5,3.03,3.03,4.41,b乙↗上15.A8,2栅.Fa震正〇.主,跌.尾反孕Wo,,金升b↗.2栅.Fa震正〇.主,8,10,10,560,True
2014/9/12,1.74,1.74,2.41,b乙↗上16.A9,2栅.Fa震正〇.主,升.尾连oQ.Q2,,金升b↗.2栅.Fa震正〇.主,9,11,11,561,True
2014/9/19,2.76,2.76,4.86,b乙↗上17.A10,2栅.Bc龙管栅.主,升.尾连QQ.Q3,连3,金升b↗.2栅.Bc龙管栅.主,10,12,12,562,True
2014/9/26,7.93,7.93,9.34,b乙↗上18.A11,0橅.Aa龙猪.主,升.尾连QQ.Q4,连4,金升b↗.0橅.Aa龙猪.主,11,13,13,563,True
2014/9/30,-2.25,-2.25,1.42,b乙↗上19.A12,0橅.Aa龙猪.主,升.尾反孕Qv,,金升b↗.0橅.Aa龙猪.主,12,14,14,564,True
2014/10/10,-0.24,-0.24,1.33,b乙↗上20.A13,2栅.Bc龙管栅.主,跌.尾连vW.W2,,金升b↗.2栅.Bc龙管栅.主,13,15,15,565,True
2014/10/17,-4.98,-4.98,0.49,b乙→中21.Y,5蛀.Be龙管根.主,跌.尾连WW.W3,,金升b→.5蛀.Be龙管根.主,-1,16,16,566,True
2014/10/24,-0.26,-0.26,1.92,b乙→中22.Z-2,5蛀.Fe震正根.主,跌.尾连WW.W4,,金升b→.5蛀.Fe震正根.主,-2,17,17,567,True
2014/10/31,-0.9,-0.9,2.31,b乙→中23.Z-3,5蛀.Fe震正根.主,跌.尾连WW.W5,,金升b→.5蛀.Fe震正根.主,-3,18,18,568,True
2014/11/7,-1.81,-1.81,4.53,c丙↘下24.Z-4,9妩.Fe震正根.破,跌.尾连WW.W6,,金升c↘.被3v,-4,-1,19,569,True
2014/11/14,5.01,5.01,7.77,b乙↗上25.I,4蛀.Dd头正芽.再B,(跌)人.连后吞WO,,金升b↗.4蛀.Dd头正芽.再B,1,1,20,570,True
2014/11/21,2.13,2.13,4.39,b乙↗上26.B2,4蛀.Dd头正芽.再B,升.尾连OQ.Q2,,金升b↗.4蛀.Dd头正芽.再B,2,2,21,571,True
2014/11/28,3.07,3.07,4.55,b乙↗上27.B3,4蛀.Dd头正芽.再B,升.尾连QQ.Q3,连3,金升b↗.4蛀.Dd头正芽.再B,3,3,22,572,True
2014/12/5,-0.12,-0.12,8.58,b乙↗上28.A4,0橅.Aa龙猪.再B,升.尾反孕Qv,,金升b↗.0橅.Aa龙猪.再B,4,4,23,573,True
2014/12/12,6.8,6.8,9.9,b乙↗上29.A5,0橅.Aa龙猪.主,升.尾吞vO,,金升b↗.0橅.Aa龙猪.主,5,5,24,574,True
2014/12/19,-6.37,-6.37,1.9,b乙↗上30.A6,0橅.Aa龙猪.主,升.尾反孕vOv,,金升b↗.0橅.Aa龙猪.主,6,6,25,575,True
2014/12/26,0.48,0.48,5.73,b乙↗上31.A7,0橅.Aa龙猪.主,(升)人.孕孕vo,,金升b↗.0橅.Aa龙猪.主,7,7,26,576,True
2014/12/31,-5.82,-5.82,0.95,c丙↘下32.Y,5蛀.Fe震正根.破,跌.尾吞oV,,金升c↘.被3v,-1,-1,27,577,True
2015/1/9,0.25,0.25,4.16,c丙↘下33.Z-2,5蛀.Fe震正根.破,跌.尾反孕oVo,,金升c↘.被3v,-2,-2,28,578,True
2015/1/16,1.51,1.51,2.52,c丙↘下34.Z-3,5蛀.Fe震正根.破,升.尾连oQ.Q2,,金升c↘.被3v,-3,-3,29,579,True
2015/1/23,2.73,2.73,4.83,b乙↗上35.I暂,4暂.Dd头正芽.再B,升.尾连QQ.Q3,连3,金升b↗.4暂.Dd头正芽.再B,1,1,30,580,True
2015/1/30,3.02,3.02,4.58,b乙↗上36.B2暂,4暂.Dd头正芽.再B,升.尾连QQ.Q4,连4,金升b↗.4暂.Dd头正芽.再B,2,2,31,581,True
2015/2/6,-7.38,-7.38,1.52,c丙↘下37.Y暂,5暂.Fe震正根.破,(升)人.连后吞QV,,金升c↘.被3v,-1,-1,32,582,True
2015/2/13,2.65,2.65,3.29,c丙↘下38.Z-2暂,5暂.Fe震正根.破,(升)人.连后吞QVo,,金升c↘.被3v,-2,-2,33,583,True
2015/2/17,1.11,1.11,2.09,b乙↗上39.I暂,4暂.Dd头正芽.再B,升.尾连oQ.Q2,,金升b↗.4暂.Dd头正芽.再B,1,1,34,584,True
2015/2/27,1.71,1.71,2.8,b乙↗上40.B2暂,4暂.Dd头正芽.再B,升.尾连QQ.Q3,连3,金升b↗.4暂.Dd头正芽.再B,2,2,35,585,True
2015/3/6,2.87,2.87,5.03,b乙↗上41.B3暂,4暂.Aa龙猪.再B,升.尾连QQ.Q4,连4,金升b↗.4暂.Aa龙猪.再B,3,3,36,586,True
2015/3/13,1.4,1.4,1.98,b乙↗上42.A4,0橅.Aa龙猪.再B,升.尾连QQ.Q5,连5,金升b↗.0橅.Aa龙猪.再B,4,4,37,587,True
2015/3/20,18.14,18.14,22.73,b乙↗上43.A5,0橅.Aa龙猪.主,升.尾连QQ.Q6,高连6,金升b↗.0橅.Aa龙猪.主,5,5,38,588,True
2015/3/27,5.54,5.54,7.97,b乙↗上44.A6,0橅.Aa龙猪.主,升.尾连QQ.Q7,连7,金升b↗.0橅.Aa龙猪.主,6,6,39,589,True
2015/4/3,6.72,6.72,7.92,b乙↗上45.A7,0橅.Aa龙猪.主,升.尾连QQ.Q8,连8,金升b↗.0橅.Aa龙猪.主,7,7,40,590,True
2015/4/10,6.47,6.47,9.15,b乙↗上46.A8,0橅.Aa龙猪.主,升.尾连QQ.Q9,连9,金升b↗.0橅.Aa龙猪.主,8,8,41,591,True
2015/4/17,-8.35,-8.35,0.65,b乙↗上47.A9,1柜.Aa龙猪.主,(升)人.连后吞QV,,金升b↗.1柜.Aa龙猪.主,9,9,42,592,True
2015/4/24,1.59,1.59,5.92,b乙↗上48.A10,1柜.Aa龙猪.主,(升)人.连后吞QVo,,金升b↗.1柜.Aa龙猪.主,10,10,43,593,True
2015/4/30,-3.92,-3.92,2.26,b乙↗上49.A11,3桮.Fa震正〇.主,跌.尾吞oV,,金升b↗.3桮.Fa震正〇.主,11,11,44,594,True
2015/5/8,-4.17,-4.17,2.99,b乙→中50.Y,5蛀.Fe震正根.主,跌.尾连VW.W2,,金升b→.5蛀.Fe震正根.主,-1,12,45,595,True
2015/5/15,10.78,10.78,12.85,b乙↗上51.I暂,4暂.Fd震正芽.主,(跌)人.连后吞WO,,金升b↗.4暂.Fd震正芽.主,1,13,46,596,True
2015/5/22,16.81,16.81,20.82,b乙↗上52.B2暂,4暂.Aa龙猪.主,升.尾连OQ.Q2,高,金升b↗.4暂.Aa龙猪.主,2,14,47,597,True
2015/5/29,-3.14,-3.14,14.24,b乙↗上53.B3暂,4暂.Aa龙猪.主,升.尾反孕Qv,宽,金升b↗.4暂.Aa龙猪.主,3,15,48,598,True
2015/6/5,28.21,28.21,28.21,b乙↗上54.A4,0橅.Aa龙猪.主,升.尾吞vO,宽高,金升b↗.0橅.Aa龙猪.主,4,16,49,599,True
2015/6/12,1.47,1.47,8.94,b乙↗上55.A5,0橅.Aa龙猪.主,升.尾连OQ.Q2,宽,金升b↗.0橅.Aa龙猪.主,5,17,50,600,True
2015/6/19,-19.01,-19.01,1.22,b乙↗上56.A6,1柜.Aa龙猪.主,(升)人.连后吞QV,宽,金升b↗.1柜.Aa龙猪.主,6,18,51,601,True
2015/6/26,-11.1,-11.1,5.65,b乙→中57.Y,5蛀.Be龙管根.主,跌.尾连VW.W2,宽,金升b→.5蛀.Be龙管根.主,-1,19,52,602,True
2015/7/3,-21.01,-21.01,4.27,c丙↘下58.Z-2,5蛀.__Df头负._破,跌.尾连WW.W3,,嘘待c↘.逃4v,-2,-1,-1,603,True
2015/7/7,-11.82,-11.82,9.99,z丁↘忑-1.Z-3,5蛀.__Aa龙猪._破,跌.尾连WW.W4,,尿降z↘,-3,-2,-2,604,True
2015/7/17,24.05,24.05,30.52,z丁↘忑-2.Z-4,9妩.__Aa龙猪._破,跌.尾反孕Wo,,嘘待z↘,-4,-3,-3,605,True
2015/7/24,5.59,5.59,12.12,z丁↘忑-3.Z-5,7姗.__Bd龙管杂._破,升.尾连oQ.Q2,,嘘待z↘,-5,-4,-4,606,True
2015/7/31,-9.8,-9.8,2.47,z丁↘忑-4.Z-6,7姗.__Fa震正〇._初,(升)人.连后吞QV,,嘘待z↘,-6,-5,-5,607,True
2015/8/7,6.56,6.56,10.86,z丁↘忑-5.Z-7,7姗.__Fa震正〇._初,(升)人.连后吞QVo,,嘘待z↘,-7,-6,-6,608,True
2015/8/14,12.67,12.67,16.8,r己↗忐-6.I,4蛀.Df头负.再D,升.尾连oQ.Q2,高,金升r↗.4蛀.Df头负.再D.口2I,1,1,1,609,True
2015/8/21,-6.6,-6.6,9.13,r己↗忐-7.B2,4蛀.Df头负.再D,升.尾反孕Qv,,金升r↗.4蛀.Df头负.再D.口2I,2,2,2,610,True
2015/8/28,-17.19,-17.19,-6.63,y戊↘忑-8.Y暂,5暂.__Aa龙猪._初,跌.尾连vW.W2,,嘘待y↘,-1,-1,-1,611,True
2015/9/2,-17.39,-17.39,0.21,y戊↘忑-9.Z-2暂,5暂.__Aa龙猪._初,跌.尾连WW.W3,,尿降y↘,-2,-2,-2,612,True
2015/9/11,18.24,18.24,25.38,y戊↘忑-10.Z-3暂,5暂.__Aa龙猪._初,跌.尾反孕Wo,,尿降y↘,-3,-3,-3,613,True
2015/9/18,-12.94,-12.94,1.94,y戊↘忑-11.Z-4,9妩.__Aa龙猪._初,(跌)人.孕孕ov,,尿降y↘,-4,-4,-4,614,True
2015/9/25,0.99,0.99,12.52,y戊↘忑-12.Z-5,9妩.__Fa震正〇._初,(人)人.孕孕vo,,尿降y↘,-5,-5,-5,615,True
2015/9/30,0,0,4.17,y戊↘忑-13.Z-6,7姗.__Fa震正〇._主,升.尾连oQ.Q2,,尿降y↘,-6,-6,-6,616,True
2015/10/9,5.77,5.77,6.5,y戊↘忑-14.Z-7,6娝.__Fa震正〇._主,升.尾连QQ.Q3,,尿降y↘,-7,-7,-7,617,True
2015/10/16,11.25,11.25,14.39,y戊↘忠-15.I,4蛀.__Fe震正根._主,升.尾连QQ.Q4,,尿降y↘,1,-8,-8,618,True
2015/10/23,-5.21,-5.21,1.04,y戊↘忠-16.B2,4蛀.__Fe震正根._主,升.尾反孕Qv,,尿降y↘,2,-9,-9,619,True
2015/10/30,1.76,1.76,5.06,y戊↘忠-17.B3,4蛀.__Fe震正根._主,(升)人.孕孕vo,,尿降y↘,3,-10,-10,620,True
2015/11/6,9.08,9.08,10.59,r己↗忐-18.A4,0橅.__Fe震正根.储,升.尾连oQ.Q2,,嘘待r↗.0橅.__Fe震正根.储.魅6v,4,1,-11,621,True
2015/11/13,5.05,5.05,6.64,a甲↗上1.A5,0橅.Aa龙猪.储,升.尾连QQ.Q3,连3,金升a↗.0橅.Aa龙猪.储,5,2,1,622,True
2015/11/20,1.23,1.23,6.98,a甲↗上2.A6,0橅.Aa龙猪.储,升.尾连QQ.Q4,连4,金升a↗.0橅.Aa龙猪.储,6,3,2,623,True
2015/11/27,-12.02,-12.02,0.09,b乙→中3.Y,5蛀.__Ff震负._再C,(升)人.连后吞QV,,嘘待b→.5蛀.__Ff震负._再C.魅6h,-1,4,-1,624,True
2015/12/4,6.04,6.04,7.31,b乙↗上4.I暂,4暂.__Ff震负.储,(升)人.连后吞QVo,,嘘待b↗.4暂.__Ff震负.储.魅6w,1,5,-2,625,True
2015/12/11,-4.1,-4.1,2.3,c丙↘下5.Y暂,5暂.__Df头负._再C,跌.尾吞oV,,嘘待c↘.逃5I,-1,-1,-3,626,True
2015/12/18,4.27,4.27,6.56,b乙↗上6.I暂,4暂.__Ff震负.储,(跌)人.吞吞oVO,,嘘待b↗.4暂.__Ff震负.储.魅6w,1,1,-4,627,True
2015/12/25,5.69,5.69,6.59,b乙↗上7.B2暂,4暂.Dd头正芽.初,升.尾连OQ.Q2,,金升b↗.4暂.Dd头正芽.初,2,2,1,628,True
2015/12/31,-6.52,-6.52,0.47,b乙↗上8.B3暂,4暂.Dd头正芽.初,(升)人.连后吞QV,,金升b↗.4暂.Dd头正芽.初,3,3,2,629,True
2016/1/8,-17.9,-17.9,0.61,z丁↘忑-1.Y暂,5暂.__Aa龙猪._再D,跌.尾连VW.W2,,尿降z↘,-1,-1,-1,630,True
2016/1/15,-14.78,-14.78,0.37,z丁↘忑-2.Z-2暂,5暂.__Aa龙猪._再D,跌.尾连WW.W3,,尿降z↘,-2,-2,-2,631,True
2016/1/22,-0.43,-0.43,6.21,z丁↘忑-3.Z-3暂,5暂.__Aa龙猪._再D,跌.尾连WW.W4,,屎降z↘,-3,-3,-3,632,True
2016/1/29,-9.43,-9.43,2.18,z丁↘忑-4.Z-4,9妩.__Aa龙猪._再D,跌.尾连WW.W5,,屎降z↘,-4,-4,-4,633,True
2016/2/5,3.21,3.21,4.97,z丁↘忑-5.Z-5,9妩.__Aa龙猪._主,跌.尾反孕Wo,,屎降z↘,-5,-5,-5,634,True
2016/2/19,4.5,4.5,6.83,z丁↘忑-6.Z-6,7姗.__Bd龙管杂._主,升.尾连oQ.Q2,,屎降z↘,-6,-6,-6,635,True
2016/2/26,-4.31,-4.31,4.46,z丁↘忑-7.Z-7,7姗.__Fa震正〇._主,升.尾反孕Qv,,屎降z↘,-7,-7,-7,636,True
2016/3/4,3.11,3.11,8.07,z丁↘忑-8.Z-8,7姗.__Fa震正〇._主,(升)人.孕孕vo,,屎降z↘,-8,-8,-8,637,True
2016/3/11,-2.11,-2.11,7.23,z丁↘忑-9.Z-9,7姗.__Fa震正〇._主,(人)人.孕孕vo,,屎降z↘,-9,-9,-9,638,True
2016/3/18,7.08,7.08,7.23,y戊↘忠-10.I,4蛀.__Fe震正根._主,升.尾吞vO,,屎降y↘,1,-10,-10,639,True
2016/3/25,3.16,3.16,4.17,y戊↘忠-11.B2,4蛀.__Fe震正根._主,升.尾连OQ.Q2,,屎降y↘,2,-11,-11,640,True
2016/4/1,-1.53,-1.53,1.67,y戊↘忠-12.B3,4蛀.__Fe震正根._主,升.尾反孕Qv,,屎降y↘,3,-12,-12,641,True
2016/4/8,0.28,0.28,4.38,y戊↘忠-13.A4,0橅.__Fe震正根._主,(升)人.孕孕vo,,屎降y↘,4,-13,-13,642,True
2016/4/15,6.49,6.49,7.76,r己↗忐-14.A5,0橅.__Fe震正根.储,升.尾连oQ.Q2,,屎降r↗.0橅.__Fe震正根.储.魅6v,5,1,-14,643,True
2016/4/22,0.66,0.66,11.79,r己↗忐-15.A6,0橅.__Fe震正根.储,升.尾连QQ.Q3,,屎降r↗.0橅.__Fe震正根.储.魅6v,6,2,-15,644,True
2016/4/29,-6.18,-6.18,1.71,y戊↘忠-16.A7,1柜.__Fe震正根._再B,(升)人.连后吞QV,,屎降y↘,7,-1,-16,645,True
2016/5/6,-1.4,-1.4,4.63,y戊↘忑-17.Y,5蛀.__Fa震正〇._再B,跌.尾连VW.W2,,屎降y↘,-1,-2,-17,646,True
2016/5/13,-7.25,-7.25,-1.56,y戊↘忑-18.Z-2,5蛀.__Aa龙猪._再B,跌.尾连WW.W3,,屎降y↘,-2,-3,-18,647,True
2016/5/20,-2.61,-2.61,1.69,y戊↘忑-19.Z-3,5蛀.__Aa龙猪._再B,跌.尾连WW.W4,,屎降y↘,-3,-4,-19,648,True
2016/5/27,0.47,0.47,2.36,y戊↘忑-20.Z-4,9妩.__Aa龙猪._再B,跌.尾反孕Wo,,屎降y↘,-4,-5,-20,649,True
2016/6/3,5.17,5.17,6.11,y戊↘忑-21.Z-5,7姗.__Bd龙管杂._主,升.尾连oQ.Q2,,屎降y↘,-5,-6,-21,650,True
2016/6/8,-1.64,-1.64,0.6,y戊↘忑-22.Z-6,7姗.__Fa震正〇._主,升.尾反孕Qv,,屎降y↘,-6,-7,-22,651,True
2016/6/17,1.97,1.97,4.55,y戊↘忠-23.I,4蛀.__Fe震正根._主,升.尾吞vO,,屎降y↘,1,-8,-23,652,True
2016/6/24,-0.74,-0.74,4.46,y戊↘忠-24.B2,4蛀.__Fe震正根._主,升.尾反孕vOv,,屎降y↘,2,-9,-24,653,True
2016/7/1,5.54,5.54,10.78,r己↗忐-25.B3,4蛀.__Fe震正根.储,升.尾吞vO,,屎降r↗.4蛀.__Fe震正根.储.魅6v,3,1,-25,654,True
2016/7/8,3.55,3.55,7.38,a甲↗上1.A4,0橅.__Ff震负.储,升.尾连OQ.Q2,,屎降a↗.0橅.__Ff震负.储.魅6w,4,2,-26,655,True
2016/7/15,0.41,0.41,6.03,a甲↗上2.A5,0橅.__Ff震负.储,升.尾连QQ.Q3,,屎降a↗.0橅.__Ff震负.储.魅6w,5,3,-27,656,True
2016/7/22,-2.59,-2.59,0.14,a甲↗上3.A6,1柜.__Ff震负.储,(升)人.连后吞QV,,屎降a↗.1柜.__Ff震负.储.魅6w,6,4,-28,657,True
2016/7/29,-2.66,-2.66,2.8,b乙→中4.Y,5蛀.__Ff震负._再C,跌.尾连VW.W2,,屎降b→.5蛀.__Ff震负._再C.魅6h,-1,5,-29,658,True
2016/8/5,-0.14,-0.14,0.14,c丙↘下5.Z-2,5蛀.__Df头负._再C,跌.尾连WW.W3,,屎降c↘.逃5I,-2,-1,-30,659,True
2016/8/12,0.58,0.58,2.16,c丙↘下6.Z-3,5蛀.__Df头负._再C,(跌)人.连后吞WO,,屎降c↘.逃5I,-3,-2,-31,660,True
2016/8/19,1.86,1.86,3.15,b乙↗上7.I暂,4暂.__Ff震负.储,升.尾连OQ.Q2,,屎降b↗.4暂.__Ff震负.储.魅6w,1,1,-32,661,True
2016/8/26,-1.97,-1.97,0.98,b乙→中8.Y暂,5暂.__Ff震负._再C,升.尾反孕Qv,,屎降b→.5暂.__Ff震负._再C.魅6h,-1,2,-33,662,True
2016/9/2,-0.57,-0.57,0.29,c丙↘下9.Z-2暂,5暂.__Df头负._再C,跌.尾连vW.W2,,屎降c↘.逃5I,-2,-1,-34,663,True
2016/9/9,3.46,3.46,7.07,b乙↗上10.I暂,4暂.__Ff震负.储,(跌)人.连后吞WO,,屎降b↗.4暂.__Ff震负.储.魅6w,1,1,-35,664,True
2016/9/14,-4.04,-4.04,-1.53,c丙↘下11.Y暂,5暂.__Df头负._再C,(人)人.吞吞* OV,,屎降c↘.逃5I,-1,-1,-36,665,True
2016/9/23,1.02,1.02,2.91,z丁↘忑-1.Z-2暂,5暂.__Fa震正〇._再C,(人)人.吞吞* OV,,屎降z↘,-2,-2,-37,666,True
2016/9/30,-1.15,-1.15,-0.14,z丁↘忑-2.Z-3暂,5暂.__Aa龙猪._再C,(人)人.孕孕vo,,屎降z↘,-3,-3,-38,667,True
2016/10/14,2.91,2.91,3.06,r己↗忐-3.I暂,4暂.__Fe震正根.储,升.尾吞vO,,屎降r↗.4暂.__Fe震正根.储.魅6v,1,1,-39,668,True
2016/10/21,0.14,0.14,1.7,a甲↗上1.B2暂,4暂.__Ff震负.储,升.尾连OQ.Q2,,屎降a↗.4暂.__Ff震负.储.魅6w,2,2,-40,669,True
2016/10/28,0.99,0.99,2.54,a甲↗上2.B3暂,4暂.Dd头正芽.储,升.尾连QQ.Q3,连3,唏待a↗.4暂.Dd头正芽.储,3,3,1,670,True
2016/11/4,-0.28,-0.28,2.24,a甲↗上3.A4,0橅.Dd头正芽.储,升.尾反孕Qv,,唏待a↗.0橅.Dd头正芽.储,4,4,2,671,True
2016/11/11,6.03,6.03,7.01,a甲↗上4.A5,0橅.Aa龙猪.初,升.尾吞vO,,唏待a↗.0橅.Aa龙猪.初,5,5,3,672,True
2016/11/18,-1.06,-1.06,2.51,a甲↗上5.A6,0橅.Aa龙猪.初,升.尾反孕vOv,,唏待a↗.0橅.Aa龙猪.初,6,6,4,673,True
2016/11/25,-1.07,-1.07,2.27,a甲↗上6.A7,2栅.Bc龙管栅.初,跌.尾连vW.W2,,唏待a↗.2栅.Bc龙管栅.初,7,7,5,674,True
2016/12/2,-2.84,-2.84,2.43,b乙→中7.Y,5蛀.Be龙管根.初,跌.尾连WW.W3,,唏待b→.5蛀.Be龙管根.初,-1,8,6,675,True
2016/12/9,0.83,0.83,1.53,b乙→中8.Z-2,5蛀.Fe震正根.初,跌.尾反孕Wo,,唏待b→.5蛀.Fe震正根.初,-2,9,7,676,True
2016/12/16,-1.79,-1.79,0.97,c丙↘下9.Z-3,5蛀.__Df头负._破,跌.尾吞oV,,屎降c↘.逃4v,-3,-1,-1,677,True
2016/12/23,0.84,0.84,3.93,c丙↘下10.Z-4,9妩.__Df头负._破,跌.尾反孕oVo,,屎降c↘.逃4v,-4,-2,-2,678,True
2016/12/30,-0.14,-0.14,3.2,c丙↘下11.Z-5,9妩.__Df头负._破,(跌)人.孕孕ov,,屎降c↘.逃4v,-5,-3,-3,679,True
2017/1/6,4.88,4.88,5.44,b乙↗上12.I,4蛀.Dd头正芽.再B,升.尾吞vO,,唏待b↗.4蛀.Dd头正芽.再B,1,1,1,680,True
2017/1/13,-4.65,-4.65,1.06,b乙→中13.Y暂,5暂.De头正根.再B,升.尾反孕vOv,,唏待b→.5暂.De头正根.再B,-1,2,2,681,True
2017/1/20,-4.6,-4.6,0.28,z丁↘忑-1.Z-2暂,5暂.__Aa龙猪._初,跌.尾连vW.W2,,屎降z↘,-2,-1,-1,682,True
2017/1/26,0.88,0.88,1.46,z丁↘忑-2.Z-3暂,5暂.__Aa龙猪._初,跌.尾反孕Wo,,屎降z↘,-3,-2,-2,683,True
2017/2/3,0.29,0.29,0.72,z丁↘忑-3.Z-4,7姗.__Bd龙管杂._初,升.尾连oQ.Q2,,屎降z↘,-4,-3,-3,684,True
2017/2/10,6.36,6.36,7.23,r己↗忐-4.I,4蛀.Df头负.储,升.尾连QQ.Q3,连3,唏待r↗.4蛀.Df头负.储.口1v,1,1,1,685,True
2017/2/17,4.76,4.76,11.01,a甲↗上1.B2,4蛀.Aa龙猪.初,升.尾连QQ.Q4,连4,银升a↗.4蛀.Aa龙猪.初,2,2,2,686,True
2017/2/24,-1.3,-1.3,3.89,a甲↗上2.B3,4蛀.Aa龙猪.初,升.尾反孕Qv,,银升a↗.4蛀.Aa龙猪.初,3,3,3,687,True
2017/3/3,-1.18,-1.18,1.97,a甲↗上3.A4,2栅.Bc龙管栅.初,跌.尾连vW.W2,,银升a↗.2栅.Bc龙管栅.初,4,4,4,688,True
2017/3/10,2.39,2.39,3.46,a甲↗上4.A5,2栅.Fa震正〇.初,(跌)人.连后吞WO,,银升a↗.2栅.Fa震正〇.初,5,5,5,689,True
2017/3/17,-4.03,-4.03,0.26,b乙→中5.Y,5蛀.Fe震正根.主,(人)人.吞吞* OV,,唏待b→.5蛀.Fe震正根.主,-1,6,6,690,True
2017/3/24,3.65,3.65,4.47,b乙↗上6.I暂,4暂.Fd震正芽.主,(人)人.吞吞* VO,,银升b↗.4暂.Fd震正芽.主,1,7,7,691,True
2017/3/31,-0.26,-0.26,9.01,b乙↗上7.B2暂,4暂.Aa龙猪.主,(人)人.吞吞* VO,,银升b↗.4暂.Aa龙猪.主,2,8,8,692,True
2017/4/7,0.65,0.65,4.71,b乙↗上8.B3暂,4暂.Aa龙猪.主,升.尾吞vO,,银升b↗.4暂.Aa龙猪.主,3,9,9,693,True
2017/4/14,-6.11,-6.11,-0.26,c丙↘下9.Y暂,5暂.Fe震正根.破,(升)人.吞吞vOV,,唏待c↘.被3v,-1,-1,10,694,True
2017/4/21,-4.57,-4.57,0.69,z丁↘忑-1.Z-2暂,5暂.__Aa龙猪._破,跌.尾连VW.W2,,屎降z↘,-2,-2,-1,695,True
2017/4/28,0.73,0.73,1.02,z丁↘忑-2.Z-3暂,5暂.__Aa龙猪._初,跌.尾反孕Wo,,屎降z↘,-3,-3,-2,696,True
2017/5/5,-2.88,-2.88,2.31,z丁↘忑-3.Z-4,9妩.__Aa龙猪._初,跌.尾吞oV,,屎降z↘,-4,-4,-3,697,True
2017/5/12,-6.97,-6.97,1.19,z丁↘忑-4.Z-5,9妩.__Aa龙猪._初,跌.尾连VW.W2,,屎降z↘,-5,-5,-4,698,True
2017/5/19,1.12,1.12,3.99,z丁↘忑-5.Z-6,9妩.__Aa龙猪._初,跌.尾反孕Wo,,屎降z↘,-6,-6,-5,699,True
2017/5/26,-2.37,-2.37,2.05,z丁↘忑-6.Z-7,9妩.__Aa龙猪._初,跌.尾吞oV,,屎降z↘,-7,-7,-6,700,True
2017/6/2,-2.1,-2.1,1.45,z丁↘忑-7.Z-8,9妩.__Aa龙猪._主,跌.尾连VW.W2,,屎降z↘,-8,-8,-7,701,True
2017/6/9,3.96,3.96,5.61,z丁↘忑-8.Z-9,8姖.__Aa龙猪._主,(跌)人.连后吞WO,,屎降z↘,-9,-9,-8,702,True
2017/6/16,3.97,3.97,10.16,y戊↘忠-9.I,4蛀.__Be龙管根._主,升.尾连OQ.Q2,,屎降y↘,1,-10,-9,703,True
2017/6/23,3.36,3.36,9.92,r己↗忐-10.B2,4蛀.__Fe震正根.储,升.尾连QQ.Q3,,屎降r↗.4蛀.__Fe震正根.储.魅6v,2,1,-10,704,True
2017/6/30,4.28,4.28,10.49,r己↗忐-11.B3,4蛀.Df头负.储,升.尾连QQ.Q4,连4,唏待r↗.4蛀.Df头负.储.口1v,3,2,1,705,True
2017/7/7,2.69,2.69,7.22,a甲↗上1.A4,0橅.Aa龙猪.储,升.尾连QQ.Q5,连5,唏待a↗.0橅.Aa龙猪.储,4,3,2,706,True
2017/7/14,-5.52,-5.52,-0.28,a甲↗上2.A5,1柜.Aa龙猪.储,(升)人.连后吞QV,,唏待a↗.1柜.Aa龙猪.储,5,4,3,707,True
2017/7/21,-3.65,-3.65,-0.29,c丙↘下3.Y,5蛀.__Df头负._再C,跌.尾连VW.W2,,屎降c↘.逃5I,-1,-1,-1,708,True
2017/7/28,4.55,4.55,7.12,b乙↗上4.I暂,4暂.__Ff震负.储,(跌)人.连后吞WO,,屎降b↗.4暂.__Ff震负.储.魅6w,1,1,-2,709,True
2017/8/4,1.45,1.45,4.64,b乙↗上5.B2暂,4暂.Dd头正芽.储,升.尾连OQ.Q2,,唏待b↗.4暂.Dd头正芽.储,2,2,1,710,True
2017/8/11,-3.86,-3.86,3.71,c丙↘下6.Y暂,5暂.__Df头负._再C,(升)人.连后吞QV,,屎降c↘.逃5I,-1,-1,-1,711,True
2017/8/18,10.55,10.55,15.01,b乙↗上7.I暂,4暂.Aa龙猪.初,(人)人.吞吞* VO,高,银升b↗.4暂.Aa龙猪.初,1,1,1,712,True
2017/8/25,-2.96,-2.96,1.88,b乙↗上8.B2暂,4暂.Aa龙猪.初,(人)人.吞吞* VO,,银升b↗.4暂.Aa龙猪.初,2,2,2,713,True
2017/9/1,0.28,0.28,2.22,b乙↗上9.B3暂,4暂.Aa龙猪.初,(人)人.孕孕vo,,银升b↗.4暂.Aa龙猪.初,3,3,3,714,True
2017/9/8,2.21,2.21,3.18,b乙↗上10.A4,0橅.Fa震正〇.初,升.尾连oQ.Q2,,银升b↗.0橅.Fa震正〇.初,4,4,4,715,True
2017/9/15,13.11,13.11,13.11,b乙↗上11.A5,0橅.Aa龙猪.初,升.尾连QQ.Q3,连3,银升b↗.0橅.Aa龙猪.初,5,5,5,716,True
2017/9/22,4.3,4.3,16.73,b乙↗上12.A6,0橅.Aa龙猪.初,升.尾连QQ.Q4,宽高连4,银升b↗.0橅.Aa龙猪.初,6,6,6,717,True
2017/9/29,-5.73,-5.73,0.8,b乙↗上13.A7,1柜.Aa龙猪.主,(升)人.连后吞QV,宽,银升b↗.1柜.Aa龙猪.主,7,7,7,718,True
2017/10/13,-1.22,-1.22,3.4,b乙↗上14.A8,2栅.Bc龙管栅.主,跌.尾连VW.W2,宽,金升b↗.2栅.Bc龙管栅.主,8,8,8,719,True
2017/10/20,-2.95,-2.95,2.09,b乙→中15.Y,5蛀.Fe震正根.主,跌.尾连WW.W3,宽,金升b→.5蛀.Fe震正根.主,-1,9,9,720,True
2017/10/27,-4.82,-4.82,0.51,c丙↘下16.Z-2,5蛀.Fe震正根.破,跌.尾连WW.W4,宽,金升c↘.被3v,-2,-1,10,721,True
2017/11/3,-6.79,-6.79,0.8,c丙↘下17.Z-3,5蛀.__Df头负._破,跌.尾连WW.W5,,尿降c↘.逃4v,-3,-2,-1,722,True
2017/11/10,2.14,2.14,3.14,z丁↘忑-1.Z-4,9妩.__Aa龙猪._破,跌.尾反孕Wo,,尿降z↘,-4,-3,-2,723,True
2017/11/17,-7.55,-7.55,0,z丁↘忑-2.Z-5,9妩.__Aa龙猪._初,跌.尾吞oV,,尿降z↘,-5,-4,-3,724,True
2017/11/24,3.03,3.03,4.08,z丁↘忑-3.Z-6,9妩.__Aa龙猪._初,跌.尾反孕oVo,,屎降z↘,-6,-5,-4,725,True
2017/12/1,-0.29,-0.29,1.03,z丁↘忑-4.Z-7,9妩.__Aa龙猪._初,(跌)人.孕孕ov,,屎降z↘,-7,-6,-5,726,True
2017/12/8,-3.39,-3.39,2.65,z丁↘忑-5.Z-8,9妩.__Aa龙猪._初,跌.尾连vW.W2,,屎降z↘,-8,-7,-6,727,True
2017/12/15,3.05,3.05,3.2,z丁↘忑-6.Z-9,8姖.__Aa龙猪._初,(跌)人.连后吞WO,,屎降z↘,-9,-8,-7,728,True
2017/12/22,0,0,2.81,z丁↘忑-7.Z-10,7姗.__Bd龙管杂._初,升.尾连OQ.Q2,,屎降z↘,-10,-9,-8,729,True
2017/12/29,2.07,2.07,3.4,y戊↘忠-8.I,4蛀.__Fe震正根._主,升.尾连QQ.Q3,,屎降y↘,1,-10,-9,730,True
2018/1/5,3.91,3.91,8.99,r己↗忐-9.B2,4蛀.__Fe震正根.储,升.尾连QQ.Q4,,屎降r↗.4蛀.__Fe震正根.储.魅6v,2,1,-10,731,True
2018/1/12,0.42,0.42,4.04,r己↗忐-10.B3,4蛀.Df头负.储,升.尾连QQ.Q5,连5,唏待r↗.4蛀.Df头负.储.口1v,3,2,1,732,True
2018/1/19,-2.08,-2.08,0.97,r己↗忐-11.A4,1柜.__Fe震正根.储,(升)人.连后吞QV,,屎降r↗.1柜.__Fe震正根.储.魅6v,4,3,-1,733,True
2018/1/26,5.25,5.25,5.82,a甲↗上1.A5,1柜.Dd头正芽.储,(人)人.吞吞* VO,,银升a↗.1柜.Dd头正芽.储,5,4,1,734,True
2018/2/2,-12.94,-12.94,1.35,z丁↘忑-1.Y,5蛀.__Aa龙猪._再C,(人)人.吞吞* OV,,屎降z↘,-1,-1,-1,735,True
2018/2/9,-7.28,-7.28,3.25,z丁↘忑-2.Z-2,5蛀.__Aa龙猪._再C,跌.尾连VW.W2,,屎降z↘,-2,-2,-2,736,True
2018/2/14,2.34,2.34,3.17,z丁↘忑-3.Z-3,5蛀.__Aa龙猪._再C,跌.尾反孕Wo,,屎降z↘,-3,-3,-3,737,True
2018/2/23,4.24,4.24,5.06,z丁↘忑-4.Z-4,7姗.__Bd龙管杂._再C,升.尾连oQ.Q2,,屎降z↘,-4,-4,-4,738,True
2018/3/2,1.1,1.1,1.88,z丁↘忑-5.Z-5,6娝.__Fa震正〇._主,升.尾连QQ.Q3,,屎降z↘,-5,-5,-5,739,True
2018/3/9,-0.31,-0.31,1.39,z丁↘忑-6.Z-6,6娝.__Fa震正〇._主,升.尾反孕Qv,,屎降z↘,-6,-6,-6,740,True
2018/3/16,-1.4,-1.4,3.73,z丁↘忑-7.Z-7,6娝.__Fa震正〇._主,跌.尾连vW.W2,,屎降z↘,-7,-7,-7,741,True
2018/3/23,3.15,3.15,5.2,y戊↘忠-8.I,4蛀.__Fe震正根._主,(跌)人.连后吞WO,,屎降y↘,1,-8,-8,742,True
2018/3/30,-4.58,-4.58,-0.92,y戊↘忑-9.Y暂,5暂.__Fa震正〇._主,(人)人.吞吞* OV,,屎降y↘,-1,-9,-9,743,True
2018/4/4,6.88,6.88,8.32,r己↗忐-10.I暂,4暂.__Fe震正根.储,(人)人.吞吞* VO,,屎降r↗.4暂.__Fe震正根.储.魅6v,1,1,-10,744,True
2018/4/13,-6.59,-6.59,1.2,y戊↘忑-11.Y暂,5暂.__Fa震正〇._再B,(人)人.吞吞* OV,,屎降y↘,-1,-1,-11,745,True
2018/4/20,-3.37,-3.37,1.92,y戊↘忑-12.Z-2暂,5暂.__Fa震正〇._再B,跌.尾连VW.W2,,屎降y↘,-2,-2,-12,746,True
2018/4/27,1.16,1.16,3.48,y戊↘忑-13.Z-3暂,5暂.__Fa震正〇._再B,跌.尾反孕Wo,,屎降y↘,-3,-3,-13,747,True
2018/5/4,1.8,1.8,1.97,y戊↘忑-14.Z-4,7姗.__Fa震正〇._再B,升.尾连oQ.Q2,,屎降y↘,-4,-4,-14,748,True
2018/5/11,-0.81,-0.81,1.93,y戊↘忑-15.Z-5,7姗.__Fa震正〇._主,升.尾反孕Qv,,屎降y↘,-5,-5,-15,749,True
2018/5/18,3.73,3.73,4.87,y戊↘忠-16.I,4蛀.__Fe震正根._主,升.尾吞vO,,屎降y↘,1,-6,-16,750,True
2018/5/25,-2.19,-2.19,4.54,y戊↘忠-17.B2,4蛀.__Fe震正根._主,升.尾反孕vOv,,屎降y↘,2,-7,-17,751,True
2018/6/1,2.88,2.88,8.32,r己↗忐-18.B3,4蛀.__Fe震正根.储,升.尾吞vO,,屎降r↗.4蛀.__Fe震正根.储.魅6v,3,1,-18,752,True
2018/6/8,-13.53,-13.53,1.24,y戊↘忑-19.Y暂,5暂.__Aa龙猪._再B,(升)人.吞吞vOV,,屎降y↘,-1,-1,-19,753,True
2018/6/15,-3.6,-3.6,0.72,y戊↘忑-20.Z-2暂,5暂.__Aa龙猪._再B,跌.尾连VW.W2,,屎降y↘,-2,-2,-20,754,True
2018/6/22,-10.45,-10.45,3.54,y戊↘忑-21.Z-3暂,5暂.__Aa龙猪._再B,跌.尾连WW.W3,,屎降y↘,-3,-3,-21,755,True
2018/6/29,1.46,1.46,1.88,y戊↘忑-22.Z-4,9妩.__Aa龙猪._再B,跌.尾反孕Wo,,屎降y↘,-4,-4,-22,756,True
2018/7/6,0.82,0.82,3.29,y戊↘忑-23.Z-5,7姗.__Bd龙管杂._主,升.尾连oQ.Q2,,屎降y↘,-5,-5,-23,757,True
2018/7/13,1.02,1.02,1.43,y戊↘忑-24.Z-6,6娝.__Fa震正〇._主,升.尾连QQ.Q3,,屎降y↘,-6,-6,-24,758,True
2018/7/20,-1.61,-1.61,0.6,y戊↘忑-25.Z-7,6娝.__Fa震正〇._主,(升)人.连后吞QV,,屎降y↘,-7,-7,-25,759,True
2018/7/27,8.81,8.81,13.11,y戊↘忠-26.I,4蛀.__Fe震正根._主,(人)人.吞吞* VO,,屎降y↘,1,-8,-26,760,True
2018/8/3,-0.56,-0.56,5.08,y戊↘忠-27.B2,4蛀.__Fe震正根._主,(人)人.吞吞* VO,,屎降y↘,2,-9,-27,761,True
2018/8/10,5.11,5.11,9.09,r己↗忐-28.B3,4蛀.__Fe震正根.储,升.尾吞vO,,屎降r↗.4蛀.__Fe震正根.储.魅6v,3,1,-28,762,True
2018/8/17,-9.55,-9.55,0.9,y戊↘忑-29.Y暂,5暂.__Fa震正〇._再B,(升)人.吞吞vOV,,屎降y↘,-1,-1,-29,763,True
2018/8/24,-0.6,-0.6,3.59,y戊↘忑-30.Z-2暂,5暂.__Fa震正〇._再B,跌.尾连VW.W2,,屎降y↘,-2,-2,-30,764,True
2018/8/31,8.22,8.22,10.62,y戊↘忠-31.I暂,4暂.__Fe震正根._再B,(跌)人.连后吞WO,,屎降y↘,1,-3,-31,765,True
2018/9/7,0,0,3.52,r己↗忐-32.B2暂,4暂.__Fe震正根.储,升.尾连OQ.Q2,,屎降r↗.4暂.__Fe震正根.储.魅6v,2,1,-32,766,True
2018/9/14,-5.19,-5.19,1.48,y戊↘忑-33.Y暂,5暂.__Fa震正〇._再B,(升)人.连后吞QV,,屎降y↘,-1,-1,-33,767,True
2018/9/21,1.56,1.56,2.15,y戊↘忑-34.Z-2暂,5暂.__Fa震正〇._再B,(升)人.连后吞QVo,,屎降y↘,-2,-2,-34,768,True
2018/9/28,-2.69,-2.69,0.38,y戊↘忑-35.Z-3暂,5暂.__Fa震正〇._再B,跌.尾吞oV,,屎降y↘,-3,-3,-35,769,True
2018/10/12,-12.45,-12.45,-0.4,y戊↘忑-36.Z-4,9妩.__Aa龙猪._再B,跌.尾连VW.W2,,屎降y↘,-4,-4,-36,770,True
2018/10/19,-3.61,-3.61,2.71,y戊↘忑-37.Z-5,9妩.__Aa龙猪._主,跌.尾连WW.W3,,屎降y↘,-5,-5,-37,771,True
2018/10/26,4.92,4.92,7.03,y戊↘忑-38.Z-6,8姖.__Aa龙猪._主,(跌)人.连后吞WO,,屎降y↘,-6,-6,-38,772,True
2018/11/2,4.69,4.69,4.91,y戊↘忑-39.Z-7,7姗.__Bd龙管杂._主,升.尾连OQ.Q2,,屎降y↘,-7,-7,-39,773,True
2018/11/9,-1.92,-1.92,1.49,y戊↘忑-40.Z-8,7姗.__Fa震正〇._主,升.尾反孕Qv,,屎降y↘,-8,-8,-40,774,True
2018/11/16,6.09,6.09,7.83,y戊↘忠-41.I,4蛀.__Fe震正根._主,升.尾吞vO,,屎降y↘,1,-9,-41,775,True
2018/11/23,-6.76,-6.76,1.64,y戊↘忑-42.Y暂,5暂.__Fa震正〇._主,(升)人.吞吞vOV,,屎降y↘,-1,-10,-42,776,True
2018/11/30,1.32,1.32,6.15,y戊↘忑-43.Z-2暂,5暂.__Fa震正〇._主,(升)人.吞吞vOVo,,屎降y↘,-2,-11,-43,777,True
2018/12/7,2.17,2.17,4.77,y戊↘忠-44.I暂,4暂.__Fe震正根._主,升.尾连oQ.Q2,,屎降y↘,1,-12,-44,778,True
2018/12/14,-3.61,-3.61,-0.21,y戊↘忑-45.Y暂,5暂.__Fa震正〇._主,(升)人.连后吞QV,,屎降y↘,-1,-13,-45,779,True
2018/12/21,-1.98,-1.98,0.22,y戊↘忑-46.Z-2暂,5暂.__Fa震正〇._主,跌.尾连VW.W2,,屎降y↘,-2,-14,-46,780,True
2018/12/28,-1.35,-1.35,1.57,y戊↘忑-47.Z-3暂,5暂.__Aa龙猪._主,跌.尾连WW.W3,,屎降y↘,-3,-15,-47,781,True
2019/1/4,0.68,0.68,1.14,y戊↘忑-48.Z-4,8姖.__Aa龙猪._主,(跌)人.连后吞WO,,屎降y↘,-4,-16,-48,782,True
2019/1/11,2.26,2.26,3.17,y戊↘忑-49.Z-5,7姗.__Bd龙管杂._主,升.尾连OQ.Q2,,屎降y↘,-5,-17,-49,783,True
2019/1/18,1.11,1.11,1.33,y戊↘忠-50.I,4蛀.__Be龙管根._主,升.尾连QQ.Q3,,屎降y↘,1,-18,-50,784,True
2019/1/25,-3.5,-3.5,1.75,y戊↘忑-51.Y暂,5暂.__Fa震正〇._主,(升)人.连后吞QV,,屎降y↘,-1,-19,-51,785,True
2019/2/1,-2.49,-2.49,1.13,y戊↘忑-52.Z-2暂,5暂.__Aa龙猪._主,跌.尾连VW.W2,,屎降y↘,-2,-20,-52,786,True
2019/2/15,5.81,5.81,7.91,y戊↘忠-53.I暂,4暂.__Be龙管根._主,(跌)人.连后吞WO,,屎降y↘,1,-21,-53,787,True
2019/2/22,4.84,4.84,7.91,r己↗忐-54.B2暂,4暂.__Fe震正根.储,升.尾连OQ.Q2,,屎降r↗.4暂.__Fe震正根.储.魅6v,2,1,-54,788,True
2019/3/1,5.03,5.03,6.5,a甲↗上1.B3暂,4暂.Aa龙猪.储,升.尾连QQ.Q3,连3,唏待a↗.4暂.Aa龙猪.储,3,2,1,789,True
2019/3/8,2,2,6.99,a甲↗上2.A4,0橅.Aa龙猪.储,升.尾连QQ.Q4,连4,唏待a↗.0橅.Aa龙猪.储,4,3,2,790,True
2019/3/15,1.76,1.76,7.24,a甲↗上3.A5,0橅.Aa龙猪.初,升.尾连QQ.Q5,连5,唏待a↗.0橅.Aa龙猪.初,5,4,3,791,True
2019/3/22,6.35,6.35,9.81,a甲↗上4.A6,0橅.Aa龙猪.初,升.尾连QQ.Q6,连6,银升a↗.0橅.Aa龙猪.初,6,5,4,792,True
2019/3/29,-1.81,-1.81,7.41,a甲↗上5.A7,0橅.Aa龙猪.初,升.尾反孕Qv,,银升a↗.0橅.Aa龙猪.初,7,6,5,793,True
2019/4/4,3.87,3.87,5.52,a甲↗上6.A8,0橅.Aa龙猪.初,升.尾吞vO,,银升a↗.0橅.Aa龙猪.初,8,7,6,794,True
2019/4/12,-0.53,-0.53,3.37,a甲↗上7.A9,0橅.Aa龙猪.初,升.尾反孕vOv,,银升a↗.0橅.Aa龙猪.初,9,8,7,795,True
2019/4/19,2.32,2.32,4.1,a甲↗上8.A10,0橅.Fa震正〇.初,升.尾吞vO,,银升a↗.0橅.Fa震正〇.初,10,9,8,796,True
2019/4/26,-10.1,-10.1,1.57,b乙→中9.Y,5蛀.Fe震正根.主,(升)人.吞吞vOV,,唏待b→.5蛀.Fe震正根.主,-1,10,9,797,True
2019/4/30,-2.91,-2.91,0.78,c丙↘下10.Z-2,5蛀.Fe震正根.破,跌.尾连VW.W2,,唏待c↘.被3v,-2,-1,10,798,True
2019/5/10,2.79,2.79,4.19,c丙↘下11.Z-3,5蛀.Fe震正根.破,跌.尾反孕Wo,,唏待c↘.被3v,-3,-2,11,799,True
2019/5/17,7.77,7.77,11.65,b乙↗上12.I暂,4暂.Dd头正芽.再B,升.尾连oQ.Q2,,银升b↗.4暂.Dd头正芽.再B,1,1,12,800,True
2019/5/24,-6.31,-6.31,0.9,b乙→中13.Y暂,5暂.De头正根.再B,升.尾反孕Qv,,唏待b→.5暂.De头正根.再B,-1,2,13,801,True
2019/5/31,8.85,8.85,10.38,b乙↗上14.I暂,4暂.Dd头正芽.再B,升.尾吞vO,,银升b↗.4暂.Dd头正芽.再B,1,3,14,802,True
2019/6/6,-0.71,-0.71,8.83,b乙↗上15.B2暂,4暂.Aa龙猪.再B,升.尾反孕vOv,,银升b↗.4暂.Aa龙猪.再B,2,4,15,803,True
2019/6/14,9.43,9.43,19.04,b乙↗上16.B3暂,4暂.Aa龙猪.再B,升.尾吞vO,高,银升b↗.4暂.Aa龙猪.再B,3,5,16,804,True
2019/6/21,-0.65,-0.65,7.97,b乙↗上17.A4,0橅.Aa龙猪.主,升.尾反孕vOv,,银升b↗.0橅.Aa龙猪.主,4,6,17,805,True
2019/6/28,-7.53,-7.53,6.55,b乙↗上18.A5,2栅.Bc龙管栅.主,跌.尾连vW.W2,,银升b↗.2栅.Bc龙管栅.主,5,7,18,806,True
2019/7/5,-1.42,-1.42,1.42,b乙→中19.Y,5蛀.Fe震正根.主,跌.尾连WW.W3,,银升b→.5蛀.Fe震正根.主,-1,8,19,807,True
2019/7/12,-6.82,-6.82,-0.54,c丙↘下20.Z-2,5蛀.__Df头负._破,跌.尾连WW.W4,,屎降c↘.逃4v,-2,-1,-1,808,True
2019/7/19,1.16,1.16,5.2,z丁↘忑-1.Z-3,5蛀.__Fa震正〇._破,跌.尾反孕Wo,,屎降z↘,-3,-2,-2,809,True
2019/7/26,-3.62,-3.62,0.57,z丁↘忑-2.Z-4,9妩.__Aa龙猪._破,跌.尾吞oV,,屎降z↘,-4,-3,-3,810,True
2019/8/2,0.4,0.4,2.57,z丁↘忑-3.Z-5,9妩.__Aa龙猪._初,跌.尾反孕oVo,,屎降z↘,-5,-4,-4,811,True
2019/8/9,-9.06,-9.06,1.57,z丁↘忑-4.Z-6,9妩.__Aa龙猪._初,跌.尾吞oV,,屎降z↘,-6,-5,-5,812,True
2019/8/16,2.38,2.38,3.25,z丁↘忑-5.Z-7,9妩.__Aa龙猪._初,跌.尾反孕oVo,,屎降z↘,-7,-6,-6,813,True
2019/8/23,4.65,4.65,8.03,z丁↘忑-6.Z-8,7姗.__Bd龙管杂._初,升.尾连oQ.Q2,,屎降z↘,-8,-7,-7,814,True
2019/8/30,-1.82,-1.82,2.83,z丁↘忑-7.Z-9,7姗.__Bd龙管杂._初,升.尾反孕Qv,,屎降z↘,-9,-8,-8,815,True
2019/9/6,4.94,4.94,7.82,y戊↘忠-8.I,4蛀.__Fe震正根._初,升.尾吞vO,,屎降y↘,1,-9,-9,816,True
2019/9/12,0.78,0.78,2.16,y戊↘忠-9.B2,4蛀.__Fe震正根._主,升.尾连OQ.Q2,,屎降y↘,2,-10,-10,817,True
2019/9/20,-4.47,-4.47,0.58,y戊↘忑-10.Y暂,5暂.__Fa震正〇._主,(升)人.连后吞QV,,屎降y↘,-1,-11,-11,818,True
2019/9/27,-6.31,-6.31,0.81,y戊↘忑-11.Z-2暂,5暂.__Fa震正〇._主,跌.尾连VW.W2,,屎降y↘,-2,-12,-12,819,True
2019/9/30,0.22,0.22,1.74,y戊↘忑-12.Z-3暂,5暂.__Fa震正〇._主,跌.尾反孕Wo,,屎降y↘,-3,-13,-13,820,True
2019/10/11,2.82,2.82,3.04,y戊↘忑-13.Z-4,7姗.__Fa震正〇._主,升.尾连oQ.Q2,,屎降y↘,-4,-14,-14,821,True
2019/10/18,-2.11,-2.11,1.69,y戊↘忑-14.Z-5,7姗.__Fa震正〇._主,升.尾反孕Qv,,屎降y↘,-5,-15,-15,822,True
2019/10/25,7.54,7.54,8.62,y戊↘忠-15.I,4蛀.__Fe震正根._主,升.尾吞vO,,屎降y↘,1,-16,-16,823,True
2019/11/1,-2.4,-2.4,0.6,y戊↘忠-16.B2,4蛀.__Fe震正根._主,升.尾反孕vOv,,屎降y↘,2,-17,-17,824,True
2019/11/8,-3.08,-3.08,0.21,y戊↘忑-17.Y暂,5暂.__Fa震正〇._主,跌.尾连vW.W2,,屎降y↘,-1,-18,-18,825,True
2019/11/15,-3.6,-3.6,0,y戊↘忑-18.Z-2暂,5暂.__Aa龙猪._主,跌.尾连WW.W3,,屎降y↘,-2,-19,-19,826,True
2019/11/22,1.76,1.76,3.96,y戊↘忑-19.Z-3暂,5暂.__Aa龙猪._主,跌.尾反孕Wo,,屎降y↘,-3,-20,-20,827,True
2019/11/29,1.94,1.94,2.81,y戊↘忑-20.Z-4,7姗.__Bd龙管杂._主,升.尾连oQ.Q2,,屎降y↘,-4,-21,-21,828,True
2019/12/6,0.42,0.42,1.69,y戊↘忠-21.I,4蛀.__Fe震正根._主,升.尾连QQ.Q3,,屎降y↘,1,-22,-22,829,True
2019/12/13,-2.11,-2.11,0.42,y戊↘忑-22.Y暂,5暂.__Fa震正〇._主,(升)人.连后吞QV,,屎降y↘,-1,-23,-23,830,True
2019/12/20,2.16,2.16,4.09,y戊↘忠-23.I暂,4暂.__Fe震正根._主,(升)人.连后吞QVo,,屎降y↘,1,-24,-24,831,True
2019/12/27,0.42,0.42,1.9,y戊↘忠-24.B2暂,4暂.__Fe震正根._主,升.尾连oQ.Q2,,屎降y↘,2,-25,-25,832,True
2020/1/3,7.56,7.56,9.66,a甲↗上1.B3暂,4暂.Aa龙猪.储,升.尾连QQ.Q3,连3,唏待a↗.4暂.Aa龙猪.储,3,1,1,833,True
2020/1/10,-1.37,-1.37,1.37,a甲↗上2.A4,0橅.Aa龙猪.储,升.尾反孕Qv,,唏待a↗.0橅.Aa龙猪.储,4,2,2,834,True
2020/1/17,-2.38,-2.38,4.16,a甲↗上3.A5,2栅.Bc龙管栅.初,跌.尾连vW.W2,,唏待a↗.2栅.Bc龙管栅.初,5,3,3,835,True
2020/1/23,-3.85,-3.85,0.61,c丙↘下4.Y,5蛀.__Df头负._再D,跌.尾连WW.W3,,屎降c↘.逃5I,-1,-1,-1,836,True
2020/2/7,-1.9,-1.9,-0.63,c丙↘下5.Z-2,5蛀.__Df头负._再D,跌.尾连WW.W4,,屎降c↘.逃5I,-2,-2,-2,837,True
2020/2/14,13.76,13.76,17.42,b乙↗上6.I暂,4暂.Aa龙猪.初,(跌)人.连后吞WO,高,银升b↗.4暂.Aa龙猪.初,1,1,1,838,True
2020/2/21,-0.57,-0.57,9.83,b乙↗上7.B2暂,4暂.Aa龙猪.初,(跌)人.连后吞WOv,,银升b↗.4暂.Aa龙猪.初,2,2,2,839,True
2020/2/28,-0.95,-0.95,4.94,b乙↗上8.B3暂,4暂.Aa龙猪.初,跌.尾连vW.W2,,银升b↗.4暂.Aa龙猪.初,3,3,3,840,True
2020/3/6,5.18,5.18,12.67,b乙↗上9.A4,2栅.Bc龙管栅.初,(跌)人.连后吞WO,,银升b↗.2栅.Bc龙管栅.初,4,4,4,841,True
2020/3/13,-5.11,-5.11,0.55,b乙↗上10.A5,2栅.Bc龙管栅.初,(人)人.吞吞* OV,,银升b↗.2栅.Bc龙管栅.初,5,5,5,842,True
2020/3/20,-3.85,-3.85,3.65,b乙→中11.Y,5蛀.Be龙管根.主,跌.尾连VW.W2,,银升b→.5蛀.Be龙管根.主,-1,6,6,843,True
2020/3/27,7.8,7.8,13,b乙↗上12.I暂,4暂.Fd震正芽.主,(跌)人.连后吞WO,,银升b↗.4暂.Fd震正芽.主,1,7,7,844,True
2020/4/3,6.68,6.68,12.43,b乙↗上13.B2暂,4暂.Aa龙猪.主,升.尾连OQ.Q2,,银升b↗.4暂.Aa龙猪.主,2,8,8,845,True
2020/4/10,5.04,5.04,15.65,b乙↗上14.B3暂,4暂.Aa龙猪.主,升.尾连QQ.Q3,高连3,银升b↗.4暂.Aa龙猪.主,3,9,9,846,True
2020/4/17,-6.62,-6.62,-0.17,b乙↗上15.A4,1柜.Aa龙猪.主,(升)人.连后吞QV,,金升b↗.1柜.Aa龙猪.主,4,10,10,847,True
2020/4/24,3.19,3.19,9.75,b乙↗上16.A5,1柜.Aa龙猪.主,(升)人.连后吞QVo,,金升b↗.1柜.Aa龙猪.主,5,11,11,848,True
2020/4/30,-5.67,-5.67,4.98,b乙→中17.Y,5蛀.Fe震正根.主,跌.尾吞oV,,金升b→.5蛀.Fe震正根.主,-1,12,12,849,True
2020/5/8,5.28,5.28,6.92,b乙↗上18.I暂,4暂.Fd震正芽.主,跌.尾反孕oVo,,金升b↗.4暂.Fd震正芽.主,1,13,13,850,True
2020/5/15,9.34,9.34,12.63,b乙↗上19.B2暂,4暂.Fd震正芽.主,升.尾连oQ.Q2,,金升b↗.4暂.Fd震正芽.主,2,14,14,851,True
2020/5/22,1.58,1.58,4.91,b乙↗上20.B3暂,4暂.Fd震正芽.主,升.尾连QQ.Q3,连3,金升b↗.4暂.Fd震正芽.主,3,15,15,852,True
2020/5/29,-7.32,-7.32,6.07,b乙↗上21.A4,1柜.Aa龙猪.主,(升)人.连后吞QV,,金升b↗.1柜.Aa龙猪.主,4,16,16,853,True
2020/6/5,0,0,4.2,b乙→中22.Y,5蛀.Be龙管根.主,(升)人.连后吞QVo,,金升b→.5蛀.Be龙管根.主,-1,17,17,854,True
2020/6/12,-4.03,-4.03,3.19,b乙→中23.Z-2,5蛀.Be龙管根.主,跌.尾吞oV,,金升b→.5蛀.Be龙管根.主,-2,18,18,855,True
2020/6/19,-0.18,-0.18,4.2,c丙↘下24.Z-3,5蛀.Fe震正根.破,跌.尾连VW.W2,,金升c↘.被3v,-3,-1,19,856,True
2020/6/24,-3.68,-3.68,1.23,c丙↘下25.Z-4,9妩.Fe震正根.破,跌.尾连WW.W3,,金升c↘.被3v,-4,-2,20,857,True
2020/7/3,3.64,3.64,3.83,z丁↘忑-1.Z-5,8姖.Ff震负.破,(跌)人.连后吞WO,,金升z↘.警3w,-5,-3,21,858,True
2020/7/10,4.75,4.75,8.79,a甲↗上1.I,4蛀.Dd头正芽.再C,升.尾连OQ.Q2,,金升a↗.4蛀.Dd头正芽.再C,1,1,22,859,True
2020/7/17,4.7,4.7,9.73,a甲↗上2.B2,4蛀.Dd头正芽.再C,升.尾连QQ.Q3,连3,金升a↗.4蛀.Dd头正芽.再C,2,2,23,860,True
2020/7/24,-3.04,-3.04,5.29,a甲↗上3.B3,4蛀.Dd头正芽.再C,升.尾反孕Qv,,金升a↗.4蛀.Dd头正芽.再C,3,3,24,861,True
2020/7/31,4.63,4.63,6.78,a甲↗上4.A4,0橅.Dd头正芽.再C,升.尾吞vO,,金升a↗.0橅.Dd头正芽.再C,4,4,25,862,True
2020/8/7,5.53,5.53,10.58,a甲↗上5.A5,0橅.Aa龙猪.主,升.尾连OQ.Q2,,金升a↗.0橅.Aa龙猪.主,5,5,26,863,True
2020/8/14,5.09,5.09,13.62,a甲↗上6.A6,0橅.Aa龙猪.主,升.尾连QQ.Q3,连3,金升a↗.0橅.Aa龙猪.主,6,6,27,864,True
2020/8/21,11.11,11.11,24.07,a甲↗上7.A7,0橅.Aa龙猪.主,升.尾连QQ.Q4,宽高连4,金升a↗.0橅.Aa龙猪.主,7,7,28,865,True
2020/8/28,-2.69,-2.69,5.9,a甲↗上8.A8,0橅.Aa龙猪.主,升.尾反孕Qv,宽,金升a↗.0橅.Aa龙猪.主,8,8,29,866,True
2020/9/4,-4.35,-4.35,5.4,a甲↗上9.A9,2栅.Bc龙管栅.主,跌.尾连vW.W2,宽,金升a↗.2栅.Bc龙管栅.主,9,9,30,867,True
2020/9/11,-6.2,-6.2,0.41,b乙→中10.Y,5蛀.Fe震正根.主,跌.尾连WW.W3,宽,金升b→.5蛀.Fe震正根.主,-1,10,31,868,True
2020/9/18,4.99,4.99,6.17,b乙↗上11.I暂,4暂.Fd震正芽.主,跌.尾反孕Wo,宽,金升b↗.4暂.Fd震正芽.主,1,11,32,869,True
2020/9/25,-5.73,-5.73,3.22,b乙→中12.Y暂,5暂.Fe震正根.主,跌.尾吞oV,,金升b→.5暂.Fe震正根.主,-1,12,33,870,True
2020/9/30,-2.37,-2.37,1.63,c丙↘下13.Z-2暂,5暂.Fe震正根.破,跌.尾连VW.W2,,金升c↘.被3v,-2,-1,34,871,True
2020/10/9,2.89,2.89,3.5,c丙↘下14.Z-3暂,5暂.Fe震正根.破,跌.尾反孕Wo,,金升c↘.被3v,-3,-2,35,872,True
2020/10/16,8.57,8.57,8.57,b乙↗上15.I暂,4暂.Dd头正芽.再B,升.尾连oQ.Q2,,金升b↗.4暂.Dd头正芽.再B,1,1,36,873,True
2020/10/23,-7.35,-7.35,4.9,b乙→中16.Y暂,5暂.De头正根.再B,(升)人.连后吞QV,,金升b→.5暂.De头正根.再B,-1,2,37,874,True
2020/10/30,-9.1,-9.1,0.59,z丁↘忑-1.Z-2暂,5暂.__Aa龙猪._破,跌.尾连VW.W2,,嘘待z↘,-2,-1,-1,875,True
2020/11/6,-0.97,-0.97,2.75,z丁↘忑-2.Z-3暂,5暂.__Aa龙猪._破,跌.尾连WW.W3,,嘘待z↘,-3,-2,-2,876,True
2020/11/13,0.65,0.65,4.08,z丁↘忑-3.Z-4,9妩.__Aa龙猪._破,跌.尾反孕Wo,,嘘待z↘,-4,-3,-3,877,True
2020/11/20,4.05,4.05,4.86,z丁↘忑-4.Z-5,7姗.__Bd龙管杂._初,升.尾连oQ.Q2,,嘘待z↘,-5,-4,-4,878,True
2020/11/27,-1.71,-1.71,1.87,z丁↘忑-5.Z-6,7姗.__Fa震正〇._初,升.尾反孕Qv,,嘘待z↘,-6,-5,-5,879,True
2020/12/4,1.9,1.9,3.49,y戊↘忠-6.I,4蛀.__Fe震正根._初,(升)人.孕孕vo,,嘘待y↘,1,-6,-6,880,True
2020/12/11,-4.04,-4.04,2.64,y戊↘忑-7.Y暂,5暂.__Fa震正〇._初,跌.尾吞oV,,嘘待y↘,-1,-7,-7,881,True
2020/12/18,4.54,4.54,5.19,y戊↘忠-8.I暂,4暂.__Fe震正根._初,(跌)人.吞吞oVO,,嘘待y↘,1,-8,-8,882,True
2020/12/25,0.93,0.93,4.65,r己↗忐-9.B2暂,4暂.Df头负.再D,升.尾连OQ.Q2,,金升r↗.4暂.Df头负.再D.口2i,2,1,1,883,True
2020/12/31,0.61,0.61,4.76,r己↗忐-10.B3暂,4暂.Df头负.再D,升.尾连QQ.Q3,连3,金升r↗.4暂.Df头负.再D.口2I,3,2,2,884,True
2021/1/8,-4.89,-4.89,7.18,y戊↘忑-11.Y暂,5暂.__Fa震正〇._初,(升)人.连后吞QV,,嘘待y↘,-1,-1,-1,885,True
2021/1/15,-10.27,-10.27,-0.48,y戊↘忑-12.Z-2暂,5暂.__Aa龙猪._初,跌.尾连VW.W2,,尿降y↘,-2,-2,-2,886,True
2021/1/22,-0.89,-0.89,2.86,y戊↘忑-13.Z-3暂,5暂.__Aa龙猪._初,跌.尾连WW.W3,,尿降y↘,-3,-3,-3,887,True
2021/1/29,-6.68,-6.68,1.44,y戊↘忑-14.Z-4,9妩.__Aa龙猪._初,跌.尾连WW.W4,,尿降y↘,-4,-4,-4,888,True
2021/2/5,-4.64,-4.64,0.58,y戊↘忑-15.Z-5,9妩.__Aa龙猪._初,跌.尾连WW.W5,,尿降y↘,-5,-5,-5,889,True
2021/2/10,2.23,2.23,2.64,y戊↘忑-16.Z-6,9妩.__Aa龙猪._主,跌.尾反孕Wo,,尿降y↘,-6,-6,-6,890,True
2021/2/19,9.72,9.72,10.32,y戊↘忑-17.Z-7,7姗.__Bd龙管杂._主,升.尾连oQ.Q2,,尿降y↘,-7,-7,-7,891,True
2021/2/26,3.07,3.07,6.15,y戊↘忠-18.I,4蛀.__Fe震正根._主,升.尾连QQ.Q3,,尿降y↘,1,-8,-8,892,True
2021/3/5,3.51,3.51,11.75,r己↗忐-19.B2,4蛀.__Fe震正根.储,升.尾连QQ.Q4,,尿降r↗.4蛀.__Fe震正根.储.魅6v,2,1,-9,893,True
2021/3/12,-7.8,-7.8,1.69,y戊↘忑-20.Y暂,5暂.__Fa震正〇._再B,(升)人.连后吞QV,,尿降y↘,-1,-1,-10,894,True
2021/3/19,3.31,3.31,5.51,y戊↘忠-21.I暂,4暂.__Fe震正根._再B,(升)人.连后吞QVo,,尿降y↘,1,-2,-11,895,True
2021/3/26,7.65,7.65,9.43,r己↗忐-22.B2暂,4暂.__Fe震正根.储,升.尾连oQ.Q2,,尿降r↗.4暂.__Fe震正根.储.魅6v,2,1,-12,896,True
2021/4/2,-3.64,-3.64,8.76,a甲↗上1.B3暂,4暂.__Ff震负.储,升.尾反孕Qv,,屎降a↗.4暂.__Ff震负.储.魅6w,3,2,-13,897,True
2021/4/9,2.57,2.57,9.95,a甲↗上2.A4,0橅.Aa龙猪.储,(升)人.孕孕vo,,金升a↗.0橅.Aa龙猪.储,4,3,1,898,True
2021/4/16,2.84,2.84,9.2,a甲↗上3.A5,0橅.Aa龙猪.储,升.尾连oQ.Q2,,金升a↗.0橅.Aa龙猪.储,5,4,2,899,True
2021/4/23,-4.88,-4.88,2.11,a甲↗上4.A6,1柜.Fa震正〇.储,(升)人.连后吞QV,,金升a↗.1柜.Fa震正〇.储,6,5,3,900,True
2021/4/30,1.54,1.54,5.81,a甲↗上5.A7,1柜.Fa震正〇.储,(升)人.连后吞QVo,,金升a↗.1柜.Fa震正〇.储,7,6,4,901,True
2021/5/7,6.4,6.4,7.24,a甲↗上6.A8,1柜.Fa震正〇.初,升.尾连oQ.Q2,,金升a↗.1柜.Fa震正〇.初,8,7,5,902,True
2021/5/14,5.7,5.7,12.03,a甲↗上7.A9,1柜.Aa龙猪.初,升.尾连QQ.Q3,连3,金升a↗.1柜.Aa龙猪.初,9,8,6,903,True
2021/5/21,5.09,5.09,8.83,a甲↗上8.A10,0橅.Aa龙猪.初,升.尾连QQ.Q4,连4,金升a↗.0橅.Aa龙猪.初,10,9,7,904,True
2021/5/28,-3.42,-3.42,1.14,a甲↗上9.A11,0橅.Aa龙猪.初,升.尾反孕Qv,,金升a↗.0橅.Aa龙猪.初,11,10,8,905,True
2021/6/4,-2.65,-2.65,4.42,a甲↗上10.A12,2栅.Bc龙管栅.初,跌.尾连vW.W2,,金升a↗.2栅.Bc龙管栅.初,12,11,9,906,True
2021/6/11,6.21,6.21,13.18,a甲↗上11.A13,2栅.Bc龙管栅.主,(跌)人.连后吞WO,,金升a↗.2栅.Bc龙管栅.主,13,12,10,907,True
2021/6/18,-10.41,-10.41,2,b乙→中12.Y,5蛀.Be龙管根.主,(人)人.吞吞* OV,,金升b→.5蛀.Be龙管根.主,-1,13,11,908,True
2021/6/25,10.51,10.51,11.46,b乙↗上13.I暂,4暂.Aa龙猪.主,(人)人.吞吞* OV,,金升b↗.4暂.Aa龙猪.主,1,14,12,909,True
2021/7/2,9.65,9.65,16.71,b乙↗上14.B2暂,4暂.Aa龙猪.主,升.尾连oQ.Q2,高,金升b↗.4暂.Aa龙猪.主,2,15,13,910,True
2021/7/9,21.02,21.02,24.18,b乙↗上15.B3暂,4暂.Aa龙猪.主,升.尾连QQ.Q3,宽高连3,金升b↗.4暂.Aa龙猪.主,3,16,14,911,True
2021/7/16,14.44,14.44,18.13,b乙↗上16.A4,0橅.Aa龙猪.主,升.尾连QQ.Q4,宽高连4,金升b↗.0橅.Aa龙猪.主,4,17,15,912,True
2021/7/23,1.61,1.61,7.12,b乙↗上17.A5,0橅.Aa龙猪.主,升.尾连QQ.Q5,宽连5,金升b↗.0橅.Aa龙猪.主,5,18,16,913,True
2021/7/30,-10.92,-10.92,0,b乙↗上18.A6,1柜.Aa龙猪.主,(升)人.连后吞QV,宽,金升b↗.1柜.Aa龙猪.主,6,19,17,914,True
2021/8/6,2.62,2.62,14.88,b乙↗上19.A7,1柜.Aa龙猪.主,(升)人.连后吞QVo,,金升b↗.1柜.Aa龙猪.主,7,20,18,915,True
2021/8/13,-11.64,-11.64,5.62,b乙→中20.Y,5蛀.Fe震正根.主,跌.尾吞oV,宽,金升b→.5蛀.Fe震正根.主,-1,21,19,916,True
2021/8/20,-5.78,-5.78,3.24,c丙↘下21.Z-2,5蛀.Fe震正根.破,跌.尾连VW.W2,宽,金升c↘.被3v,-2,-1,20,917,True
2021/8/27,2.33,2.33,5.4,c丙↘下22.Z-3,5蛀.Fe震正根.破,跌.尾反孕Wo,宽,金升c↘.被3v,-3,-2,21,918,True
2021/9/3,-0.96,-0.96,6.47,c丙↘下23.Z-4,9妩.Fe震正根.破,(跌)人.孕孕ov,宽,金升c↘.被3v,-4,-3,22,919,True
2021/9/10,11.5,11.5,15.25,b乙↗上24.I,4蛀.Dd头正芽.再B,升.尾吞vO,高,金升b↗.4蛀.Dd头正芽.再B,1,1,23,920,True
2021/9/17,4.45,4.45,11.29,b乙↗上25.B2,4蛀.Dd头正芽.再B,升.尾连OQ.Q2,,金升b↗.4蛀.Dd头正芽.再B,2,2,24,921,True
2021/9/24,-4.37,-4.37,4.47,b乙↗上26.B3,4蛀.Dd头正芽.再B,(升)人.连后吞QV,,金升b↗.4蛀.Dd头正芽.再B,3,3,25,922,True
2021/9/30,-7.93,-7.93,1.3,c丙↘下27.Y暂,5暂.Fe震正根.破,跌.尾连VW.W2,,金升c↘.被3v,-1,-1,26,923,True
2021/10/8,10.04,10.04,10.04,b乙↗上28.I暂,4暂.Dd头正芽.再B,(跌)人.连后吞WO,,金升b↗.4暂.Dd头正芽.再B,1,1,27,924,True
2021/10/15,3.43,3.43,7.08,b乙↗上29.B2暂,4暂.Dd头正芽.再B,升.尾连OQ.Q2,,金升b↗.4暂.Dd头正芽.再B,2,2,28,925,True
2021/10/22,-8.71,-8.71,0.62,b乙→中30.Y暂,5暂.De头正根.再B,(升)人.连后吞QV,,金升b→.5暂.De头正根.再B,-1,3,29,926,True
2021/10/29,-8.64,-8.64,3.52,c丙↘下31.Z-2暂,5暂.Fe震正根.破,跌.尾连VW.W2,,金升c↘.被3v,-2,-1,30,927,True
2021/11/5,-1.62,-1.62,4.73,z丁↘忑-1.Z-3暂,5暂.__Aa龙猪._破,跌.尾连WW.W3,,嘘待z↘,-3,-2,-1,928,True
2021/11/12,-3.41,-3.41,-0.38,z丁↘忑-2.Z-4,9妩.__Aa龙猪._破,跌.尾连WW.W4,,嘘待z↘,-4,-3,-2,929,True
2021/11/19,0.92,0.92,1.31,z丁↘忑-3.Z-5,9妩.__Aa龙猪._初,跌.尾反孕Wo,,嘘待z↘,-5,-4,-3,930,True
2021/11/26,2.46,2.46,4.28,z丁↘忑-4.Z-6,7姗.__Bd龙管杂._初,升.尾连oQ.Q2,,嘘待z↘,-6,-5,-4,931,True
2021/12/3,-1.39,-1.39,-0.25,z丁↘忑-5.Z-7,7姗.__Bd龙管杂._初,升.尾反孕Qv,,嘘待z↘,-7,-6,-5,932,True
2021/12/10,3.72,3.72,5.13,y戊↘忠-6.I,4蛀.__Fe震正根._初,升.尾吞vO,,嘘待y↘,1,-7,-6,933,True
2021/12/17,-1.36,-1.36,1.11,y戊↘忠-7.B2,4蛀.__Fe震正根._初,升.尾反孕vOv,,嘘待y↘,2,-8,-7,934,True
2021/12/24,3.89,3.89,8.53,y戊↘忠-8.B3,4蛀.Ff震负.再D,升.尾吞vO,,金升y↘.警3u,3,-9,1,935,True
2021/12/31,2.17,2.17,2.54,r己↗忐-9.A4,0橅.Df头负.再D,升.尾连OQ.Q2,,金升r↗.0橅.Df头负.再D.口2i,4,1,2,936,True
2022/1/7,-2.84,-2.84,4.73,r己↗忐-10.A5,1柜.Df头负.再D,(升)人.连后吞QV,,金升r↗.1柜.Df头负.再D.口2I,5,2,3,937,True
2022/1/14,-2.68,-2.68,3.41,y戊↘忑-11.Y,5蛀.__Fa震正〇._初,跌.尾连VW.W2,,嘘待y↘,-1,-1,-1,938,True
2022/1/21,-6.5,-6.5,1,y戊↘忑-12.Z-2,5蛀.__Fa震正〇._初,跌.尾连WW.W3,,嘘待y↘,-2,-2,-2,939,True
2022/1/28,-5.88,-5.88,2.41,y戊↘忑-13.Z-3,5蛀.__Aa龙猪._初,跌.尾连WW.W4,,尿降y↘,-3,-3,-3,940,True
2022/2/11,4.55,4.55,7.1,y戊↘忑-14.Z-4,9妩.__Aa龙猪._初,跌.尾反孕Wo,,尿降y↘,-4,-4,-4,941,True
2022/2/18,7.34,7.34,9.38,y戊↘忠-15.I,4蛀.__Be龙管根._初,升.尾连oQ.Q2,,嘘待y↘,1,-5,-5,942,True
2022/2/25,15.19,15.19,15.19,r己↗忐-16.B2,4蛀.Df头负.储,升.尾连QQ.Q3,高连3,金升r↗.4蛀.Df头负.储.口1v,2,1,1,943,True
2022/3/4,1.65,1.65,11.76,a甲↗上1.B3,4蛀.Aa龙猪.初,升.尾连QQ.Q4,宽连4,金升a↗.4蛀.Aa龙猪.初,3,2,2,944,True
2022/3/11,-2.27,-2.27,5.73,a甲↗上2.A4,1柜.Aa龙猪.初,(升)人.连后吞QV,,金升a↗.1柜.Aa龙猪.初,4,3,3,945,True
2022/3/18,-1,-1,5.86,a甲↗上3.A5,2栅.Bc龙管栅.初,跌.尾连VW.W2,,金升a↗.2栅.Bc龙管栅.初,5,4,4,946,True
2022/3/25,2.12,2.12,6.26,a甲↗上4.A6,2栅.Fa震正〇.初,(跌)人.连后吞WO,,金升a↗.2栅.Fa震正〇.初,6,5,5,947,True
2022/4/1,-4.81,-4.81,8.42,b乙→中5.Y,5蛀.Fe震正根.主,(人)人.吞吞* OV,,金升b→.5蛀.Fe震正根.主,-1,6,6,948,True
2022/4/8,7.93,7.93,10.57,b乙↗上6.I暂,4暂.Fd震正芽.主,(人)人.吞吞* VO,,金升b↗.4暂.Fd震正芽.主,1,7,7,949,True
2022/4/15,-3.62,-3.62,5.75,b乙↗上7.B2暂,4暂.Fd震正芽.主,(人)人.吞吞* VO,,金升b↗.4暂.Fd震正芽.主,2,8,8,950,True
2022/4/22,-10.83,-10.83,16.69,c丙↘下8.Y暂,5暂.__Df头负._破,跌.尾连vW.W2,,嘘待c↘.逃4v,-1,-1,-1,951,True
2022/4/29,0.12,0.12,4.21,c丙↘下9.Z-2暂,5暂.__Df头负._破,跌.尾反孕Wo,,嘘待c↘.逃4v,-2,-2,-2,952,True
2022/5/6,2.72,2.72,6.81,z丁↘忑-1.Z-3暂,5暂.__Aa龙猪._破,升.尾连oQ.Q2,,嘘待z↘,-3,-3,-3,953,True
2022/5/13,1.57,1.57,4.1,z丁↘忑-2.Z-4,6娝.__Bc龙管栅._破,升.尾连QQ.Q3,,嘘待z↘,-4,-4,-4,954,True
2022/5/20,2.14,2.14,5.46,r己↗忐-3.I,4蛀.Df头负.再C,升.尾连QQ.Q4,宽连4,金升r↗.4蛀.Df头负.再C.口2I,1,1,1,955,True
2022/5/27,6.16,6.16,8.94,a甲↗上1.B2,4蛀.Dd头正芽.再C,升.尾连QQ.Q5,连5,金升a↗.4蛀.Dd头正芽.再C,2,2,2,956,True
2022/6/2,3.28,3.28,5.25,a甲↗上2.B3,4蛀.Dd头正芽.再C,升.尾连QQ.Q6,连6,金升a↗.4蛀.Dd头正芽.再C,3,3,3,957,True
2022/6/10,1.69,1.69,2.86,a甲↗上3.A4,0橅.Dd头正芽.再C,升.尾连QQ.Q7,连7,金升a↗.0橅.Dd头正芽.再C,4,4,4,958,True
2022/6/17,-0.63,-0.63,3.96,a甲↗上4.A5,0橅.Dd头正芽.再C,升.尾反孕Qv,,金升a↗.0橅.Dd头正芽.再C,5,5,5,959,True
2022/6/24,7.97,7.97,7.97,a甲↗上5.A6,0橅.Dd头正芽.主,升.尾吞vO,,金升a↗.0橅.Dd头正芽.主,6,6,6,960,True
2022/7/1,-5.92,-5.92,2.62,a甲↗上6.A7,1柜.Aa龙猪.主,(升)人.吞吞vOV,,金升a↗.1柜.Aa龙猪.主,7,7,7,961,True
2022/7/8,10.22,10.22,15.48,a甲↗上7.A8,1柜.Aa龙猪.主,(人)人.吞吞* VO,高,金升a↗.1柜.Aa龙猪.主,8,8,8,962,True
2022/7/15,-13.39,-13.39,2.53,b乙→中8.Y,5蛀.Be龙管根.主,(人)人.吞吞* OV,,金升b→.5蛀.Be龙管根.主,-1,9,9,963,True
2022/7/22,10.05,10.05,15.68,b乙↗上9.I暂,4暂.Aa龙猪.主,(人)人.吞吞* OV,高,金升b↗.4暂.Aa龙猪.主,1,10,10,964,True
2022/7/29,0.59,0.59,2.75,b乙↗上10.B2暂,4暂.Fd震正芽.主,升.尾连oQ.Q2,,金升b↗.4暂.Fd震正芽.主,2,11,11,965,True
2022/8/5,-5.27,-5.27,3.52,b乙→中11.Y暂,5暂.Fe震正根.主,(升)人.连后吞QV,,金升b→.5暂.Fe震正根.主,-1,12,12,966,True
2022/8/12,0.21,0.21,2.06,b乙→中12.Z-2暂,5暂.Fe震正根.主,(升)人.连后吞QVo,,金升b→.5暂.Fe震正根.主,-2,13,13,967,True
2022/8/19,-4.73,-4.73,4.94,c丙↘下13.Z-3暂,5暂.Fe震正根.破,跌.尾吞oV,,金升c↘.被3v,-3,-1,14,968,True
2022/8/26,0.97,0.97,4.32,c丙↘下14.Z-4,9妩.Fe震正根.破,跌.尾反孕oVo,,金升c↘.被3v,-4,-2,15,969,True
2022/9/2,-5.99,-5.99,0,z丁↘忑-1.Z-5,9妩.__Aa龙猪._破,跌.尾吞oV,,嘘待z↘,-5,-3,-1,970,True
2022/9/9,0.68,0.68,3.07,z丁↘忑-2.Z-6,9妩.__Aa龙猪._破,跌.尾反孕oVo,,嘘待z↘,-6,-4,-2,971,True
2022/9/16,-8.02,-8.02,2.71,z丁↘忑-3.Z-7,9妩.__Aa龙猪._初,跌.尾吞oV,,尿降z↘,-7,-5,-3,972,True
2022/9/23,-0.25,-0.25,3.32,z丁↘忑-4.Z-8,9妩.__Aa龙猪._初,跌.尾连VW.W2,,尿降z↘,-8,-6,-4,973,True
2022/9/30,-3.33,-3.33,0.37,z丁↘忑-5.Z-9,9妩.__Aa龙猪._初,跌.尾连WW.W3,,尿降z↘,-9,-7,-5,974,True
2022/10/14,5.48,5.48,5.73,z丁↘忑-6.Z-10,8姖.__Aa龙猪._初,(跌)人.连后吞WO,,尿降z↘,-10,-8,-6,975,True
2022/10/21,-3.86,-3.86,0.6,z丁↘忑-7.Z-11,8姖.__Aa龙猪._初,(跌)人.连后吞WOv,,尿降z↘,-11,-9,-7,976,True
2022/10/28,-9.92,-9.92,-0.13,z丁↘忑-8.Z-12,8姖.__Aa龙猪._主,跌.尾连vW.W2,,尿降z↘,-12,-10,-8,977,True
2022/11/4,15.34,15.34,16.04,y戊↘忠-9.I,4蛀.__Be龙管根._主,(跌)人.连后吞WO,,尿降y↘,1,-11,-9,978,True
2022/11/11,-1.33,-1.33,1.21,y戊↘忠-10.B2,4蛀.__Be龙管根._主,(跌)人.连后吞WOv,,尿降y↘,2,-12,-10,979,True
2022/11/18,-2.57,-2.57,0.98,y戊↘忑-11.Y暂,5暂.__Aa龙猪._主,跌.尾连vW.W2,,尿降y↘,-1,-13,-11,980,True
2022/11/25,-0.88,-0.88,1.76,y戊↘忑-12.Z-2暂,5暂.__Fa震正〇._主,跌.尾连WW.W3,,尿降y↘,-2,-14,-12,981,True
2022/12/2,2.92,2.92,3.68,y戊↘忠-13.I暂,4暂.__Fe震正根._主,(跌)人.连后吞WO,,尿降y↘,1,-15,-13,982,True
2022/12/9,0.99,0.99,1.6,y戊↘忠-14.B2暂,4暂.__Fe震正根._主,升.尾连OQ.Q2,,尿降y↘,2,-16,-14,983,True
2022/12/16,-4.03,-4.03,0.73,y戊↘忑-15.Y暂,5暂.__Fa震正〇._主,(升)人.连后吞QV,,尿降y↘,-1,-17,-15,984,True
2022/12/23,-5.6,-5.6,0.89,y戊↘忑-16.Z-2暂,5暂.__Fa震正〇._主,跌.尾连VW.W2,,屎降y↘,-2,-18,-16,985,True
2022/12/30,1.89,1.89,4.18,y戊↘忑-17.Z-3暂,5暂.__Fa震正〇._主,跌.尾反孕Wo,,屎降y↘,-3,-19,-17,986,True
2023/1/6,0.53,0.53,1.46,y戊↘忑-18.Z-4,7姗.__Fa震正〇._主,升.尾连oQ.Q2,,屎降y↘,-4,-20,-18,987,True
2023/1/13,0,0,1.32,y戊↘忑-19.Z-5,6娝.__Fa震正〇._主,升.尾连QQ.Q3,,屎降y↘,-5,-21,-19,988,True
2023/1/20,3.42,3.42,3.55,y戊↘忠-20.I,4蛀.__Fe震正根._主,升.尾连QQ.Q4,,屎降y↘,1,-22,-20,989,True
2023/2/3,2.42,2.42,3.56,r己↗忐-21.B2,4蛀.__Fe震正根.储,升.尾连QQ.Q5,,屎降r↗.4蛀.__Fe震正根.储.魅6v,2,1,-21,990,True
2023/2/10,2.48,2.48,3.48,r己↗忐-22.B3,4蛀.__Fe震正根.储,升.尾连QQ.Q6,,屎降r↗.4蛀.__Fe震正根.储.魅6v,3,2,-22,991,True
2023/2/17,-4.36,-4.36,1.58,a甲↗上1.A4,1柜.__Ff震负.储,(升)人.连后吞QV,,屎降a↗.1柜.__Ff震负.储.魅6w,4,3,-23,992,True
2023/2/24,1.77,1.77,3.3,a甲↗上2.A5,1柜.__Ff震负.储,(升)人.连后吞QVo,,屎降a↗.1柜.__Ff震负.储.魅6w,5,4,-24,993,True
2023/3/3,-0.37,-0.37,0.75,a甲↗上3.A6,1柜.__Ff震负.储,(人)人.孕孕vo,,屎降a↗.1柜.__Ff震负.储.魅6w,6,5,-25,994,True
2023/3/10,-2.75,-2.75,1,z丁↘忑-1.Y,5蛀.__Fa震正〇._再C,跌.尾连vW.W2,,屎降z↘,-1,-1,-26,995,True
2023/3/17,-2.83,-2.83,0.26,z丁↘忑-2.Z-2,5蛀.__Fa震正〇._再C,跌.尾连WW.W3,,屎降z↘,-2,-2,-27,996,True
2023/3/24,0.4,0.4,3.7,z丁↘忑-3.Z-3,5蛀.__Fa震正〇._再C,跌.尾反孕Wo,,屎降z↘,-3,-3,-28,997,True
2023/3/31,0.53,0.53,1.19,z丁↘忑-4.Z-4,7姗.__Bd龙管杂._再C,升.尾连oQ.Q2,,屎降z↘,-4,-4,-29,998,True
2023/4/7,2.75,2.75,3.15,y戊↘忠-5.I,4蛀.__Be龙管根._再B,升.尾连QQ.Q3,,屎降y↘,1,-5,-30,999,True
2023/4/14,-4.21,-4.21,0.64,y戊↘忑-6.Y暂,5暂.__Aa龙猪._主,(升)人.连后吞QV,,屎降y↘,-1,-6,-31,1000,True
2023/4/21,3.99,3.99,7.72,y戊↘忠-7.I暂,4暂.__Be龙管根._主,(升)人.连后吞QVo,,屎降y↘,1,-7,-32,1001,True
2023/4/28,7.43,7.43,8.07,a甲↗上1.B2暂,4暂.Aa龙猪.储,升.尾连oQ.Q2,,银升a↗.4暂.Aa龙猪.储,2,1,1,1002,True
2023/5/5,1.19,1.19,2.5,a甲↗上2.B3暂,4暂.Aa龙猪.初,升.尾连QQ.Q3,连3,银升a↗.4暂.Aa龙猪.初,3,2,2,1003,True
2023/5/12,-7.54,-7.54,-3.42,b乙→中3.Y暂,5暂.Be龙管根.初,(升)人.连后吞QV,,唏待b→.5暂.Be龙管根.初,-1,3,3,1004,True
2023/5/19,2.93,2.93,4.59,b乙↗上4.I暂,4暂.Aa龙猪.初,(人)人.吞吞* VO,,唏待b↗.4暂.Aa龙猪.初,1,4,4,1005,True
2023/5/26,-3.22,-3.22,2.97,c丙↘下5.Y暂,5暂.__Df头负._再D,(人)人.吞吞* OV,,屎降c↘.逃5I,-1,-1,-1,1006,True
2023/6/2,2.43,2.43,4.6,b乙→中6.Z-2暂,5暂.__Ff震负._再D,(人)人.吞吞* OV,,屎降b→.5暂.__Ff震负._再D.魅6h,-2,1,-2,1007,True
2023/6/9,2.62,2.62,3,b乙↗上7.I暂,4暂.Dd头正芽.初,升.尾连oQ.Q2,,银升b↗.4暂.Dd头正芽.初,1,2,1,1008,True
2023/6/16,-1.82,-1.82,0.36,b乙↗上8.B2暂,4暂.Dd头正芽.初,升.尾反孕Qv,,唏待b↗.4暂.Dd头正芽.初,2,3,2,1009,True
2023/6/21,-1.86,-1.86,1.61,c丙↘下9.Y暂,5暂.__Df头负._再D,跌.尾连vW.W2,,屎降c↘.逃5i,-1,-1,-1,1010,True
2023/6/30,2.4,2.4,2.9,b乙↗上10.I暂,4暂.Dd头正芽.初,(跌)人.连后吞WO,,唏待b↗.4暂.Dd头正芽.初,1,1,1,1011,True
2023/7/7,2.59,2.59,3.33,b乙↗上11.B2暂,4暂.Dd头正芽.初,升.尾连OQ.Q2,,银升b↗.4暂.Dd头正芽.初,2,2,2,1012,True
2023/7/14,6.13,6.13,9.13,b乙↗上12.B3暂,4暂.Aa龙猪.初,升.尾连QQ.Q3,连3,银升b↗.4暂.Aa龙猪.初,3,3,3,1013,True
2023/7/21,1.59,1.59,5.66,b乙↗上13.A4,0橅.Aa龙猪.初,升.尾连QQ.Q4,连4,银升b↗.0橅.Aa龙猪.初,4,4,4,1014,True
2023/7/28,-1.67,-1.67,0.78,b乙↗上14.A5,0橅.Aa龙猪.初,升.尾反孕Qv,,银升b↗.0橅.Aa龙猪.初,5,5,5,1015,True
2023/8/4,-0.68,-0.68,1.93,b乙↗上15.A6,2栅.Bc龙管栅.主,跌.尾连vW.W2,,金升b↗.2栅.Bc龙管栅.主,6,6,6,1016,True
2023/8/11,-0.34,-0.34,4,b乙↗上16.A7,3桮.Fa震正〇.主,跌.尾连WW.W3,,金升b↗.3桮.Fa震正〇.主,7,7,7,1017,True
2023/8/18,-2.52,-2.52,2.86,b乙→中17.Y,5蛀.Fe震正根.主,跌.尾连WW.W4,,金升b→.5蛀.Fe震正根.主,-1,8,8,1018,True
2023/8/25,0.59,0.59,3.64,b乙→中18.Z-2,5蛀.Fe震正根.主,跌.尾反孕Wo,,金升b→.5蛀.Fe震正根.主,-2,9,9,1019,True
2023/9/1,4.67,4.67,5.72,b乙↗上19.I暂,4暂.Fd震正芽.主,升.尾连oQ.Q2,,金升b↗.4暂.Fd震正芽.主,1,10,10,1020,True
2023/9/8,-5.13,-5.13,0.67,b乙→中20.Y暂,5暂.Fe震正根.主,(升)人.连后吞QV,,金升b→.5暂.Fe震正根.主,-1,11,11,1021,True
2023/9/15,0.59,0.59,1.41,b乙→中21.Z-2暂,5暂.Fe震正根.主,(升)人.连后吞QVo,,金升b→.5暂.Fe震正根.主,-2,12,12,1022,True
2023/9/22,1.87,1.87,3.63,b乙↗上22.I暂,4暂.Fd震正芽.主,升.尾连oQ.Q2,,金升b↗.4暂.Fd震正芽.主,1,13,13,1023,True
2023/9/28,1.72,1.72,3.9,b乙↗上23.B2暂,4暂.Fd震正芽.主,升.尾连QQ.Q3,连3,金升b↗.4暂.Fd震正芽.主,2,14,14,1024,True
2023/10/13,-5.98,-5.98,0.56,c丙↘下24.Y暂,5暂.Fe震正根.破,(升)人.连后吞QV,,金升c↘.被3v,-1,-1,15,1025,True
2023/10/20,-2.4,-2.4,1.92,z丁↘忑-1.Z-2暂,5暂.__Aa龙猪._破,跌.尾连VW.W2,,尿降z↘,-2,-2,-1,1026,True
2023/10/27,2.71,2.71,3.08,z丁↘忑-2.Z-3暂,5暂.__Aa龙猪._破,(跌)人.连后吞WO,,尿降z↘,-3,-3,-2,1027,True
2023/11/3,0.48,0.48,4.31,z丁↘忑-3.Z-4,7姗.__Bd龙管杂._破,升.尾连OQ.Q2,,嘘待z↘,-4,-4,-3,1028,True
2023/11/10,-0.6,-0.6,1.43,z丁↘忑-4.Z-5,7姗.__Bd龙管杂._初,(升)人.连后吞QV,,嘘待z↘,-5,-5,-4,1029,True
2023/11/17,0.48,0.48,2.04,z丁↘忑-5.Z-6,7姗.__Fa震正〇._初,(升)人.连后吞QVo,,嘘待z↘,-6,-6,-5,1030,True
2023/11/24,0.24,0.24,0.48,y戊↘忠-6.I,4蛀.__Fe震正根._初,升.尾连oQ.Q2,,嘘待y↘,1,-7,-6,1031,True
2023/12/1,-0.48,-0.48,0.83,y戊↘忑-7.Y暂,5暂.__Fa震正〇._初,(升)人.连后吞QV,,嘘待y↘,-1,-8,-7,1032,True
2023/12/8,-0.72,-0.72,1.79,y戊↘忑-8.Z-2暂,5暂.__Fa震正〇._初,跌.尾连VW.W2,,尿降y↘,-2,-9,-8,1033,True
2023/12/15,-1.69,-1.69,0.24,y戊↘忑-9.Z-3暂,5暂.__Fa震正〇._初,跌.尾连WW.W3,,尿降y↘,-3,-10,-9,1034,True
2023/12/22,-5.39,-5.39,0.12,y戊↘忑-10.Z-4,9妩.__Aa龙猪._初,跌.尾连WW.W4,,尿降y↘,-4,-11,-10,1035,True
2023/12/29,3.24,3.24,3.63,y戊↘忑-11.Z-5,9妩.__Aa龙猪._初,跌.尾反孕Wo,,尿降y↘,-5,-12,-11,1036,True
2024/1/5,-0.38,-0.38,2.01,y戊↘忑-12.Z-6,9妩.__Aa龙猪._初,(跌)人.孕孕ov,,尿降y↘,-6,-13,-12,1037,True
2024/1/12,0.13,0.13,1.51,y戊↘忑-13.Z-7,9妩.__Fa震正〇._初,(人)人.孕孕vo,,屎降y↘,-7,-14,-13,1038,True
2024/1/19,-4.03,-4.03,1.76,y戊↘忑-14.Z-8,9妩.__Aa龙猪._主,跌.尾吞oV,,屎降y↘,-8,-15,-14,1039,True
2024/1/26,2.36,2.36,3.01,y戊↘忑-15.Z-9,9妩.__Aa龙猪._主,跌.尾反孕oVo,,屎降y↘,-9,-16,-15,1040,True
2024/2/2,-12.68,-12.68,-1.54,y戊↘忑-16.Z-10,9妩.__Aa龙猪._主,跌.尾吞oV,,屎降y↘,-10,-17,-16,1041,True
2024/2/8,1.91,1.91,2.2,y戊↘忑-17.Z-11,9妩.__Aa龙猪._主,跌.尾反孕oVo,,屎降y↘,-11,-18,-17,1042,True
2024/2/23,3.17,3.17,4.75,y戊↘忑-18.Z-12,7姗.__Bd龙管杂._主,升.尾连oQ.Q2,,屎降y↘,-12,-19,-18,1043,True
2024/3/1,1.39,1.39,4.46,y戊↘忑-19.Z-13,6娝.__Bc龙管栅._主,升.尾连QQ.Q3,,屎降y↘,-13,-20,-19,1044,True
2024/3/8,-1.24,-1.24,0,y戊↘忑-20.Z-14,6娝.__Fa震正〇._主,升.尾反孕Qv,,屎降y↘,-14,-21,-20,1045,True
2024/3/15,2.37,2.37,3.9,y戊↘忠-21.I,4蛀.__Fe震正根._主,升.尾吞vO,,屎降y↘,1,-22,-21,1046,True
2024/3/22,0.95,0.95,3.81,y戊↘忠-22.B2,4蛀.__Fe震正根._主,升.尾连OQ.Q2,,屎降y↘,2,-23,-22,1047,True
2024/3/29,4.18,4.18,4.58,r己↗忐-23.B3,4蛀.__Fe震正根.储,升.尾连QQ.Q3,,屎降r↗.4蛀.__Fe震正根.储.魅6v,3,1,-23,1048,True
2024/4/3,3.36,3.36,3.75,a甲↗上1.A4,0橅.Aa龙猪.储,升.尾连QQ.Q4,连4,唏待a↗.0橅.Aa龙猪.储,4,2,1,1049,True
2024/4/12,0,0,4.88,a甲↗上2.A5,0橅.Aa龙猪.储,升.尾连QQ.Q5,连5,唏待a↗.0橅.Aa龙猪.储,5,3,2,1050,True
2024/4/19,2.38,2.38,2.63,a甲↗上3.A6,0橅.Aa龙猪.初,升.尾连QQ.Q6,连6,银升a↗.0橅.Aa龙猪.初,6,4,3,1051,True
2024/4/26,-5.87,-5.87,0.24,a甲↗上4.A7,1柜.Aa龙猪.初,(升)人.连后吞QV,,唏待a↗.1柜.Aa龙猪.初,7,5,4,1052,True
2024/4/30,2.08,2.08,3.12,a甲↗上5.A8,1柜.Fa震正〇.初,(升)人.连后吞QVo,,唏待a↗.1柜.Fa震正〇.初,8,6,5,1053,True
2024/5/10,3.94,3.94,5.34,a甲↗上6.A9,1柜.Fa震正〇.初,升.尾连oQ.Q2,,银升a↗.1柜.Fa震正〇.初,9,7,6,1054,True
2024/5/17,-2.2,-2.2,0.61,a甲↗上7.A10,1柜.Fa震正〇.初,升.尾反孕Qv,,银升a↗.1柜.Fa震正〇.初,10,8,7,1055,True
2024/5/24,-0.5,-0.5,4.13,a甲↗上8.A11,2栅.Fa震正〇.初,跌.尾连vW.W2,,唏待a↗.2栅.Fa震正〇.初,11,9,8,1056,True
2024/5/31,-0.75,-0.75,1.13,b乙→中9.Y,5蛀.Fe震正根.初,跌.尾连WW.W3,,唏待b→.5蛀.Fe震正根.初,-1,10,9,1057,True
2024/6/7,-2.28,-2.28,0.13,c丙↘下10.Z-2,5蛀.__Df头负._再D,跌.尾连WW.W4,,屎降c↘.逃5i,-2,-1,-1,1058,True
2024/6/14,-1.43,-1.43,0.39,z丁↘忑-1.Z-3,5蛀.__Aa龙猪._再D,跌.尾连WW.W5,,屎降z↘,-3,-2,-2,1059,True
2024/6/21,-5.53,-5.53,-0.13,z丁↘忑-2.Z-4,9妩.__Aa龙猪._再D,跌.尾连WW.W6,,屎降z↘,-4,-3,-3,1060,True
2024/6/28,-2.09,-2.09,-0.28,z丁↘忑-3.Z-5,9妩.__Aa龙猪._再D,跌.尾连WW.W7,,屎降z↘,-5,-4,-4,1061,True
2024/7/5,1.56,1.56,3.13,z丁↘忑-4.Z-6,9妩.__Aa龙猪._再D,跌.尾反孕Wo,,屎降z↘,-6,-5,-5,1062,True
2024/7/12,0.14,0.14,1.12,z丁↘忑-5.Z-7,7姗.__Bd龙管杂._主,升.尾连oQ.Q2,,屎降z↘,-7,-6,-6,1063,True
2024/7/19,-1.54,-1.54,0.14,z丁↘忑-6.Z-8,7姗.__Fa震正〇._主,(升)人.连后吞QV,,屎降z↘,-8,-7,-7,1064,True
2024/7/26,-3.55,-3.55,-0.14,z丁↘忑-7.Z-9,7姗.__Bd龙管杂._主,跌.尾连VW.W2,,屎降z↘,-9,-8,-8,1065,True
2024/8/2,2.36,2.36,3.98,z丁↘忑-8.Z-10,7姗.__Bd龙管杂._主,跌.尾反孕Wo,,屎降z↘,-10,-9,-9,1066,True
2024/8/9,0.14,0.14,2.59,z丁↘忑-9.Z-11,7姗.__Bd龙管杂._主,升.尾连oQ.Q2,,屎降z↘,-11,-10,-10,1067,True
2024/8/16,-0.14,-0.14,1.01,z丁↘忑-10.Z-12,7姗.__Fa震正〇._主,(升)人.连后吞QV,,屎降z↘,-12,-11,-11,1068,True
2024/8/23,-7.48,-7.48,1.15,z丁↘忑-11.Z-13,7姗.__Bd龙管杂._主,跌.尾连VW.W2,,屎降z↘,-13,-12,-12,1069,True
2024/8/30,1.24,1.24,2.33,z丁↘忑-12.Z-14,7姗.__Bd龙管杂._主,跌.尾反孕Wo,,屎降z↘,-14,-13,-13,1070,True
2024/9/6,-5.68,-5.68,0.46,z丁↘忑-13.Z-15,9妩.__Aa龙猪._主,跌.尾吞oV,,屎降z↘,-15,-14,-14,1071,True
2024/9/13,0,0,2.12,z丁↘忑-14.Z-16,9妩.__Aa龙猪._主,跌.尾反孕oVo,,屎降z↘,-16,-15,-15,1072,True
2024/9/20,0.98,0.98,1.79,z丁↘忑-15.Z-17,7姗.__Bd龙管杂._主,升.尾连oQ.Q2,,屎降z↘,-17,-16,-16,1073,True
2024/9/27,14.03,14.03,14.84,r己↗忐-16.I,4蛀.__Fe震正根.储,升.尾连QQ.Q3,,屎降r↗.4蛀.__Fe震正根.储.魅6v,1,1,-17,1074,True
2024/9/30,7.5,7.5,8.2,r己↗忐-17.B2,4蛀.Df头负.储,升.尾连QQ.Q4,连4,唏待r↗.4蛀.Df头负.储.口1v,2,2,1,1075,True
2024/10/11,-5.39,-5.39,9.87,a甲↗上1.B3,4蛀.Aa龙猪.储,(升)人.连后吞QV,,唏待a↗.4蛀.Aa龙猪.储,3,3,2,1076,True
2024/10/18,0.42,0.42,3.48,a甲↗上2.A4,1柜.Aa龙猪.储,(升)人.连后吞QVo,,唏待a↗.1柜.Aa龙猪.储,4,4,3,1077,True
2024/10/25,1.11,1.11,1.39,a甲↗上3.A5,1柜.Aa龙猪.储,升.尾连oQ.Q2,,唏待a↗.1柜.Aa龙猪.储,5,5,4,1078,True
2024/11/1,-2.33,-2.33,2.6,a甲↗上4.A6,3桮.Fa震正〇.初,(升)人.连后吞QV,,唏待a↗.3桮.Fa震正〇.初,6,6,5,1079,True
2024/11/8,5.89,5.89,7.43,a甲↗上5.A7,1柜.Fa震正〇.初,(人)人.吞吞* VO,,唏待a↗.1柜.Fa震正〇.初,7,7,6,1080,True
2024/11/15,-4.64,-4.64,0.79,a甲↗上6.A8,1柜.Fa震正〇.初,(人)人.吞吞* VO,,唏待a↗.1柜.Fa震正〇.初,8,8,7,1081,True
2024/11/22,-1.11,-1.11,2.78,b乙→中7.Y,5蛀.Fe震正根.初,跌.尾连vW.W2,,唏待b→.5蛀.Fe震正根.初,-1,9,8,1082,True
2024/11/29,5.48,5.48,5.76,b乙↗上8.I暂,4暂.Fd震正芽.初,(跌)人.连后吞WO,,唏待b↗.4暂.Fd震正芽.初,1,10,9,1083,True
2024/12/6,1.07,1.07,3.2,b乙↗上9.B2暂,4暂.Fd震正芽.初,升.尾连OQ.Q2,,银升b↗.4暂.Fd震正芽.初,2,11,10,1084,True
2024/12/13,1.32,1.32,4.61,b乙↗上10.B3暂,4暂.Fd震正芽.初,升.尾连QQ.Q3,连3,银升b↗.4暂.Fd震正芽.初,3,12,11,1085,True
2024/12/20,-3.64,-3.64,0.78,b乙↗上11.A4,1柜.Fd震正芽.初,(升)人.连后吞QV,,银升b↗.1柜.Fd震正芽.初,4,13,12,1086,True
2024/12/27,-1.21,-1.21,0,b乙→中12.Y,5蛀.Fe震正根.初,跌.尾连VW.W2,,唏待b→.5蛀.Fe震正根.初,-1,14,13,1087,True
2025/1/3,-6.69,-6.69,-0.55,c丙↘下13.Z-2,5蛀.__Df头负._破,跌.尾连WW.W3,,屎降c↘.逃4v,-2,-1,-1,1088,True
2025/1/10,-2.49,-2.49,0.88,z丁↘忑-1.Z-3,5蛀.__Aa龙猪._初,跌.尾连WW.W4,,屎降z↘,-3,-2,-2,1089,True
2025/1/17,3.3,3.3,4.05,z丁↘忑-2.Z-4,8姖.__Aa龙猪._初,(跌)人.连后吞WO,,屎降z↘,-4,-3,-3,1090,True
2025/1/24,-2.76,-2.76,-1.31,z丁↘忑-3.Z-5,8姖.__Aa龙猪._初,(跌)人.连后吞WOv,,屎降z↘,-5,-4,-4,1091,True
2025/1/27,1.35,1.35,1.64,z丁↘忑-4.Z-6,6娝.__Bc龙管栅._初,升.尾吞vO,,屎降z↘,-6,-5,-5,1092,True
2025/2/7,1.18,1.18,1.92,z丁↘忑-5.Z-7,6娝.__Bc龙管栅._主,升.尾连OQ.Q2,,屎降z↘,-7,-6,-6,1093,True
2025/2/14,-0.29,-0.29,1.31,z丁↘忑-6.Z-8,7姗.__Fa震正〇._主,升.尾反孕Qv,,屎降z↘,-8,-7,-7,1094,True
2025/2/21,-0.58,-0.58,1.02,z丁↘忑-7.Z-9,7姗.__Fa震正〇._主,跌.尾连vW.W2,,屎降z↘,-9,-8,-8,1095,True
2025/2/28,0.29,0.29,4.85,z丁↘忑-8.Z-10,7姗.__Fa震正〇._主,跌.尾反孕Wo,,屎降z↘,-10,-9,-9,1096,True
2025/3/7,0.44,0.44,1.61,y戊↘忠-9.I,4蛀.__Fe震正根._主,升.尾连oQ.Q2,,屎降y↘,1,-10,-10,1097,True
2025/3/14,2.04,2.04,2.34,r己↗忐-10.B2,4蛀.__Fe震正根.储,升.尾连QQ.Q3,,屎降r↗.4蛀.__Fe震正根.储.魅6v,2,1,-11,1098,True
2025/3/21,-0.14,-0.14,0.86,r己↗忐-11.B3,4蛀.__Fe震正根.储,升.尾反孕Qv,,屎降r↗.4蛀.__Fe震正根.储.魅6v,3,2,-12,1099,True
2025/3/28,-0.86,-0.86,1.58,r己↗忐-12.A4,2栅.__Fe震正根.储,跌.尾连vW.W2,,屎降r↗.2栅.__Fe震正根.储.魅6v,4,3,-13,1100,True
2025/4/3,0.87,0.87,1.45,r己↗忐-13.A5,2栅.__Fe震正根.储,(跌)人.连后吞WO,,屎降r↗.2栅.__Fe震正根.储.魅6v,5,4,-14,1101,True
2025/4/11,2.01,2.01,8.02,a甲↗上1.A6,2栅.Bc龙管栅.储,升.尾连OQ.Q2,,唏待a↗.2栅.Bc龙管栅.储,6,5,1,1102,True
2025/4/18,0.28,0.28,2.95,a甲↗上2.A7,2栅.Bc龙管栅.初,升.尾连QQ.Q3,连3,唏待a↗.2栅.Bc龙管栅.初,7,6,2,1103,True
2025/4/25,1.4,1.4,1.82,a甲↗上3.A8,0橅.Aa龙猪.初,升.尾连QQ.Q4,连4,唏待a↗.0橅.Aa龙猪.初,8,7,3,1104,True
2025/4/30,-0.55,-0.55,1.93,a甲↗上4.A9,0橅.Fa震正〇.初,升.尾反孕Qv,,唏待a↗.0橅.Fa震正〇.初,9,8,4,1105,True
2025/5/9,2.22,2.22,3.19,a甲↗上5.A10,0橅.Fa震正〇.初,升.尾吞vO,,银升a↗.0橅.Fa震正〇.初,10,9,5,1106,True
2025/5/16,-1.36,-1.36,0.95,a甲↗上6.A11,0橅.Fa震正〇.初,升.尾反孕vOv,,银升a↗.0橅.Fa震正〇.初,11,10,6,1107,True
2025/5/23,-1.65,-1.65,1.93,b乙→中7.Y,5蛀.Fe震正根.初,跌.尾连vW.W2,,唏待b→.5蛀.Fe震正根.初,-1,11,7,1108,True
2025/5/30,1.54,1.54,2.8,b乙↗上8.I暂,4暂.Fd震正芽.初,跌.尾反孕Wo,,银升b↗.4暂.Fd震正芽.初,1,12,8,1109,True
2025/6/6,0.41,0.41,1.66,b乙↗上9.B2暂,4暂.Fd震正芽.主,升.尾连oQ.Q2,,银升b↗.4暂.Fd震正芽.主,2,13,9,1110,True
2025/6/13,-0.41,-0.41,1.24,b乙↗上10.B3暂,4暂.Fd震正芽.主,升.尾反孕Qv,,银升b↗.4暂.Fd震正芽.主,3,14,10,1111,True
2025/6/20,-2.21,-2.21,0.41,c丙↘下11.Y暂,5暂.Fe震正根.破,跌.尾连vW.W2,,唏待c↘.被3v,-1,-1,11,1112,True
2025/6/27,3.53,3.53,4.37,b乙↗上12.I暂,4暂.Dd头正芽.再B,(跌)人.连后吞WO,,银升b↗.4暂.Dd头正芽.再B,1,1,12,1113,True
2025/7/4,2.32,2.32,3.41,b乙↗上13.B2暂,4暂.Aa龙猪.再B,升.尾连OQ.Q2,,银升b↗.4暂.Aa龙猪.再B,2,2,13,1114,True
2025/7/11,4.53,4.53,8.12,b乙↗上14.B3暂,4暂.Aa龙猪.再B,升.尾连QQ.Q3,连3,银升b↗.4暂.Aa龙猪.再B,3,3,14,1115,True
2025/7/18,-0.13,-0.13,1.15,b乙↗上15.A4,0橅.Aa龙猪.再B,升.尾反孕Qv,,银升b↗.0橅.Aa龙猪.再B,4,4,15,1116,True
2025/7/25,1.79,1.79,3.7,b乙↗上16.A5,0橅.Aa龙猪.主,升.尾吞vO,,金升b↗.0橅.Aa龙猪.主,5,5,16,1117,True
2025/8/1,-3.26,-3.26,2.01,b乙↗上17.A6,1柜.Aa龙猪.主,(升)人.吞吞vOV,,金升b↗.1柜.Aa龙猪.主,6,6,17,1118,True
2025/8/8,4.4,4.4,4.92,b乙↗上18.A7,1柜.Aa龙猪.主,(人)人.吞吞* VO,,金升b↗.1柜.Aa龙猪.主,7,7,18,1119,True
2025/8/15,2.73,2.73,3.97,b乙↗上19.A8,1柜.Aa龙猪.主,升.尾连OQ.Q2,,金升b↗.1柜.Aa龙猪.主,8,8,19,1120,True
2025/8/22,0.85,0.85,3.86,b乙↗上20.A9,1柜.Aa龙猪.主,升.尾连QQ.Q3,连3,金升b↗.1柜.Aa龙猪.主,9,9,20,1121,True
2025/8/29,0,0,3.11,b乙↗上21.A10,0橅.Aa龙猪.主,升.尾连QQ.Q4,连4,金升b↗.0橅.Aa龙猪.主,10,10,21,1122,True
2025/9/5,0.12,0.12,1.56,b乙↗上22.A11,0橅.Aa龙猪.主,升.尾连QQ.Q5,连5,金升b↗.0橅.Aa龙猪.主,11,11,22,1123,True
2025/9/12,0.6,0.6,2.27,b乙↗上23.A12,0橅.Aa龙猪.主,升.尾连QQ.Q6,连6,金升b↗.0橅.Aa龙猪.主,12,12,23,1124,True
2025/9/19,-2.73,-2.73,0.95,b乙→中24.Y,5蛀.Fe震正根.主,(升)人.连后吞QV,,金升b→.5蛀.Fe震正根.主,-1,13,24,1125,True
2025/9/26,-1.34,-1.34,0,b乙→中25.Z-2,5蛀.Fe震正根.主,跌.尾连VW.W2,,金升b→.5蛀.Fe震正根.主,-2,14,25,1126,True
2025/9/30,0.99,0.99,1.49,b乙→中26.Z-3,5蛀.Fe震正根.主,跌.尾反孕Wo,,金升b→.5蛀.Fe震正根.主,-3,15,26,1127,True
2025/10/10,11.9,11.9,14.36,b乙↗上27.I暂,4暂.Aa龙猪.主,升.尾连oQ.Q2,,金升b↗.4暂.Aa龙猪.主,1,16,27,1128,True
2025/10/17,-4.17,-4.17,0.88,b乙↗上28.B2暂,4暂.Aa龙猪.主,升.尾反孕Qv,,金升b↗.4暂.Aa龙猪.主,2,17,28,1129,True
2025/10/24,1.03,1.03,2.52,b乙↗上29.B3暂,4暂.Aa龙猪.主,(升)人.孕孕vo,,金升b↗.4暂.Aa龙猪.主,3,18,29,1130,True
2025/10/31,-0.91,-0.91,1.36,b乙↗上30.A4,1柜.Fa震正〇.主,跌.尾吞oV,,金升b↗.1柜.Fa震正〇.主,4,19,30,1131,True
2025/11/7,1.37,1.37,2.29,b乙↗上31.A5,1柜.Fa震正〇.主,(跌)人.吞吞oVO,,金升b↗.1柜.Fa震正〇.主,5,20,31,1132,True
2025/11/14,1.69,1.69,4.85,b乙↗上32.A6,1柜.Fa震正〇.主,升.尾连OQ.Q2,,金升b↗.1柜.Fa震正〇.主,6,21,32,1133,True
2025/11/21,-4.55,-4.55,4.99,b乙→中33.Y,5蛀.Be龙管根.主,(升)人.连后吞QV,,金升b→.5蛀.Be龙管根.主,-1,22,33,1134,True
2025/11/28,2.79,2.79,4.53,b乙↗上34.I暂,4暂.Aa龙猪.主,(升)人.连后吞QVo,,金升b↗.4暂.Aa龙猪.主,1,23,34,1135,True
2025/12/5,-0.34,-0.34,1.58,b乙↗上35.B2暂,4暂.Aa龙猪.主,(人)人.孕孕vo,,金升b↗.4暂.Aa龙猪.主,2,24,35,1136,True
2025/12/12,-5.44,-5.44,0.57,c丙↘下36.Y暂,5暂.Fe震正根.破,跌.尾连vW.W2,,金升c↘.被3v,-1,-1,36,1137,True
2025/12/19,6.83,6.83,6.83,b乙↗上37.I暂,4暂.Dd头正芽.再B,(跌)人.连后吞WO,,金升b↗.4暂.Dd头正芽.再B,1,1,37,1138,True
2025/12/26,4.04,4.04,6.06,b乙↗上38.B2暂,4暂.Dd头正芽.再B,升.尾连OQ.Q2,,金升b↗.4暂.Dd头正芽.再B,2,2,38,1139,True
2025/12/31,-1.08,-1.08,0.97,b乙↗上39.B3暂,4暂.Dd头正芽.再B,升.尾反孕Qv,,金升b↗.4暂.Dd头正芽.再B,3,3,39,1140,True
2026/1/9,2.84,2.84,7.74,b乙↗上40.A4,0橅.Aa龙猪.再B,升.尾吞vO,,金升b↗.0橅.Aa龙猪.再B,4,4,40,1141,True
2026/1/16,3.92,3.92,9.97,b乙↗上41.A5,0橅.Aa龙猪.主,升.尾连OQ.Q2,,金升b↗.0橅.Aa龙猪.主,5,5,41,1142,True
2026/1/23,7.86,7.86,7.86,b乙↗上42.A6,0橅.Aa龙猪.主,升.尾连QQ.Q3,连3,金升b↗.0橅.Aa龙猪.主,6,6,42,1143,True
2026/1/30,2.08,2.08,9.65,b乙↗上43.A7,0橅.Aa龙猪.主,升.尾连QQ.Q4,连4,金升b↗.0橅.Aa龙猪.主,7,7,43,1144,True
2026/2/6,-4.63,-4.63,-0.37,b乙↗上44.A8,1柜.Aa龙猪.主,(升)人.连后吞QV,,金升b↗.1柜.Aa龙猪.主,8,8,44,1145,True
2026/2/13,-2.72,-2.72,3.11,b乙↗上45.A9,2栅.Bc龙管栅.主,跌.尾连VW.W2,,金升b↗.2栅.Bc龙管栅.主,9,9,45,1146,True
2026/2/27,12.79,12.79,14.89,b乙↗上46.A10,2栅.Fa震正〇.主,(跌)人.连后吞WO,,金升b↗.2栅.Fa震正〇.主,10,10,46,1147,True
2026/3/6,-3.19,-3.19,1.59,b乙↗上47.A11,2栅.Fa震正〇.主,(跌)人.连后吞WOv,,金升b↗.2栅.Fa震正〇.主,11,11,47,1148,True
2026/3/13,7.59,7.59,10.06,b乙↗上48.A12,2栅.Bc龙管栅.主,升.尾吞vO,,金升b↗.2栅.Bc龙管栅.主,12,12,48,1149,True
2026/3/20,-11.14,-11.14,2.21,b乙→中49.Y,5蛀.Be龙管根.主,(升)人.吞吞vOV,,金升b→.5蛀.Be龙管根.主,-1,13,49,1150,True
2026/3/27,11.58,11.58,13.3,b乙↗上50.I暂,4暂.Aa龙猪.主,(升)人.吞吞vOVo,,金升b↗.4暂.Aa龙猪.主,1,14,50,1151,True
2026/4/3,-7.89,-7.89,1.54,b乙→中51.Y暂,5暂.Fe震正根.主,(人)人.孕孕vo,,金升b→.5暂.Fe震正根.主,-1,15,51,1152,True
2026/4/10,2.89,2.89,4.1,b乙↗上52.I暂,4暂.Fd震正芽.主,(人)人.孕孕vo,,金升b↗.4暂.Fd震正芽.主,1,16,52,1153,True
2026/4/17,2.62,2.62,5.61,b乙↗上53.B2暂,4暂.Fd震正芽.主,升.尾连oQ.Q2,,金升b↗.4暂.Fd震正芽.主,2,17,53,1154,True
2026/4/24,6.17,6.17,8.02,b乙↗上54.B3暂,4暂.Aa龙猪.主,升.尾连QQ.Q3,连3,金升b↗.4暂.Aa龙猪.主,3,18,54,1155,True
2026/4/30,6.81,6.81,8.39,b乙↗上55.A4,0橅.Aa龙猪.主,升.尾连QQ.Q4,连4,金升b↗.0橅.Aa龙猪.主,4,19,55,1156,True
2026/5/8,-4.35,-4.35,2.02,b乙↗上56.A5,0橅.Aa龙猪.主,升.尾反孕Qv,,金升b↗.0橅.Aa龙猪.主,5,20,56,1157,True
2026/5/15,-6.99,-6.99,0.89,b乙→中57.Y,5蛀.Be龙管根.主,跌.尾连vW.W2,,金升b→.5蛀.Be龙管根.主,-1,21,57,1158,True
2026/5/22,-8.57,-8.57,0.35,c丙↘下58.Z-2,5蛀.Fe震正根.破,跌.尾连WW.W3,,金升c↘.被3v,-2,-1,58,1159,True
2026/5/29,-6.12,-6.12,0.57,z丁↘忑-1.Z-3,5蛀.__Aa龙猪._破,跌.尾连WW.W4,,嘘待z↘,-3,-2,-1,1160,True
2026/6/5,0.1,0.1,4.07,z丁↘忑-2.Z-4,9妩.__Aa龙猪._破,跌.尾反孕Wo,,嘘待z↘,-4,-3,-2,1161,True
2026/6/12,-0.41,-0.41,1.02,z丁↘忑-3.Z-5,9妩.__Aa龙猪._初,跌.尾吞oV,,嘘待z↘,-5,-4,-3,1162,True
2026/6/18,-5.92,-5.92,2.66,z丁↘忑-4.Z-6,9妩.__Aa龙猪._初,跌.尾连VW.W2,,尿降z↘,-6,-5,-4,1163,True
2026/6/26,-7.17,-7.17,3.04,z丁↘忑-5.Z-7,9妩.__Aa龙猪._初,跌.尾连WW.W3,,尿降z↘,-7,-6,-5,1164,True
2026/7/3,3.63,3.63,5.5,z丁↘忑-6.Z-8,9妩.__Aa龙猪._初,跌.尾反孕Wo,,尿降z↘,-8,-7,-6,1165,True
2026/7/10,-1.24,-1.24,2.6,z丁↘忑-7.Z-9,9妩.__Aa龙猪._初,(跌)人.孕孕ov,,尿降z↘,-9,-8,-7,1166,True
2026/7/15,3.54,3.54,3.89,z丁↘忑-8.Z-10,8姖.__Aa龙猪._初,升.尾吞vO,,尿降z↘,-10,-9,-8,1167,True
