主期,周涨,PR,HR,WXAB,波型,柱排周,盈提示,WXCD,ZA周,ZB周,ZC周,周龄,周键
2015/10/30,0.24,0.24,1.61,a甲↗上1.I,4蛀.Aa龙猪.初,错.未赋值.Q1,,金升a↗.4蛀.Aa龙猪.初,1,1,1,1,True
2015/11/6,8.78,8.78,9.05,a甲↗上2.B2,4蛀.Aa龙猪.初,升.尾连QQ.Q2,,金升a↗.4蛀.Aa龙猪.初,2,2,2,2,True
2015/11/13,0.87,0.87,3.3,a甲↗上3.B3,4蛀.Aa龙猪.初,升.尾连QQ.Q3,连3,金升a↗.4蛀.Aa龙猪.初,3,3,3,3,True
2015/11/20,3.46,3.46,4.15,a甲↗上4.A4,0橅.Aa龙猪.初,升.尾连QQ.Q4,连4,金升a↗.0橅.Aa龙猪.初,4,4,4,4,True
2015/11/27,-6.76,-6.76,2.45,a甲↗上5.A5,1柜.Aa龙猪.主,(升)人.连后吞QV,,金升a↗.1柜.Aa龙猪.主,5,5,5,5,True
2015/12/4,1.3,1.3,3.09,a甲↗上6.A6,1柜.Aa龙猪.主,(升)人.连后吞QVo,,金升a↗.1柜.Aa龙猪.主,6,6,6,6,True
2015/12/11,-1.67,-1.67,1.64,b乙→中7.Y,5蛀.Be龙管根.主,跌.尾吞oV,,金升b→.5蛀.Be龙管根.主,-1,7,7,7,True
2015/12/18,5.24,5.24,6.01,b乙↗上8.I暂,4暂.Fd震正芽.主,(跌)人.吞吞oVO,,金升b↗.4暂.Fd震正芽.主,1,8,8,8,True
2015/12/25,1.35,1.35,2.86,b乙↗上9.B2暂,4暂.Fd震正芽.主,升.尾连OQ.Q2,,金升b↗.4暂.Fd震正芽.主,2,9,9,9,True
2015/12/31,-1.06,-1.06,1.28,b乙↗上10.B3暂,4暂.Fd震正芽.主,升.尾反孕Qv,,金升b↗.4暂.Fd震正芽.主,3,10,10,10,True
2016/1/8,-14.8,-14.8,0.11,c丙↘下11.Y暂,5暂.__Df头负._破,跌.尾连vW.W2,,尿降c↘.逃4v,-1,-1,-1,11,True
2016/1/15,-10.23,-10.23,-1.15,z丁↘忑-1.Z-2暂,5暂.__Aa龙猪._初,跌.尾连WW.W3,,尿降z↘,-2,-2,-2,12,True
2016/1/22,1.25,1.25,5.56,z丁↘忑-2.Z-3暂,5暂.__Aa龙猪._初,跌.尾反孕Wo,,尿降z↘,-3,-3,-3,13,True
2016/1/29,-7.85,-7.85,1.82,z丁↘忑-3.Z-4,9妩.__Aa龙猪._初,跌.尾吞oV,,屎降z↘,-4,-4,-4,14,True
2016/2/5,3.76,3.76,5.65,z丁↘忑-4.Z-5,9妩.__Aa龙猪._初,跌.尾反孕oVo,,屎降z↘,-5,-5,-5,15,True
2016/2/19,5.22,5.22,6.32,z丁↘忑-5.Z-6,7姗.__Bd龙管杂._初,升.尾连oQ.Q2,,屎降z↘,-6,-6,-6,16,True
2016/2/26,-7.24,-7.24,2.02,z丁↘忑-6.Z-7,7姗.__Fa震正〇._主,升.尾反孕Qv,,屎降z↘,-7,-7,-7,17,True
2016/3/4,-0.93,-0.93,2.81,z丁↘忑-7.Z-8,7姗.__Bd龙管杂._主,跌.尾连vW.W2,,屎降z↘,-8,-8,-8,18,True
2016/3/11,-1.64,-1.64,2.78,z丁↘忑-8.Z-9,7姗.__Bd龙管杂._主,跌.尾连WW.W3,,屎降z↘,-9,-9,-9,19,True
2016/3/18,9.54,9.54,10.06,y戊↘忠-9.I,4蛀.__Be龙管根._主,(跌)人.连后吞WO,,屎降y↘,1,-10,-10,20,True
2016/3/25,2.86,2.86,4.47,y戊↘忠-10.B2,4蛀.__Fe震正根._主,升.尾连OQ.Q2,,屎降y↘,2,-11,-11,21,True
2016/4/1,0.63,0.63,2.24,r己↗忐-11.B3,4蛀.__Fe震正根.储,升.尾连QQ.Q3,,屎降r↗.4蛀.__Fe震正根.储.魅6v,3,1,-12,22,True
2016/4/8,0.38,0.38,3.63,r己↗忐-12.A4,0橅.__Fe震正根.储,升.尾连QQ.Q4,,屎降r↗.0橅.__Fe震正根.储.魅6v,4,2,-13,23,True
2016/4/15,3.72,3.72,4.03,r己↗忐-13.A5,0橅.__Fe震正根.储,升.尾连QQ.Q5,,屎降r↗.0橅.__Fe震正根.储.魅6v,5,3,-14,24,True
2016/4/22,-6.71,-6.71,-0.77,y戊↘忑-14.Y,5蛀.__Fa震正〇._再B,(升)人.连后吞QV,,屎降y↘,-1,-1,-15,25,True
2016/4/29,-0.04,-0.04,1.31,y戊↘忑-15.Z-2,5蛀.__Fa震正〇._再B,跌.尾连VW.W2,,屎降y↘,-2,-2,-16,26,True
2016/5/6,-1.29,-1.29,3.68,y戊↘忑-16.Z-3,5蛀.__Fa震正〇._再B,跌.尾连WW.W3,,屎降y↘,-3,-3,-17,27,True
2016/5/13,-5.7,-5.7,-0.92,y戊↘忑-17.Z-4,9妩.__Fa震正〇._再B,跌.尾连WW.W4,,屎降y↘,-4,-4,-18,28,True
2016/5/20,1.39,1.39,2.98,y戊↘忑-18.Z-5,9妩.__Fa震正〇._主,跌.尾反孕Wo,,屎降y↘,-5,-5,-19,29,True
2016/5/27,0.46,0.46,1.66,y戊↘忑-19.Z-6,7姗.__Fa震正〇._主,升.尾连oQ.Q2,,屎降y↘,-6,-6,-20,30,True
2016/6/3,7.48,7.48,8.1,r己↗忐-20.I,4蛀.__Fe震正根.储,升.尾连QQ.Q3,,屎降r↗.4蛀.__Fe震正根.储.魅6v,1,1,-21,31,True
2016/6/8,-1.02,-1.02,0.36,r己↗忐-21.B2,4蛀.__Fe震正根.储,升.尾反孕Qv,,屎降r↗.4蛀.__Fe震正根.储.魅6v,2,2,-22,32,True
2016/6/17,-2.3,-2.3,-0.65,y戊↘忠-22.B3,4蛀.__Fe震正根._再B,跌.尾连vW.W2,,屎降y↘,3,-1,-23,33,True
2016/6/24,0.66,0.66,2.81,y戊↘忠-23.A4,2栅.__Fe震正根._再B,跌.尾反孕Wo,,屎降y↘,4,-2,-24,34,True
2016/7/1,2.41,2.41,3.98,a甲↗上1.A5,2栅.__Ff震负.储,升.尾连oQ.Q2,,屎降a↗.2栅.__Ff震负.储.魅6w,5,1,-25,35,True
2016/7/8,3.14,3.14,3.89,a甲↗上2.A6,2栅.Bc龙管栅.储,升.尾连QQ.Q3,连3,唏待a↗.2栅.Bc龙管栅.储,6,2,1,36,True
2016/7/15,1.79,1.79,2.51,a甲↗上3.A7,0橅.Aa龙猪.储,升.尾连QQ.Q4,连4,唏待a↗.0橅.Aa龙猪.储,7,3,2,37,True
2016/7/22,0.85,0.85,1.84,a甲↗上4.A8,0橅.Aa龙猪.初,升.尾连QQ.Q5,连5,唏待a↗.0橅.Aa龙猪.初,8,4,3,38,True
2016/7/29,-3.54,-3.54,1.86,a甲↗上5.A9,1柜.Aa龙猪.初,(升)人.连后吞QV,,唏待a↗.1柜.Aa龙猪.初,9,5,4,39,True
2016/8/5,-0.3,-0.3,0.52,b乙→中6.Y,5蛀.Be龙管根.初,跌.尾连VW.W2,,唏待b→.5蛀.Be龙管根.初,-1,6,5,40,True
2016/8/12,1.11,1.11,2.1,b乙↗上7.I暂,4暂.Aa龙猪.初,(跌)人.连后吞WO,,唏待b↗.4暂.Aa龙猪.初,1,7,6,41,True
2016/8/19,2.99,2.99,3.64,b乙↗上8.B2暂,4暂.Fd震正芽.初,升.尾连OQ.Q2,,唏待b↗.4暂.Fd震正芽.初,2,8,7,42,True
2016/8/26,-0.4,-0.4,0.99,b乙↗上9.B3暂,4暂.Fd震正芽.初,升.尾反孕Qv,,银升b↗.4暂.Fd震正芽.初,3,9,8,43,True
2016/9/2,-1.24,-1.24,0.05,b乙↗上10.A4,2栅.Fd震正芽.初,跌.尾连vW.W2,,唏待b↗.2栅.Fd震正芽.初,4,10,9,44,True
2016/9/9,0.79,0.79,1.88,b乙↗上11.A5,2栅.Fd震正芽.初,跌.尾反孕Wo,,唏待b↗.2栅.Fd震正芽.初,5,11,10,45,True
2016/9/14,-2.75,-2.75,-1.45,b乙→中12.Y,5蛀.Fe震正根.初,跌.尾吞oV,,唏待b→.5蛀.Fe震正根.初,-1,12,11,46,True
2016/9/23,1.12,1.12,1.89,b乙→中13.Z-2,5蛀.Fe震正根.主,(跌)人.吞吞oVO,,唏待b→.5蛀.Fe震正根.主,-2,13,12,47,True
2016/9/30,-0.96,-0.96,-0.19,c丙↘下14.Z-3,5蛀.Fe震正根.破,(人)人.吞吞* OV,,唏待c↘.被3v,-3,-1,13,48,True
2016/10/14,2.43,2.43,3.28,b乙↗上15.I暂,4暂.Dd头正芽.再B,(人)人.吞吞* VO,,唏待b↗.4暂.Dd头正芽.再B,1,1,14,49,True
2016/10/21,0.3,0.3,1.09,b乙↗上16.B2暂,4暂.Dd头正芽.再B,升.尾连OQ.Q2,,唏待b↗.4暂.Dd头正芽.再B,2,2,15,50,True
2016/10/28,0.45,0.45,1.91,b乙↗上17.B3暂,4暂.Aa龙猪.再B,升.尾连QQ.Q3,连3,银升b↗.4暂.Aa龙猪.再B,3,3,16,51,True
2016/11/4,0.09,0.09,1.14,b乙↗上18.A4,0橅.Aa龙猪.再B,升.尾连QQ.Q4,连4,银升b↗.0橅.Aa龙猪.再B,4,4,17,52,True
2016/11/11,1.88,1.88,1.97,b乙↗上19.A5,0橅.Aa龙猪.主,升.尾连QQ.Q5,连5,银升b↗.0橅.Aa龙猪.主,5,5,18,53,True
2016/11/18,-0.6,-0.6,0.84,b乙↗上20.A6,0橅.Aa龙猪.主,升.尾反孕Qv,,银升b↗.0橅.Aa龙猪.主,6,6,19,54,True
2016/11/25,1.4,1.4,1.43,b乙↗上21.A7,0橅.Aa龙猪.主,升.尾吞vO,,银升b↗.0橅.Aa龙猪.主,7,7,20,55,True
2016/12/2,-2.16,-2.16,0.34,b乙↗上22.A8,1柜.Aa龙猪.主,(升)人.吞吞vOV,,银升b↗.1柜.Aa龙猪.主,8,8,21,56,True
2016/12/9,-0.98,-0.98,-0.32,b乙→中23.Y,5蛀.Be龙管根.主,跌.尾连VW.W2,,银升b→.5蛀.Be龙管根.主,-1,9,22,57,True
2016/12/16,-3.56,-3.56,0.23,c丙↘下24.Z-2,5蛀.__Df头负._破,跌.尾连WW.W3,,屎降c↘.逃4v,-2,-1,-1,58,True
2016/12/23,-1,-1,0.34,z丁↘忑-1.Z-3,5蛀.__Aa龙猪._初,跌.尾连WW.W4,,屎降z↘,-3,-2,-2,59,True
2016/12/30,-0.55,-0.55,0.35,z丁↘忑-2.Z-4,9妩.__Aa龙猪._初,跌.尾连WW.W5,,屎降z↘,-4,-3,-3,60,True
2017/1/6,1.28,1.28,2.19,z丁↘忑-3.Z-5,8姖.__Aa龙猪._初,(跌)人.连后吞WO,,屎降z↘,-5,-4,-4,61,True
2017/1/13,-3.06,-3.06,0.74,z丁↘忑-4.Z-6,8姖.__Aa龙猪._初,(人)人.吞吞* OV,,屎降z↘,-6,-5,-5,62,True
2017/1/20,-0.47,-0.47,-0.24,z丁↘忑-5.Z-7,8姖.__Aa龙猪._初,跌.尾连VW.W2,,屎降z↘,-7,-6,-6,63,True
2017/1/26,0.37,0.37,0.68,z丁↘忑-6.Z-8,6娝.__Bc龙管栅._初,(跌)人.连后吞WO,,屎降z↘,-8,-7,-7,64,True
2017/2/3,-0.25,-0.25,0.15,z丁↘忑-7.Z-9,8姖.__Aa龙猪._主,(人)人.吞吞* OV,,屎降z↘,-9,-8,-8,65,True
2017/2/10,1.19,1.19,1.68,z丁↘忑-8.Z-10,6娝.__Fa震正〇._主,(人)人.吞吞* VO,,屎降z↘,-10,-9,-9,66,True
2017/2/17,-0.87,-0.87,0.8,z丁↘忑-9.Z-11,6娝.__Fa震正〇._主,(人)人.吞吞* VO,,屎降z↘,-11,-10,-10,67,True
2017/2/24,2.21,2.21,2.25,y戊↘忠-10.I,4蛀.__Fe震正根._主,升.尾吞vO,,屎降y↘,1,-11,-11,68,True
2017/3/3,-0.12,-0.12,0.56,y戊↘忠-11.B2,4蛀.__Fe震正根._主,升.尾反孕vOv,,屎降y↘,2,-12,-12,69,True
2017/3/10,-0.07,-0.07,1.38,y戊↘忠-12.B3,4蛀.__Fe震正根._主,跌.尾连vW.W2,,屎降y↘,3,-13,-13,70,True
2017/3/17,0.67,0.67,1.98,r己↗忐-13.A4,2栅.__Fe震正根.储,(跌)人.连后吞WO,,屎降r↗.2栅.__Fe震正根.储.魅6v,4,1,-14,71,True
2017/3/24,0.72,0.72,0.82,r己↗忐-14.A5,2栅.__Fe震正根.储,升.尾连OQ.Q2,,屎降r↗.2栅.__Fe震正根.储.魅6v,5,2,-15,72,True
2017/3/31,-3.34,-3.34,0.21,y戊↘忑-15.Y,5蛀.__Fa震正〇._再B,(升)人.连后吞QV,,屎降y↘,-1,-1,-16,73,True
2017/4/7,2.3,2.3,2.31,y戊↘忠-16.I暂,4暂.__Fe震正根._再B,(升)人.连后吞QVo,,屎降y↘,1,-2,-17,74,True
2017/4/14,-1.61,-1.61,-0.12,y戊↘忑-17.Y暂,5暂.__Fa震正〇._再B,(人)人.孕孕vo,,屎降y↘,-1,-3,-18,75,True
2017/4/21,-3.1,-3.1,-0.25,y戊↘忑-18.Z-2暂,5暂.__Aa龙猪._再B,跌.尾连vW.W2,,屎降y↘,-2,-4,-19,76,True
2017/4/28,-2.22,-2.22,-0.18,y戊↘忑-19.Z-3暂,5暂.__Aa龙猪._再B,跌.尾连WW.W3,,屎降y↘,-3,-5,-20,77,True
2017/5/5,-3.33,-3.33,-0.3,y戊↘忑-20.Z-4,9妩.__Aa龙猪._主,跌.尾连WW.W4,,屎降y↘,-4,-6,-21,78,True
2017/5/12,-3.26,-3.26,0.15,y戊↘忑-21.Z-5,9妩.__Aa龙猪._主,跌.尾连WW.W5,,屎降y↘,-5,-7,-22,79,True
2017/5/19,1.53,1.53,2.78,y戊↘忑-22.Z-6,9妩.__Aa龙猪._主,跌.尾反孕Wo,,屎降y↘,-6,-8,-23,80,True
2017/5/26,-1.92,-1.92,-0.07,y戊↘忑-23.Z-7,9妩.__Aa龙猪._主,跌.尾吞oV,,屎降y↘,-7,-9,-24,81,True
2017/6/2,-1.07,-1.07,1.26,y戊↘忑-24.Z-8,9妩.__Aa龙猪._主,跌.尾连VW.W2,,屎降y↘,-8,-10,-25,82,True
2017/6/9,3.6,3.6,3.82,y戊↘忑-25.Z-9,8姖.__Aa龙猪._主,(跌)人.连后吞WO,,屎降y↘,-9,-11,-26,83,True
2017/6/16,0.86,0.86,1.19,y戊↘忠-26.I,4蛀.__Fe震正根._主,升.尾连OQ.Q2,,屎降y↘,1,-12,-27,84,True
2017/6/23,-0.29,-0.29,1.76,y戊↘忠-27.B2,4蛀.__Fe震正根._主,升.尾反孕Qv,,屎降y↘,2,-13,-28,85,True
2017/6/30,1.81,1.81,2.02,y戊↘忠-28.B3,4蛀.__Fe震正根._主,升.尾吞vO,,屎降y↘,3,-14,-29,86,True
2017/7/7,1.27,1.27,1.3,r己↗忐-29.A4,0橅.__Fe震正根.储,升.尾连OQ.Q2,,屎降r↗.0橅.__Fe震正根.储.魅6v,4,1,-30,87,True
2017/7/14,-1.52,-1.52,0.4,y戊↘忠-30.A5,1柜.__Fe震正根._再B,(升)人.连后吞QV,,屎降y↘,5,-1,-31,88,True
2017/7/21,-1.42,-1.42,-0.23,y戊↘忑-31.Y,5蛀.__Fa震正〇._再B,跌.尾连VW.W2,,屎降y↘,-1,-2,-32,89,True
2017/7/28,0.9,0.9,1.41,y戊↘忑-32.Z-2,5蛀.__Fa震正〇._再B,跌.尾反孕Wo,,屎降y↘,-2,-3,-33,90,True
2017/8/4,-0.45,-0.45,1.17,y戊↘忑-33.Z-3,5蛀.__Fa震正〇._再B,(跌)人.孕孕ov,,屎降y↘,-3,-4,-34,91,True
2017/8/11,-0.48,-0.48,1.7,y戊↘忑-34.Z-4,9妩.__Fa震正〇._再B,跌.尾连vW.W2,,屎降y↘,-4,-5,-35,92,True
2017/8/18,5.51,5.51,5.73,a甲↗上1.I,4蛀.__Ff震负.储,(跌)人.连后吞WO,,屎降a↗.4蛀.__Ff震负.储.魅6w,1,1,-36,93,True
2017/8/25,-0.46,-0.46,0.79,a甲↗上2.B2,4蛀.Aa龙猪.储,(跌)人.连后吞WOv,,唏待a↗.4蛀.Aa龙猪.储,2,2,1,94,True
2017/9/1,2.89,2.89,2.9,a甲↗上3.B3,4蛀.Aa龙猪.初,升.尾吞vO,,唏待a↗.4蛀.Aa龙猪.初,3,3,2,95,True
2017/9/8,1.92,1.92,3.19,a甲↗上4.A4,0橅.Aa龙猪.初,升.尾连OQ.Q2,,银升a↗.0橅.Aa龙猪.初,4,4,3,96,True
2017/9/15,0.2,0.2,1.53,a甲↗上5.A5,0橅.Aa龙猪.初,升.尾连QQ.Q3,连3,银升a↗.0橅.Aa龙猪.初,5,5,4,97,True
2017/9/22,1.1,1.1,2.95,a甲↗上6.A6,0橅.Aa龙猪.初,升.尾连QQ.Q4,连4,银升a↗.0橅.Aa龙猪.初,6,6,5,98,True
2017/9/29,0.73,0.73,0.76,a甲↗上7.A7,0橅.Aa龙猪.初,升.尾连QQ.Q5,连5,银升a↗.0橅.Aa龙猪.初,7,7,6,99,True
2017/10/13,1.25,1.25,2.42,a甲↗上8.A8,0橅.Aa龙猪.初,升.尾连QQ.Q6,连6,银升a↗.0橅.Aa龙猪.初,8,8,7,100,True
2017/10/20,-2.83,-2.83,0.01,a甲↗上9.A9,1柜.Aa龙猪.初,(升)人.连后吞QV,,银升a↗.1柜.Aa龙猪.初,9,9,8,101,True
2017/10/27,1.32,1.32,2.01,a甲↗上10.A10,1柜.Aa龙猪.主,(升)人.连后吞QVo,,银升a↗.1柜.Aa龙猪.主,10,10,9,102,True
2017/11/3,-2.05,-2.05,0,b乙→中11.Y,5蛀.Fe震正根.主,跌.尾吞oV,,银升b→.5蛀.Fe震正根.主,-1,11,10,103,True
2017/11/10,5.21,5.21,5.32,b乙↗上12.I暂,4暂.Aa龙猪.主,(跌)人.吞吞oVO,,银升b↗.4暂.Aa龙猪.主,1,12,11,104,True
2017/11/17,-4.91,-4.91,1.31,b乙→中13.Y暂,5暂.Be龙管根.主,(人)人.吞吞* OV,,银升b→.5暂.Be龙管根.主,-1,13,12,105,True
2017/11/24,-0.93,-0.93,3.26,c丙↘下14.Z-2暂,5暂.Fe震正根.破,跌.尾连VW.W2,,银升c↘.被3v,-2,-1,13,106,True
2017/12/1,0.83,0.83,1.15,c丙↘下15.Z-3暂,5暂.Fe震正根.破,(跌)人.连后吞WO,,银升c↘.被3v,-3,-2,14,107,True
2017/12/8,-2.06,-2.06,-0.06,c丙↘下16.Z-4,8姖.__Df头负._破,(人)人.吞吞* OV,,屎降c↘.逃4v,-4,-3,-1,108,True
2017/12/15,0.95,0.95,1.95,z丁↘忑-1.Z-5,8姖.Ff震负.破,(人)人.吞吞* OV,,唏待z↘.警3w,-5,-4,1,109,True
2017/12/22,-0.06,-0.06,0.47,z丁↘忑-2.Z-6,8姖.Ff震负.破,(人)人.孕孕vo,,唏待z↘.警3w,-6,-5,2,110,True
2017/12/29,-1.03,-1.03,-0.02,z丁↘忑-3.Z-7,9妩.__Fa震正〇._破,跌.尾连vW.W2,,屎降z↘,-7,-6,-1,111,True
2018/1/5,1.96,1.96,2.39,y戊↘忠-4.I,4蛀.Ff震负.再C,(跌)人.连后吞WO,,唏待y↘.警3h,1,-7,1,112,True
2018/1/12,0.31,0.31,1.45,r己↗忐-5.B2,4蛀.Df头负.再C,升.尾连OQ.Q2,,银升r↗.4蛀.Df头负.再C.口2I,2,1,2,113,True
2018/1/19,-2.62,-2.62,-0.59,y戊↘忑-6.Y暂,5暂.__Fa震正〇._破,(升)人.连后吞QV,,屎降y↘,-1,-1,-1,114,True
2018/1/26,2.13,2.13,3.16,y戊↘忠-7.I暂,4暂.Ff震负.再C,(人)人.吞吞* VO,,唏待y↘.警3h,1,-2,1,115,True
2018/2/2,-6.45,-6.45,0.01,y戊↘忑-8.Y暂,5暂.__Aa龙猪._初,(人)人.吞吞* OV,,屎降y↘,-1,-3,-1,116,True
2018/2/9,-8.34,-8.34,-0.36,y戊↘忑-9.Z-2暂,5暂.__Aa龙猪._初,跌.尾连VW.W2,,屎降y↘,-2,-4,-2,117,True
2018/2/14,3.84,3.84,5,y戊↘忑-10.Z-3暂,5暂.__Aa龙猪._初,跌.尾反孕Wo,,屎降y↘,-3,-5,-3,118,True
2018/2/23,2.63,2.63,2.66,y戊↘忑-11.Z-4,7姗.__Bd龙管杂._初,升.尾连oQ.Q2,,屎降y↘,-4,-6,-4,119,True
2018/3/2,4.89,4.89,5.78,y戊↘忠-12.I,4蛀.__Fe震正根._初,升.尾连QQ.Q3,,屎降y↘,1,-7,-5,120,True
2018/3/9,3.51,3.51,3.69,r己↗忐-13.B2,4蛀.Df头负.储,升.尾连QQ.Q4,连4,唏待r↗.4蛀.Df头负.储.口1v,2,1,1,121,True
2018/3/16,-1.92,-1.92,1.54,r己↗忐-14.B3,4蛀.Df头负.储,升.尾反孕Qv,,唏待r↗.4蛀.Df头负.储.口1v,3,2,2,122,True
2018/3/23,-4.87,-4.87,2.09,y戊↘忑-15.Y暂,5暂.__Fa震正〇._再B,跌.尾连vW.W2,,屎降y↘,-1,-1,-1,123,True
2018/3/30,7.17,7.17,7.17,r己↗忐-16.I暂,4暂.Df头负.储,(跌)人.连后吞WO,,唏待r↗.4暂.Df头负.储.口1v,1,1,1,124,True
2018/4/4,-0.8,-0.8,2.06,a甲↗上1.B2暂,4暂.Aa龙猪.储,(跌)人.连后吞WOv,,唏待a↗.4暂.Aa龙猪.储,2,2,2,125,True
2018/4/13,1.04,1.04,1.75,a甲↗上2.B3暂,4暂.Aa龙猪.初,(人)人.孕孕vo,,银升a↗.4暂.Aa龙猪.初,3,3,3,126,True
2018/4/20,-1.77,-1.77,1.16,a甲↗上3.A4,1柜.Aa龙猪.初,跌.尾吞oV,,唏待a↗.1柜.Aa龙猪.初,4,4,4,127,True
2018/4/27,0.02,0.02,2.5,a甲↗上4.A5,1柜.Fa震正〇.初,跌.尾反孕oVo,,唏待a↗.1柜.Fa震正〇.初,5,5,5,128,True
2018/5/4,0.02,0.02,0.83,a甲↗上5.A6,1柜.Fa震正〇.初,升.尾连oQ.Q2,,唏待a↗.1柜.Fa震正〇.初,6,6,6,129,True
2018/5/11,0.71,0.71,2.49,a甲↗上6.A7,1柜.Fa震正〇.初,升.尾连QQ.Q3,连3,唏待a↗.1柜.Fa震正〇.初,7,7,7,130,True
2018/5/18,-0.4,-0.4,1.07,a甲↗上7.A8,0橅.Fa震正〇.初,升.尾反孕Qv,,唏待a↗.0橅.Fa震正〇.初,8,8,8,131,True
2018/5/25,-0.23,-0.23,1.75,b乙→中8.Y,5蛀.Fe震正根.初,跌.尾连vW.W2,,唏待b→.5蛀.Fe震正根.初,-1,9,9,132,True
2018/6/1,-3.96,-3.96,0.12,z丁↘忑-1.Z-2,5蛀.__Fa震正〇._初,跌.尾连WW.W3,,屎降z↘,-2,-1,-1,133,True
2018/6/8,-0.77,-0.77,1.85,z丁↘忑-2.Z-3,5蛀.__Aa龙猪._初,跌.尾连WW.W4,,屎降z↘,-3,-2,-2,134,True
2018/6/15,-4.26,-4.26,0.36,z丁↘忑-3.Z-4,9妩.__Aa龙猪._初,跌.尾连WW.W5,,屎降z↘,-4,-3,-3,135,True
2018/6/22,-7.84,-7.84,-1.38,z丁↘忑-4.Z-5,9妩.__Aa龙猪._初,跌.尾连WW.W6,,屎降z↘,-5,-4,-4,136,True
2018/6/29,3.02,3.02,3.04,z丁↘忑-5.Z-6,9妩.__Aa龙猪._主,跌.尾反孕Wo,,屎降z↘,-6,-5,-5,137,True
2018/7/6,-2.63,-2.63,0.29,z丁↘忑-6.Z-7,9妩.__Aa龙猪._主,跌.尾吞oV,,屎降z↘,-7,-6,-6,138,True
2018/7/13,3.49,3.49,3.63,z丁↘忑-7.Z-8,8姖.__Fa震正〇._主,(跌)人.吞吞oVO,,屎降z↘,-8,-7,-7,139,True
2018/7/20,0.29,0.29,0.97,z丁↘忑-8.Z-9,7姗.__Fa震正〇._主,升.尾连OQ.Q2,,屎降z↘,-9,-8,-8,140,True
2018/7/27,0.11,0.11,2.54,z丁↘忑-9.Z-10,6娝.__Fa震正〇._主,升.尾连QQ.Q3,,屎降z↘,-10,-9,-9,141,True
2018/8/3,-6.81,-6.81,0.26,z丁↘忑-10.Z-11,6娝.__Bc龙管栅._主,(升)人.连后吞QV,,屎降z↘,-11,-10,-10,142,True
2018/8/10,2.48,2.48,2.63,z丁↘忑-11.Z-12,6娝.__Bc龙管栅._主,(升)人.连后吞QVo,,屎降z↘,-12,-11,-11,143,True
2018/8/17,-4.29,-4.29,0.96,z丁↘忑-12.Z-13,7姗.__Bd龙管杂._主,跌.尾吞oV,,屎降z↘,-13,-12,-12,144,True
2018/8/24,2.06,2.06,2.75,z丁↘忑-13.Z-14,9妩.__Aa龙猪._主,跌.尾反孕oVo,,屎降z↘,-14,-13,-13,145,True
2018/8/31,-0.62,-0.62,2.73,z丁↘忑-14.Z-15,9妩.__Aa龙猪._主,(跌)人.孕孕ov,,屎降z↘,-15,-14,-14,146,True
2018/9/7,-0.43,-0.43,2,z丁↘忑-15.Z-16,9妩.__Aa龙猪._主,跌.尾连vW.W2,,屎降z↘,-16,-15,-15,147,True
2018/9/14,-2.49,-2.49,-0.11,z丁↘忑-16.Z-17,9妩.__Aa龙猪._主,跌.尾连WW.W3,,屎降z↘,-17,-16,-16,148,True
2018/9/21,2.39,2.39,2.44,z丁↘忑-17.Z-18,8姖.__Aa龙猪._主,(跌)人.连后吞WO,,屎降z↘,-18,-17,-17,149,True
2018/9/28,-0.81,-0.81,0.71,z丁↘忑-18.Z-19,8姖.__Aa龙猪._主,(跌)人.连后吞WOv,,屎降z↘,-19,-18,-18,150,True
2018/10/12,-11.09,-11.09,-1.56,z丁↘忑-19.Z-20,8姖.__Aa龙猪._主,跌.尾连vW.W2,,屎降z↘,-20,-19,-19,151,True
2018/10/19,-1.93,-1.93,1.28,z丁↘忑-20.Z-21,8姖.__Aa龙猪._主,跌.尾连WW.W3,,屎降z↘,-21,-20,-20,152,True
2018/10/26,2.67,2.67,5.72,z丁↘忑-21.Z-22,8姖.__Aa龙猪._主,(跌)人.连后吞WO,,屎降z↘,-22,-21,-21,153,True
2018/11/2,6.17,6.17,6.17,y戊↘忠-22.I,4蛀.__Be龙管根._主,升.尾连OQ.Q2,,屎降y↘,1,-22,-22,154,True
2018/11/9,-1.47,-1.47,1.01,y戊↘忠-23.B2,4蛀.__Fe震正根._主,升.尾反孕Qv,,屎降y↘,2,-23,-23,155,True
2018/11/16,7.38,7.38,8.19,r己↗忐-24.B3,4蛀.__Fe震正根.储,升.尾吞vO,,屎降r↗.4蛀.__Fe震正根.储.魅6v,3,1,-24,156,True
2018/11/23,-5.66,-5.66,0.18,y戊↘忠-25.A4,0橅.__Fe震正根._再B,升.尾反孕vOv,,屎降y↘,4,-1,-25,157,True
2018/11/30,0.67,0.67,2.48,y戊↘忠-26.A5,0橅.__Fe震正根._再B,(升)人.孕孕vo,,屎降y↘,5,-2,-26,158,True
2018/12/7,0.7,0.7,3.48,y戊↘忠-27.A6,0橅.__Fe震正根._再B,升.尾连oQ.Q2,,屎降y↘,6,-3,-27,159,True
2018/12/14,-2.22,-2.22,0.95,y戊↘忑-28.Y,5蛀.__Fa震正〇._再B,(升)人.连后吞QV,,屎降y↘,-1,-4,-28,160,True
2018/12/21,-2.38,-2.38,0.26,y戊↘忑-29.Z-2,5蛀.__Fa震正〇._再B,跌.尾连VW.W2,,屎降y↘,-2,-5,-29,161,True
2018/12/28,-2.27,-2.27,1.16,y戊↘忑-30.Z-3,5蛀.__Fa震正〇._主,跌.尾连WW.W3,,屎降y↘,-3,-6,-30,162,True
2019/1/4,2.45,2.45,2.5,y戊↘忑-31.Z-4,8姖.__Fa震正〇._主,(跌)人.连后吞WO,,屎降y↘,-4,-7,-31,163,True
2019/1/11,1.51,1.51,2.98,y戊↘忠-32.I,4蛀.__Fe震正根._主,升.尾连OQ.Q2,,屎降y↘,1,-8,-32,164,True
2019/1/18,1.01,1.01,1.99,y戊↘忠-33.B2,4蛀.__Fe震正根._主,升.尾连QQ.Q3,,屎降y↘,2,-9,-33,165,True
2019/1/25,-0.04,-0.04,1.05,y戊↘忠-34.B3,4蛀.__Fe震正根._主,升.尾反孕Qv,,屎降y↘,3,-10,-34,166,True
2019/2/1,-1.4,-1.4,1.47,y戊↘忑-35.Y暂,5暂.__Fa震正〇._主,跌.尾连vW.W2,,屎降y↘,-1,-11,-35,167,True
2019/2/15,6.73,6.73,7.6,a甲↗上1.I暂,4暂.__Ff震负.储,(跌)人.连后吞WO,,屎降a↗.4暂.__Ff震负.储.魅6w,1,1,-36,168,True
2019/2/22,8.88,8.88,8.88,a甲↗上2.B2暂,4暂.Aa龙猪.储,升.尾连OQ.Q2,,唏待a↗.4暂.Aa龙猪.储,2,2,1,169,True
2019/3/1,6.68,6.68,9.18,a甲↗上3.B3暂,4暂.Aa龙猪.初,升.尾连QQ.Q3,连3,银升a↗.4暂.Aa龙猪.初,3,3,2,170,True
2019/3/8,5.23,5.23,10.22,a甲↗上4.A4,0橅.Aa龙猪.初,升.尾连QQ.Q4,宽高连4,银升a↗.0橅.Aa龙猪.初,4,4,3,171,True
2019/3/15,0.6,0.6,6.86,a甲↗上5.A5,0橅.Aa龙猪.初,升.尾连QQ.Q5,连5,银升a↗.0橅.Aa龙猪.初,5,5,4,172,True
2019/3/22,4.84,4.84,5.77,a甲↗上6.A6,0橅.Aa龙猪.初,升.尾连QQ.Q6,连6,银升a↗.0橅.Aa龙猪.初,6,6,5,173,True
2019/3/29,-0.85,-0.85,0.53,a甲↗上7.A7,0橅.Aa龙猪.初,升.尾反孕Qv,,银升a↗.0橅.Aa龙猪.初,7,7,6,174,True
2019/4/4,6.66,6.66,7.88,a甲↗上8.A8,0橅.Aa龙猪.主,升.尾吞vO,,银升a↗.0橅.Aa龙猪.主,8,8,7,175,True
2019/4/12,-3.23,-3.23,0.81,a甲↗上9.A9,0橅.Aa龙猪.主,升.尾反孕vOv,,银升a↗.0橅.Aa龙猪.主,9,9,8,176,True
2019/4/19,2.71,2.71,3.11,a甲↗上10.A10,0橅.Aa龙猪.主,(升)人.孕孕vo,,金升a↗.0橅.Aa龙猪.主,10,10,9,177,True
2019/4/26,-5.46,-5.46,0.4,a甲↗上11.A11,1柜.Fa震正〇.主,跌.尾吞oV,,金升a↗.1柜.Fa震正〇.主,11,11,10,178,True
2019/4/30,-2.71,-2.71,0.31,b乙→中12.Y,5蛀.Fe震正根.主,跌.尾连VW.W2,,金升b→.5蛀.Fe震正根.主,-1,12,11,179,True
2019/5/10,-3.4,-3.4,-3.31,b乙→中13.Z-2,5蛀.Fe震正根.主,跌.尾连WW.W3,,金升b→.5蛀.Fe震正根.主,-2,13,12,180,True
2019/5/17,-2.33,-2.33,1.67,c丙↘下14.Z-3,5蛀.Fe震正根.破,跌.尾连WW.W4,,金升c↘.被3v,-3,-1,13,181,True
2019/5/24,-1.87,-1.87,2.98,c丙↘下15.Z-4,9妩.Fe震正根.破,跌.尾连WW.W5,,金升c↘.被3v,-4,-2,14,182,True
2019/5/31,3.04,3.04,5.52,z丁↘忑-1.Z-5,8姖.Ff震负.破,(跌)人.连后吞WO,,金升z↘.警3w,-5,-3,15,183,True
2019/6/6,-5.11,-5.11,0.64,z丁↘忑-2.Z-6,8姖.__Aa龙猪._破,(人)人.吞吞* OV,,嘘待z↘,-6,-4,-1,184,True
2019/6/14,1.83,1.83,4.83,z丁↘忑-3.Z-7,8姖.__Aa龙猪._破,(人)人.吞吞* OV,,嘘待z↘,-7,-5,-2,185,True
2019/6/21,6.13,6.13,6.52,r己↗忐-4.I,4蛀.Df头负.再C,升.尾连oQ.Q2,,金升r↗.4蛀.Df头负.再C.口2I,1,1,1,186,True
2019/6/28,-1.62,-1.62,0.39,r己↗忐-5.B2,4蛀.Df头负.再C,升.尾反孕Qv,,金升r↗.4蛀.Df头负.再C.口2I,2,2,2,187,True
2019/7/5,2.42,2.42,4.06,a甲↗上1.B3,4蛀.Dd头正芽.再C,升.尾吞vO,,金升a↗.4蛀.Dd头正芽.再C,3,3,3,188,True
2019/7/12,-4.03,-4.03,-0.31,c丙↘下2.Y暂,5暂.Fe震正根.破,(升)人.吞吞vOV,,金升c↘.被3v,-1,-1,4,189,True
2019/7/19,0.06,0.06,2.26,z丁↘忑-1.Z-2暂,5暂.Ff震负.破,(升)人.吞吞vOVo,,金升z↘.警3w,-2,-2,5,190,True
2019/7/26,1.03,1.03,1.18,z丁↘忑-2.Z-3暂,5暂.Ff震负.破,升.尾连oQ.Q2,,金升z↘.警3w,-3,-3,6,191,True
2019/8/2,-1.72,-1.72,1.16,z丁↘忑-3.Z-4,7姗.Ff震负.破,(升)人.连后吞QV,,金升z↘.警3w,-4,-4,7,192,True
2019/8/9,-4.39,-4.39,0.72,z丁↘忑-4.Z-5,7姗.__Bd龙管杂._破,跌.尾连VW.W2,,尿降z↘,-5,-5,-1,193,True
2019/8/16,2.84,2.84,3.59,z丁↘忑-5.Z-6,7姗.__Bd龙管杂._初,跌.尾反孕Wo,,尿降z↘,-6,-6,-2,194,True
2019/8/23,4,4,4.75,r己↗忐-6.I,4蛀.Df头负.再D,升.尾连oQ.Q2,,金升r↗.4蛀.Df头负.再D.口2I,1,1,1,195,True
2019/8/30,-0.27,-0.27,1.87,r己↗忐-7.B2,4蛀.Df头负.再D,升.尾反孕Qv,,金升r↗.4蛀.Df头负.再D.口2I,2,2,2,196,True
2019/9/6,6.3,6.3,7.14,a甲↗上1.B3,4蛀.Aa龙猪.再D,升.尾吞vO,,金升a↗.4蛀.Aa龙猪.再D,3,3,3,197,True
2019/9/12,2.69,2.69,3.32,a甲↗上2.A4,0橅.Aa龙猪.再D,升.尾连OQ.Q2,,金升a↗.0橅.Aa龙猪.再D,4,4,4,198,True
2019/9/20,0.05,0.05,0.95,a甲↗上3.A5,0橅.Aa龙猪.再D,升.尾连QQ.Q3,连3,金升a↗.0橅.Aa龙猪.再D,5,5,5,199,True
2019/9/27,-4.42,-4.42,0.25,a甲↗上4.A6,1柜.Aa龙猪.再D,(升)人.连后吞QV,,金升a↗.1柜.Aa龙猪.再D,6,6,6,200,True
2019/9/30,-1.47,-1.47,0.34,b乙→中5.Y,5蛀.Be龙管根.主,跌.尾连VW.W2,,金升b→.5蛀.Be龙管根.主,-1,7,7,201,True
2019/10/11,1.4,1.4,1.92,b乙→中6.Z-2,5蛀.Fe震正根.主,跌.尾反孕Wo,,金升b→.5蛀.Fe震正根.主,-2,8,8,202,True
2019/10/18,-1.99,-1.99,2.17,c丙↘下7.Z-3,5蛀.Fe震正根.破,跌.尾吞oV,,金升c↘.被3v,-3,-1,9,203,True
2019/10/25,0.28,0.28,1.17,c丙↘下8.Z-4,9妩.Fe震正根.破,跌.尾反孕oVo,,金升c↘.被3v,-4,-2,10,204,True
2019/11/1,0.59,0.59,3.09,b乙→中9.Z-5,7姗.De头正根.再B,升.尾连oQ.Q2,,金升b→.7姗.De头正根.再B,-5,1,11,205,True
2019/11/8,0.31,0.31,1.76,b乙→中10.Z-6,6娝.De头正根.再B,升.尾连QQ.Q3,连3,金升b→.6娝.De头正根.再B,-6,2,12,206,True
2019/11/15,-2.51,-2.51,-0.72,z丁↘忑-1.Z-7,6娝.Ff震负.破,(升)人.连后吞QV,,金升z↘.警3w,-7,-1,13,207,True
2019/11/22,0.36,0.36,2.8,z丁↘忑-2.Z-8,6娝.Ff震负.破,(升)人.连后吞QVo,,金升z↘.警3w,-8,-2,14,208,True
2019/11/29,-0.91,-0.91,0.13,z丁↘忑-3.Z-9,7姗.__Bd龙管杂._破,跌.尾吞oV,,嘘待z↘,-9,-3,-1,209,True
2019/12/6,2.69,2.69,2.69,y戊↘忠-4.I,4蛀.Ff震负.再C,(跌)人.吞吞oVO,,金升y↘.警3h,1,-4,1,210,True
2019/12/13,2.22,2.22,2.43,a甲↗上1.B2,4蛀.Dd头正芽.再C,升.尾连OQ.Q2,,金升a↗.4蛀.Dd头正芽.再C,2,1,2,211,True
2019/12/20,1.48,1.48,3.65,a甲↗上2.B3,4蛀.Aa龙猪.再C,升.尾连QQ.Q3,连3,金升a↗.4蛀.Aa龙猪.再C,3,2,3,212,True
2019/12/27,-1.09,-1.09,0.6,a甲↗上3.A4,0橅.Aa龙猪.再C,升.尾反孕Qv,,金升a↗.0橅.Aa龙猪.再C,4,3,4,213,True
2020/1/3,3.59,3.59,3.86,a甲↗上4.A5,0橅.Aa龙猪.再C,升.尾吞vO,,金升a↗.0橅.Aa龙猪.再C,5,4,5,214,True
2020/1/10,1.24,1.24,2.44,a甲↗上5.A6,0橅.Aa龙猪.主,升.尾连OQ.Q2,,金升a↗.0橅.Aa龙猪.主,6,5,6,215,True
2020/1/17,0.97,0.97,2.27,a甲↗上6.A7,0橅.Aa龙猪.主,升.尾连QQ.Q3,连3,金升a↗.0橅.Aa龙猪.主,7,6,7,216,True
2020/1/23,-2.72,-2.72,1.51,a甲↗上7.A8,1柜.Aa龙猪.主,(升)人.连后吞QV,,金升a↗.1柜.Aa龙猪.主,8,7,8,217,True
2020/2/7,-0.1,-0.1,0.03,a甲↗上8.A9,2栅.Bc龙管栅.主,跌.尾连VW.W2,,金升a↗.2栅.Bc龙管栅.主,9,8,9,218,True
2020/2/14,3.33,3.33,4.55,a甲↗上9.A10,2栅.Bc龙管栅.主,(跌)人.连后吞WO,,金升a↗.2栅.Bc龙管栅.主,10,9,10,219,True
2020/2/21,8.22,8.22,9.53,a甲↗上10.A11,2栅.Bc龙管栅.主,升.尾连OQ.Q2,,金升a↗.2栅.Bc龙管栅.主,11,10,11,220,True
2020/2/28,-6.51,-6.51,3.22,a甲↗上11.A12,2栅.Bc龙管栅.主,升.尾反孕Qv,,金升a↗.2栅.Bc龙管栅.主,12,11,12,221,True
2020/3/6,6.37,6.37,7.51,a甲↗上12.A13,0橅.Aa龙猪.主,(升)人.孕孕vo,,金升a↗.0橅.Aa龙猪.主,13,12,13,222,True
2020/3/13,-4.77,-4.77,-1.04,a甲↗上13.A14,0橅.Aa龙猪.主,(人)人.孕孕vo,,金升a↗.0橅.Aa龙猪.主,14,13,14,223,True
2020/3/20,-4.94,-4.94,0.51,c丙↘下14.Y,5蛀.Fe震正根.破,跌.尾连vW.W2,,金升c↘.被3v,-1,-1,15,224,True
2020/3/27,-2.17,-2.17,0.11,c丙↘下15.Z-2,5蛀.Fe震正根.破,跌.尾连WW.W3,,金升c↘.被3v,-2,-2,16,225,True
2020/4/3,0.48,0.48,1.69,z丁↘忑-1.Z-3,5蛀.__Fa震正〇._破,(跌)人.连后吞WO,,嘘待z↘,-3,-3,-1,226,True
2020/4/10,0.91,0.91,4.3,z丁↘忑-2.Z-4,7姗.__Fa震正〇._破,升.尾连OQ.Q2,,嘘待z↘,-4,-4,-2,227,True
2020/4/17,0.93,0.93,2.1,z丁↘忑-3.Z-5,6娝.Ff震负.破,升.尾连QQ.Q3,连3,金升z↘.警3w,-5,-5,1,228,True
2020/4/24,-1.19,-1.19,2,z丁↘忑-4.Z-6,6娝.Ff震负.破,升.尾反孕Qv,,金升z↘.警3w,-6,-6,2,229,True
2020/4/30,1.54,1.54,1.87,y戊↘忠-5.I,4蛀.Ff震负.再C,升.尾吞vO,,金升y↘.警3h,1,-7,3,230,True
2020/5/8,2.83,2.83,3.35,r己↗忐-6.B2,4蛀.Df头负.再C,升.尾连OQ.Q2,,金升r↗.4蛀.Df头负.再C.口2I,2,1,4,231,True
2020/5/15,-0.65,-0.65,0.53,a甲↗上1.B3,4蛀.Dd头正芽.再C,升.尾反孕Qv,,金升a↗.4蛀.Dd头正芽.再C,3,2,5,232,True
2020/5/22,-2.97,-2.97,1.14,c丙↘下2.Y暂,5暂.Fe震正根.破,跌.尾连vW.W2,,金升c↘.被3v,-1,-1,6,233,True
2020/5/29,1.68,1.68,1.94,b乙→中3.Z-2暂,5暂.De头正根.再C,跌.尾反孕Wo,,金升b→.5暂.De头正根.再C,-2,1,7,234,True
2020/6/5,3.63,3.63,3.88,b乙↗上4.I暂,4暂.Aa龙猪.再C,升.尾连oQ.Q2,,金升b↗.4暂.Aa龙猪.再C,1,2,8,235,True
2020/6/12,-0.55,-0.55,1.2,b乙↗上5.B2暂,4暂.Aa龙猪.再B,升.尾反孕Qv,,金升b↗.4暂.Aa龙猪.再B,2,3,9,236,True
2020/6/19,2.85,2.85,3.09,b乙↗上6.B3暂,4暂.Aa龙猪.再B,升.尾吞vO,,金升b↗.4暂.Aa龙猪.再B,3,4,10,237,True
2020/6/24,2.09,2.09,2.21,b乙↗上7.A4,0橅.Aa龙猪.再B,升.尾连OQ.Q2,,金升b↗.0橅.Aa龙猪.再B,4,5,11,238,True
2020/7/3,5.96,5.96,6.13,b乙↗上8.A5,0橅.Aa龙猪.主,升.尾连QQ.Q3,连3,金升b↗.0橅.Aa龙猪.主,5,6,12,239,True
2020/7/10,10.25,10.25,11.86,b乙↗上9.A6,0橅.Aa龙猪.主,升.尾连QQ.Q4,高连4,金升b↗.0橅.Aa龙猪.主,6,7,13,240,True
2020/7/17,-6.9,-6.9,2.4,b乙↗上10.A7,0橅.Aa龙猪.主,升.尾反孕Qv,,金升b↗.0橅.Aa龙猪.主,7,8,14,241,True
2020/7/24,-0.23,-0.23,6.44,b乙↗上11.A8,2栅.Bc龙管栅.主,跌.尾连vW.W2,,金升b↗.2栅.Bc龙管栅.主,8,9,15,242,True
2020/7/31,5.2,5.2,5.56,b乙↗上12.A9,2栅.Bc龙管栅.主,(跌)人.连后吞WO,,金升b↗.2栅.Bc龙管栅.主,9,10,16,243,True
2020/8/7,2.34,2.34,4.56,b乙↗上13.A10,2栅.Fa震正〇.主,升.尾连OQ.Q2,,金升b↗.2栅.Fa震正〇.主,10,11,17,244,True
2020/8/14,-2.47,-2.47,0.53,b乙↗上14.A11,2栅.Fa震正〇.主,(升)人.连后吞QV,,金升b↗.2栅.Fa震正〇.主,11,12,18,245,True
2020/8/21,-0.28,-0.28,3.65,b乙↗上15.A12,2栅.Fa震正〇.主,跌.尾连VW.W2,,金升b↗.2栅.Fa震正〇.主,12,13,19,246,True
2020/8/28,0.79,0.79,1.78,b乙↗上16.A13,2栅.Fa震正〇.主,跌.尾反孕Wo,,金升b↗.2栅.Fa震正〇.主,13,14,20,247,True
2020/9/4,-1.53,-1.53,1.48,b乙↗上17.A14,3桮.Fa震正〇.主,跌.尾吞oV,,金升b↗.3桮.Fa震正〇.主,14,15,21,248,True
2020/9/11,-5.31,-5.31,0.94,c丙↘下18.Y,5蛀.Fe震正根.破,跌.尾连VW.W2,,金升c↘.被3v,-1,-1,22,249,True
2020/9/18,2.72,2.72,2.76,b乙→中19.Z-2,5蛀.De头正根.再B,跌.尾反孕Wo,,金升b→.5蛀.De头正根.再B,-2,1,23,250,True
2020/9/25,-3.18,-3.18,0.6,c丙↘下20.Z-3,5蛀.Fe震正根.破,跌.尾吞oV,,金升c↘.被3v,-3,-1,24,251,True
2020/9/30,-0.09,-0.09,0.87,c丙↘下21.Z-4,9妩.Fe震正根.破,跌.尾连VW.W2,,金升c↘.被3v,-4,-2,25,252,True
2020/10/9,2.47,2.47,2.65,z丁↘忑-1.Z-5,8姖.Ff震负.破,(跌)人.连后吞WO,,金升z↘.警3w,-5,-3,26,253,True
2020/10/16,0.95,0.95,2.99,a甲↗上1.I,4蛀.Dd头正芽.再C,升.尾连OQ.Q2,,金升a↗.4蛀.Dd头正芽.再C,1,1,27,254,True
2020/10/23,-2.22,-2.22,0.95,z丁↘忑-1.Y暂,5暂.Ff震负.破,(升)人.连后吞QV,,金升z↘.警3w,-1,-1,28,255,True
2020/10/30,-1.79,-1.79,0.9,z丁↘忑-2.Z-2暂,5暂.Ff震负.破,跌.尾连VW.W2,,金升z↘.警3w,-2,-2,29,256,True
2020/11/6,3.25,3.25,3.61,y戊↘忠-3.I暂,4暂.Ff震负.再C,(跌)人.连后吞WO,,金升y↘.警3h,1,-3,30,257,True
2020/11/13,0.09,0.09,2.98,r己↗忐-4.B2暂,4暂.Df头负.再C,升.尾连OQ.Q2,,金升r↗.4暂.Df头负.再C.口2I,2,1,31,258,True
2020/11/20,0.94,0.94,1.03,a甲↗上1.B3暂,4暂.Dd头正芽.再C,升.尾连QQ.Q3,连3,金升a↗.4暂.Dd头正芽.再C,3,2,32,259,True
2020/11/27,-0.82,-0.82,1.4,a甲↗上2.A4,1柜.Dd头正芽.再C,(升)人.连后吞QV,,金升a↗.1柜.Dd头正芽.再C,4,3,33,260,True
2020/12/4,1.64,1.64,1.95,a甲↗上3.A5,1柜.Dd头正芽.再C,(人)人.吞吞* VO,,金升a↗.1柜.Dd头正芽.再C,5,4,34,261,True
2020/12/11,-4.22,-4.22,0.53,c丙↘下4.Y,5蛀.Fe震正根.破,(人)人.吞吞* OV,,金升c↘.被3v,-1,-1,35,262,True
2020/12/18,0.65,0.65,1.55,z丁↘忑-1.Z-2,5蛀.Ff震负.破,(人)人.吞吞* OV,,金升z↘.警3w,-2,-2,36,263,True
2020/12/25,-0.57,-0.57,1.37,z丁↘忑-2.Z-3,5蛀.__Fa震正〇._破,(人)人.孕孕vo,,嘘待z↘,-3,-3,-1,264,True
2020/12/31,2.77,2.77,2.79,r己↗忐-3.I暂,4暂.Df头负.再C,升.尾吞vO,,金升r↗.4暂.Df头负.再C.口2I,1,1,1,265,True
2021/1/8,0.45,0.45,2.59,a甲↗上1.B2暂,4暂.Dd头正芽.再C,升.尾连OQ.Q2,,金升a↗.4暂.Dd头正芽.再C,2,2,2,266,True
2021/1/15,-1.77,-1.77,0.54,z丁↘忑-1.Y暂,5暂.Ff震负.破,(升)人.连后吞QV,,金升z↘.警3w,-1,-1,3,267,True
2021/1/22,1.21,1.21,2.8,a甲↗上1.I暂,4暂.Dd头正芽.再C,(升)人.连后吞QVo,,金升a↗.4暂.Dd头正芽.再C,1,1,4,268,True
2021/1/29,-5.85,-5.85,0.1,z丁↘忑-1.Y暂,5暂.__Aa龙猪._破,跌.尾吞oV,,嘘待z↘,-1,-1,-1,269,True
2021/2/5,-1.13,-1.13,1.53,z丁↘忑-2.Z-2暂,5暂.__Aa龙猪._初,跌.尾连VW.W2,,嘘待z↘,-2,-2,-2,270,True
2021/2/10,4.88,4.88,5.1,z丁↘忑-3.Z-3暂,5暂.__Aa龙猪._初,(跌)人.连后吞WO,,嘘待z↘,-3,-3,-3,271,True
2021/2/19,2.42,2.42,2.56,r己↗忐-4.I暂,4暂.Df头负.再D,升.尾连OQ.Q2,,金升r↗.4暂.Df头负.再D.口2i,1,1,1,272,True
2021/2/26,-4.48,-4.48,1.26,y戊↘忑-5.Y暂,5暂.__Fa震正〇._初,(升)人.连后吞QV,,嘘待y↘,-1,-1,-1,273,True
2021/3/5,0.23,0.23,2.62,y戊↘忑-6.Z-2暂,5暂.__Fa震正〇._初,(升)人.连后吞QVo,,嘘待y↘,-2,-2,-2,274,True
2021/3/12,-2.84,-2.84,0.92,y戊↘忑-7.Z-3暂,5暂.__Aa龙猪._初,跌.尾吞oV,,嘘待y↘,-3,-3,-3,275,True
2021/3/19,-0.79,-0.79,0.83,y戊↘忑-8.Z-4,9妩.__Aa龙猪._初,跌.尾连VW.W2,,尿降y↘,-4,-4,-4,276,True
2021/3/26,2.33,2.33,2.53,y戊↘忑-9.Z-5,8姖.__Aa龙猪._初,(跌)人.连后吞WO,,嘘待y↘,-5,-5,-5,277,True
2021/4/2,1.58,1.58,1.7,y戊↘忠-10.I,4蛀.__Fe震正根._主,升.尾连OQ.Q2,,嘘待y↘,1,-6,-6,278,True
2021/4/9,-1.19,-1.19,0.3,y戊↘忠-11.B2,4蛀.__Fe震正根._主,升.尾反孕Qv,,嘘待y↘,2,-7,-7,279,True
2021/4/16,0.27,0.27,0.27,y戊↘忠-12.B3,4蛀.__Fe震正根._主,(升)人.孕孕vo,,嘘待y↘,3,-8,-8,280,True
2021/4/23,1.8,1.8,2.3,r己↗忐-13.A4,0橅.__Fe震正根.储,升.尾连oQ.Q2,,嘘待r↗.0橅.__Fe震正根.储.魅6v,4,1,-9,281,True
2021/4/30,0.09,0.09,1.64,r己↗忐-14.A5,0橅.Df头负.储,升.尾连QQ.Q3,连3,金升r↗.0橅.Df头负.储.口1v,5,2,1,282,True
2021/5/7,-1.69,-1.69,1.06,y戊↘忑-15.Y,5蛀.__Fa震正〇._再B,(升)人.连后吞QV,,嘘待y↘,-1,-1,-1,283,True
2021/5/14,3.65,3.65,3.73,a甲↗上1.I暂,4暂.Aa龙猪.储,(人)人.吞吞* VO,,金升a↗.4暂.Aa龙猪.储,1,1,1,284,True
2021/5/21,-0.26,-0.26,1,a甲↗上2.B2暂,4暂.Aa龙猪.初,(人)人.吞吞* VO,,金升a↗.4暂.Aa龙猪.初,2,2,2,285,True
2021/5/28,2.77,2.77,3.88,a甲↗上3.B3暂,4暂.Aa龙猪.初,升.尾吞vO,,金升a↗.4暂.Aa龙猪.初,3,3,3,286,True
2021/6/4,-0.1,-0.1,1.03,a甲↗上4.A4,0橅.Aa龙猪.初,升.尾反孕vOv,,金升a↗.0橅.Aa龙猪.初,4,4,4,287,True
2021/6/11,0.03,0.03,2.11,a甲↗上5.A5,0橅.Aa龙猪.初,(升)人.孕孕vo,,金升a↗.0橅.Aa龙猪.初,5,5,5,288,True
2021/6/18,-0.24,-0.24,-0.02,a甲↗上6.A6,1柜.Aa龙猪.初,跌.尾吞oV,,金升a↗.1柜.Aa龙猪.初,6,6,6,289,True
2021/6/25,2.05,2.05,2.23,a甲↗上7.A7,1柜.Aa龙猪.主,(跌)人.吞吞oVO,,金升a↗.1柜.Aa龙猪.主,7,7,7,290,True
2021/7/2,-1.48,-1.48,1.64,a甲↗上8.A8,1柜.Aa龙猪.主,(跌)人.吞吞oVOv,,金升a↗.1柜.Aa龙猪.主,8,8,8,291,True
2021/7/9,1.62,1.62,1.79,a甲↗上9.A9,1柜.Aa龙猪.主,(人)人.孕孕vo,,金升a↗.1柜.Aa龙猪.主,9,9,9,292,True
2021/7/16,0.68,0.68,1.89,a甲↗上10.A10,0橅.Aa龙猪.主,升.尾连oQ.Q2,,金升a↗.0橅.Aa龙猪.主,10,10,10,293,True
2021/7/23,0.19,0.19,1.92,a甲↗上11.A11,0橅.Aa龙猪.主,升.尾连QQ.Q3,连3,金升a↗.0橅.Aa龙猪.主,11,11,11,294,True
2021/7/30,-3.51,-3.51,-0.47,b乙→中12.Y,5蛀.Be龙管根.主,(升)人.连后吞QV,,金升b→.5蛀.Be龙管根.主,-1,12,12,295,True
2021/8/6,1.6,1.6,3.22,b乙→中13.Z-2,5蛀.Be龙管根.主,(升)人.连后吞QVo,,金升b→.5蛀.Be龙管根.主,-2,13,13,296,True
2021/8/13,1.07,1.07,2.05,b乙↗上14.I暂,4暂.Fd震正芽.主,升.尾连oQ.Q2,,金升b↗.4暂.Fd震正芽.主,1,14,14,297,True
2021/8/20,-0.69,-0.69,1.46,b乙↗上15.B2暂,4暂.Fd震正芽.主,升.尾反孕Qv,,金升b↗.4暂.Fd震正芽.主,2,15,15,298,True
2021/8/27,-0.36,-0.36,2.04,b乙→中16.Y暂,5暂.Fe震正根.主,跌.尾连vW.W2,,金升b→.5暂.Fe震正根.主,-1,16,16,299,True
2021/9/3,2.86,2.86,3.7,b乙↗上17.I暂,4暂.Fd震正芽.主,(跌)人.连后吞WO,,金升b↗.4暂.Fd震正芽.主,1,17,17,300,True
2021/9/10,1.55,1.55,2.33,b乙↗上18.B2暂,4暂.Aa龙猪.主,升.尾连OQ.Q2,,金升b↗.4暂.Aa龙猪.主,2,18,18,301,True
2021/9/17,-3.29,-3.29,0.16,b乙↗上19.B3暂,4暂.Aa龙猪.主,(升)人.连后吞QV,,金升b↗.4暂.Aa龙猪.主,3,19,19,302,True
2021/9/24,0.2,0.2,1.36,b乙→中20.Y暂,5暂.Be龙管根.主,(升)人.连后吞QVo,,金升b→.5暂.Be龙管根.主,-1,20,20,303,True
2021/9/30,-1.77,-1.77,0.64,c丙↘下21.Z-2暂,5暂.Fe震正根.破,跌.尾吞oV,,金升c↘.被3v,-2,-1,21,304,True
2021/10/8,1.89,1.89,1.91,b乙→中22.Z-3暂,5暂.De头正根.再B,跌.尾反孕oVo,,金升b→.5暂.De头正根.再B,-3,1,22,305,True
2021/10/15,-0.42,-0.42,0.47,b乙→中23.Z-4,9妩.De头正根.再B,(跌)人.孕孕ov,,金升b→.9妩.De头正根.再B,-4,2,23,306,True
2021/10/22,-1.18,-1.18,0.71,z丁↘忑-1.Z-5,9妩.Ff震负.破,跌.尾连vW.W2,,金升z↘.警3w,-5,-1,24,307,True
2021/10/29,-2.32,-2.32,0.56,z丁↘忑-2.Z-6,9妩.__Aa龙猪._破,跌.尾连WW.W3,,嘘待z↘,-6,-2,-1,308,True
2021/11/5,1.21,1.21,1.7,z丁↘忑-3.Z-7,9妩.__Aa龙猪._初,跌.尾反孕Wo,,嘘待z↘,-7,-3,-2,309,True
2021/11/12,3.25,3.25,3.41,r己↗忐-4.I,4蛀.Df头负.再D,升.尾连oQ.Q2,,金升r↗.4蛀.Df头负.再D.口2I,1,1,1,310,True
2021/11/19,0.28,0.28,1.08,a甲↗上1.B2,4蛀.Dd头正芽.再D,升.尾连QQ.Q3,连3,金升a↗.4蛀.Dd头正芽.再D,2,2,2,311,True
2021/11/26,1.02,1.02,1.47,a甲↗上2.B3,4蛀.Aa龙猪.再D,升.尾连QQ.Q4,连4,金升a↗.4蛀.Aa龙猪.再D,3,3,3,312,True
2021/12/3,0.65,0.65,1.36,a甲↗上3.A4,0橅.Aa龙猪.再D,升.尾连QQ.Q5,连5,金升a↗.0橅.Aa龙猪.再D,4,4,4,313,True
2021/12/10,0.88,0.88,1.68,a甲↗上4.A5,0橅.Aa龙猪.再D,升.尾连QQ.Q6,连6,金升a↗.0橅.Aa龙猪.再D,5,5,5,314,True
2021/12/17,0.08,0.08,1.33,a甲↗上5.A6,0橅.Aa龙猪.主,升.尾连QQ.Q7,连7,金升a↗.0橅.Aa龙猪.主,6,6,6,315,True
2021/12/24,-0.3,-0.3,0.63,a甲↗上6.A7,1柜.Aa龙猪.主,(升)人.连后吞QV,,金升a↗.1柜.Aa龙猪.主,7,7,7,316,True
2021/12/31,3.06,3.06,3.26,a甲↗上7.A8,1柜.Aa龙猪.主,(人)人.吞吞* VO,,金升a↗.1柜.Aa龙猪.主,8,8,8,317,True
2022/1/7,-1.27,-1.27,0.89,a甲↗上8.A9,1柜.Aa龙猪.主,(人)人.吞吞* VO,,金升a↗.1柜.Aa龙猪.主,9,9,9,318,True
2022/1/14,-0.42,-0.42,1.65,a甲↗上9.A10,2栅.Bc龙管栅.主,跌.尾连vW.W2,,金升a↗.2栅.Bc龙管栅.主,10,10,10,319,True
2022/1/21,0.72,0.72,2.64,a甲↗上10.A11,2栅.Bc龙管栅.主,(跌)人.连后吞WO,,金升a↗.2栅.Bc龙管栅.主,11,11,11,320,True
2022/1/28,-6.03,-6.03,0.7,c丙↘下11.Y,5蛀.__Df头负._破,(人)人.吞吞* OV,,嘘待c↘.逃4v,-1,-1,-1,321,True
2022/2/11,4.73,4.73,6.81,b乙→中12.Z-2,5蛀.Be龙管根.再B,(人)人.吞吞* OV,,金升b→.5蛀.Be龙管根.再B,-2,1,1,322,True
2022/2/18,0.45,0.45,1.02,b乙↗上13.I暂,4暂.Dd头正芽.再B,升.尾连oQ.Q2,,金升b↗.4暂.Dd头正芽.再B,1,2,2,323,True
2022/2/25,-1.29,-1.29,1.97,b乙→中14.Y暂,5暂.De头正根.再B,升.尾反孕Qv,,金升b→.5暂.De头正根.再B,-1,3,3,324,True
2022/3/4,-0.45,-0.45,1.39,c丙↘下15.Z-2暂,5暂.Fe震正根.破,跌.尾连vW.W2,,金升c↘.被3v,-2,-1,4,325,True
2022/3/11,-3.28,-3.28,-0.57,z丁↘忑-1.Z-3暂,5暂.__Aa龙猪._破,跌.尾连WW.W3,,嘘待z↘,-3,-2,-1,326,True
2022/3/18,-1.6,-1.6,-0.31,z丁↘忑-2.Z-4,9妩.__Aa龙猪._初,跌.尾连WW.W4,,尿降z↘,-4,-3,-2,327,True
2022/3/25,-0.85,-0.85,1.76,z丁↘忑-3.Z-5,9妩.__Aa龙猪._初,跌.尾连WW.W5,,尿降z↘,-5,-4,-3,328,True
2022/4/1,1.13,1.13,1.36,z丁↘忑-4.Z-6,8姖.__Aa龙猪._初,(跌)人.连后吞WO,,尿降z↘,-6,-5,-4,329,True
2022/4/8,-3.55,-3.55,0.47,z丁↘忑-5.Z-7,8姖.__Fa震正〇._初,(人)人.吞吞* OV,,尿降z↘,-7,-6,-5,330,True
2022/4/15,-3.49,-3.49,-0.36,z丁↘忑-6.Z-8,8姖.__Fa震正〇._初,跌.尾连VW.W2,,尿降z↘,-8,-7,-6,331,True
2022/4/22,-5.96,-5.96,0.9,z丁↘忑-7.Z-9,8姖.__Aa龙猪._初,跌.尾连WW.W3,,尿降z↘,-9,-8,-7,332,True
2022/4/29,-4.37,-4.37,-1.85,z丁↘忑-8.Z-10,9妩.__Aa龙猪._主,跌.尾连WW.W4,,尿降z↘,-10,-9,-8,333,True
2022/5/6,0.01,0.01,2.46,z丁↘忑-9.Z-11,9妩.__Aa龙猪._主,跌.尾反孕Wo,,屎降z↘,-11,-10,-9,334,True
2022/5/13,4.08,4.08,5,z丁↘忑-10.Z-12,7姗.__Bd龙管杂._主,升.尾连oQ.Q2,,屎降z↘,-12,-11,-10,335,True
2022/5/20,0.78,0.78,1.05,z丁↘忑-11.Z-13,6娝.__Fa震正〇._主,升.尾连QQ.Q3,,屎降z↘,-13,-12,-11,336,True
2022/5/27,-0.62,-0.62,0.78,z丁↘忑-12.Z-14,6娝.__Fa震正〇._主,(升)人.连后吞QV,,屎降z↘,-14,-13,-12,337,True
2022/6/2,2.92,2.92,2.99,y戊↘忠-13.I,4蛀.__Fe震正根._主,(人)人.吞吞* VO,,屎降y↘,1,-14,-13,338,True
2022/6/10,2.71,2.71,2.95,y戊↘忠-14.B2,4蛀.__Fe震正根._主,升.尾连OQ.Q2,,屎降y↘,2,-15,-14,339,True
2022/6/17,2.97,2.97,3.75,r己↗忐-15.B3,4蛀.__Fe震正根.储,升.尾连QQ.Q3,,屎降r↗.4蛀.__Fe震正根.储.魅6v,3,1,-15,340,True
2022/6/24,1.46,1.46,1.6,r己↗忐-16.A4,0橅.Df头负.储,升.尾连QQ.Q4,连4,唏待r↗.0橅.Df头负.储.口1v,4,2,1,341,True
2022/7/1,0.48,0.48,2.24,a甲↗上1.A5,0橅.Aa龙猪.储,升.尾连QQ.Q5,连5,唏待a↗.0橅.Aa龙猪.储,5,3,2,342,True
2022/7/8,-0.51,-0.51,1.57,a甲↗上2.A6,1柜.Aa龙猪.储,(升)人.连后吞QV,,唏待a↗.1柜.Aa龙猪.储,6,4,3,343,True
2022/7/15,-4.4,-4.4,-0.26,b乙→中3.Y,5蛀.__Ff震负._再C,跌.尾连VW.W2,,屎降b→.5蛀.__Ff震负._再C.魅6h,-1,5,-1,344,True
2022/7/22,2.58,2.58,4.31,b乙→中4.Z-2,5蛀.__Ff震负._再C,跌.尾反孕Wo,,屎降b→.5蛀.__Ff震负._再C.魅6h,-2,6,-2,345,True
2022/7/29,1.11,1.11,2.54,b乙↗上5.I暂,4暂.__Ff震负.储,升.尾连oQ.Q2,,屎降b↗.4暂.__Ff震负.储.魅6w,1,7,-3,346,True
2022/8/5,1,1,1.02,b乙↗上6.B2暂,4暂.Fd震正芽.储,升.尾连QQ.Q3,连3,唏待b↗.4暂.Fd震正芽.储,2,8,1,347,True
2022/8/12,1.24,1.24,2.78,b乙↗上7.B3暂,4暂.Aa龙猪.初,升.尾连QQ.Q4,连4,银升b↗.4暂.Aa龙猪.初,3,9,2,348,True
2022/8/19,-0.7,-0.7,0.97,b乙↗上8.A4,0橅.Aa龙猪.初,升.尾反孕Qv,,唏待b↗.0橅.Aa龙猪.初,4,10,3,349,True
2022/8/26,-3.7,-3.7,0.11,c丙↘下9.Y,5蛀.__Df头负._再D,跌.尾连vW.W2,,屎降c↘.逃5i,-1,-1,-1,350,True
2022/9/2,0.07,0.07,1.22,c丙↘下10.Z-2,5蛀.__Df头负._再D,跌.尾反孕Wo,,屎降c↘.逃5I,-2,-2,-2,351,True
2022/9/9,-0.39,-0.39,0.31,z丁↘忑-1.Z-3,5蛀.__Fa震正〇._再D,(跌)人.孕孕ov,,屎降z↘,-3,-3,-3,352,True
2022/9/16,-4.34,-4.34,0.98,z丁↘忑-2.Z-4,9妩.__Aa龙猪._再D,跌.尾连vW.W2,,屎降z↘,-4,-4,-4,353,True
2022/9/23,-3.5,-3.5,0.02,z丁↘忑-3.Z-5,9妩.__Aa龙猪._再D,跌.尾连WW.W3,,屎降z↘,-5,-5,-5,354,True
2022/9/30,-1.1,-1.1,1.96,z丁↘忑-4.Z-6,9妩.__Aa龙猪._再D,跌.尾连WW.W4,,屎降z↘,-6,-6,-6,355,True
2022/10/14,7.43,7.43,7.77,y戊↘忠-5.I,4蛀.__Be龙管根._主,(跌)人.连后吞WO,,屎降y↘,1,-7,-7,356,True
2022/10/21,2.1,2.1,2.83,r己↗忐-6.B2,4蛀.__Fe震正根.储,升.尾连OQ.Q2,,屎降r↗.4蛀.__Fe震正根.储.魅6v,2,1,-8,357,True
2022/10/28,-1.28,-1.28,2.67,r己↗忐-7.B3,4蛀.__Fe震正根.储,升.尾反孕Qv,,屎降r↗.4蛀.__Fe震正根.储.魅6v,3,2,-9,358,True
2022/11/4,5.59,5.59,6.37,a甲↗上1.A4,0橅.Aa龙猪.储,升.尾吞vO,,唏待a↗.0橅.Aa龙猪.储,4,3,1,359,True
2022/11/11,-0.09,-0.09,2.04,a甲↗上2.A5,0橅.Aa龙猪.初,升.尾反孕vOv,,银升a↗.0橅.Aa龙猪.初,5,4,2,360,True
2022/11/18,3.99,3.99,5.36,a甲↗上3.A6,0橅.Aa龙猪.初,升.尾吞vO,,银升a↗.0橅.Aa龙猪.初,6,5,3,361,True
2022/11/25,-5.1,-5.1,-0.74,a甲↗上4.A7,1柜.Aa龙猪.初,(升)人.吞吞vOV,,银升a↗.1柜.Aa龙猪.初,7,6,4,362,True
2022/12/2,2.13,2.13,3.01,a甲↗上5.A8,1柜.Aa龙猪.初,(升)人.吞吞vOVo,,银升a↗.1柜.Aa龙猪.初,8,7,5,363,True
2022/12/9,-0.81,-0.81,1.3,a甲↗上6.A9,1柜.Fa震正〇.初,(人)人.孕孕vo,,银升a↗.1柜.Fa震正〇.初,9,8,6,364,True
2022/12/16,-1.17,-1.17,0.46,b乙→中7.Y,5蛀.Fe震正根.初,跌.尾连vW.W2,,银升b→.5蛀.Fe震正根.初,-1,9,7,365,True
2022/12/23,-3.78,-3.78,0.35,c丙↘下8.Z-2,5蛀.__Df头负._破,跌.尾连WW.W3,,屎降c↘.逃4v,-2,-1,-1,366,True
2022/12/30,1.12,1.12,1.55,c丙↘下9.Z-3,5蛀.__Df头负._破,跌.尾反孕Wo,,屎降c↘.逃4v,-3,-2,-2,367,True
2023/1/6,3.62,3.62,4.34,b乙↗上10.I暂,4暂.Dd头正芽.再B,升.尾连oQ.Q2,,唏待b↗.4暂.Dd头正芽.再B,1,1,1,368,True
2023/1/13,2.3,2.3,2.36,b乙↗上11.B2暂,4暂.Dd头正芽.再B,升.尾连QQ.Q3,连3,银升b↗.4暂.Dd头正芽.再B,2,2,2,369,True
2023/1/20,3.91,3.91,4.51,b乙↗上12.B3暂,4暂.Aa龙猪.再B,升.尾连QQ.Q4,连4,银升b↗.4暂.Aa龙猪.再B,3,3,3,370,True
2023/2/3,0.99,0.99,1.76,b乙↗上13.A4,0橅.Aa龙猪.再B,升.尾连QQ.Q5,连5,银升b↗.0橅.Aa龙猪.再B,4,4,4,371,True
2023/2/10,-0.85,-0.85,0.01,b乙↗上14.A5,1柜.Aa龙猪.主,(升)人.连后吞QV,,金升b↗.1柜.Aa龙猪.主,5,5,5,372,True
2023/2/17,-2.01,-2.01,2.11,b乙↗上15.A6,2栅.Bc龙管栅.主,跌.尾连VW.W2,,金升b↗.2栅.Bc龙管栅.主,6,6,6,373,True
2023/2/24,1.43,1.43,2.69,b乙↗上16.A7,2栅.Bc龙管栅.主,跌.尾反孕Wo,,金升b↗.2栅.Bc龙管栅.主,7,7,7,374,True
2023/3/3,1.11,1.11,1.52,b乙↗上17.A8,2栅.Bc龙管栅.主,升.尾连oQ.Q2,,金升b↗.2栅.Bc龙管栅.主,8,8,8,375,True
2023/3/10,-2.13,-2.13,0.44,b乙→中18.Y,5蛀.Fe震正根.主,(升)人.连后吞QV,,金升b→.5蛀.Fe震正根.主,-1,9,9,376,True
2023/3/17,1.14,1.14,1.79,b乙↗上19.I暂,4暂.Fd震正芽.主,(升)人.连后吞QVo,,金升b↗.4暂.Fd震正芽.主,1,10,10,377,True
2023/3/24,3.1,3.1,3.24,b乙↗上20.B2暂,4暂.Aa龙猪.主,升.尾连oQ.Q2,,金升b↗.4暂.Aa龙猪.主,2,11,11,378,True
2023/3/31,-0.07,-0.07,1.02,b乙↗上21.B3暂,4暂.Aa龙猪.主,升.尾反孕Qv,,金升b↗.4暂.Aa龙猪.主,3,12,12,379,True
2023/4/7,2.9,2.9,3.13,b乙↗上22.A4,0橅.Aa龙猪.主,升.尾吞vO,,金升b↗.0橅.Aa龙猪.主,4,13,13,380,True
2023/4/14,-1.12,-1.12,0.66,b乙↗上23.A5,0橅.Aa龙猪.主,升.尾反孕vOv,,金升b↗.0橅.Aa龙猪.主,5,14,14,381,True
2023/4/21,-4.34,-4.34,0.2,b乙→中24.Y,5蛀.Be龙管根.主,跌.尾连vW.W2,,金升b→.5蛀.Be龙管根.主,-1,15,15,382,True
2023/4/28,-0.35,-0.35,0.49,c丙↘下25.Z-2,5蛀.Fe震正根.破,跌.尾连WW.W3,,金升c↘.被3v,-2,-1,16,383,True
2023/5/5,-0.2,-0.2,0.46,c丙↘下26.Z-3,5蛀.Fe震正根.破,跌.尾连WW.W4,,金升c↘.被3v,-3,-2,17,384,True
2023/5/12,-0.08,-0.08,2.09,c丙↘下27.Z-4,9妩.Fe震正根.破,跌.尾连WW.W5,,金升c↘.被3v,-4,-3,18,385,True
2023/5/19,-0.47,-0.47,0.82,z丁↘忑-1.Z-5,9妩.Ff震负.破,跌.尾连WW.W6,,金升z↘.警3w,-5,-4,19,386,True
2023/5/26,-1.66,-1.66,0.34,z丁↘忑-2.Z-6,9妩.__Aa龙猪._破,跌.尾连WW.W7,,嘘待z↘,-6,-5,-1,387,True
2023/6/2,1.29,1.29,1.98,z丁↘忑-3.Z-7,9妩.__Aa龙猪._破,跌.尾反孕Wo,,嘘待z↘,-7,-6,-2,388,True
2023/6/9,-1.06,-1.06,0.73,z丁↘忑-4.Z-8,9妩.__Aa龙猪._破,(跌)人.孕孕ov,,嘘待z↘,-8,-7,-3,389,True
2023/6/16,3.81,3.81,3.88,r己↗忐-5.I,4蛀.Df头负.再C,升.尾吞vO,,金升r↗.4蛀.Df头负.再C.口2I,1,1,1,390,True
2023/6/21,-2.06,-2.06,1.16,r己↗忐-6.B2,4蛀.Df头负.再C,升.尾反孕vOv,,金升r↗.4蛀.Df头负.再C.警3h,2,2,2,391,True
2023/6/30,-1.6,-1.6,-0.34,y戊↘忑-7.Y暂,5暂.__Aa龙猪._破,跌.尾连vW.W2,,嘘待y↘,-1,-1,-1,392,True
2023/7/7,-1.96,-1.96,0.39,y戊↘忑-8.Z-2暂,5暂.__Aa龙猪._初,跌.尾连WW.W3,,尿降y↘,-2,-2,-2,393,True
2023/7/14,0.68,0.68,1.28,y戊↘忑-9.Z-3暂,5暂.__Aa龙猪._初,跌.尾反孕Wo,,尿降y↘,-3,-3,-3,394,True
2023/7/21,-2.07,-2.07,0.01,y戊↘忑-10.Z-4,9妩.__Aa龙猪._初,跌.尾吞oV,,尿降y↘,-4,-4,-4,395,True
2023/7/28,3.05,3.05,3.15,y戊↘忑-11.Z-5,8姖.__Aa龙猪._初,(跌)人.吞吞oVO,,尿降y↘,-5,-5,-5,396,True
2023/8/4,2.7,2.7,3.91,r己↗忐-12.I,4蛀.Df头负.储,升.尾连OQ.Q2,,金升r↗.4蛀.Df头负.储.口1v,1,1,1,397,True
2023/8/11,-3.18,-3.18,0.28,y戊↘忠-13.B2,4蛀.__Be龙管根._初,(升)人.连后吞QV,,嘘待y↘,2,-1,-1,398,True
2023/8/18,-3.11,-3.11,0.32,y戊↘忑-14.Y暂,5暂.__Aa龙猪._再B,跌.尾连VW.W2,,尿降y↘,-1,-2,-2,399,True
2023/8/25,-2.8,-2.8,0.48,y戊↘忑-15.Z-2暂,5暂.__Aa龙猪._再B,跌.尾连WW.W3,,尿降y↘,-2,-3,-3,400,True
2023/9/1,2.79,2.79,6.66,y戊↘忑-16.Z-3暂,5暂.__Aa龙猪._再B,(跌)人.连后吞WO,,尿降y↘,-3,-4,-4,401,True
2023/9/8,-1.32,-1.32,0.7,y戊↘忑-17.Z-4,8姖.__Aa龙猪._再B,(人)人.吞吞* OV,,尿降y↘,-4,-5,-5,402,True
2023/9/15,-0.92,-0.92,1.83,y戊↘忑-18.Z-5,8姖.__Aa龙猪._主,跌.尾连VW.W2,,尿降y↘,-5,-6,-6,403,True
2023/9/22,0.94,0.94,0.94,y戊↘忑-19.Z-6,6娝.__Bc龙管栅._主,(跌)人.连后吞WO,,屎降y↘,-6,-7,-7,404,True
2023/9/28,0.33,0.33,0.66,y戊↘忑-20.Z-7,7姗.__Bd龙管杂._主,升.尾连OQ.Q2,,屎降y↘,-7,-8,-8,405,True
2023/10/13,-1.36,-1.36,0.27,y戊↘忑-21.Z-8,7姗.__Bd龙管杂._主,(升)人.连后吞QV,,屎降y↘,-8,-9,-9,406,True
2023/10/20,-4.65,-4.65,-0.02,y戊↘忑-22.Z-9,7姗.__Bd龙管杂._主,跌.尾连VW.W2,,屎降y↘,-9,-10,-10,407,True
2023/10/27,1.57,1.57,1.93,y戊↘忑-23.Z-10,7姗.__Bd龙管杂._主,跌.尾反孕Wo,,屎降y↘,-10,-11,-11,408,True
2023/11/3,1.43,1.43,1.79,y戊↘忑-24.Z-11,7姗.__Bd龙管杂._主,升.尾连oQ.Q2,,屎降y↘,-11,-12,-12,409,True
2023/11/10,2.07,2.07,3.39,y戊↘忠-25.I,4蛀.__Be龙管根._主,升.尾连QQ.Q3,,屎降y↘,1,-13,-13,410,True
2023/11/17,2.82,2.82,2.86,r己↗忐-26.B2,4蛀.__Fe震正根.储,升.尾连QQ.Q4,,屎降r↗.4蛀.__Fe震正根.储.魅6v,2,1,-14,411,True
2023/11/24,-1.22,-1.22,1.66,r己↗忐-27.B3,4蛀.__Fe震正根.储,升.尾反孕Qv,,屎降r↗.4蛀.__Fe震正根.储.魅6v,3,2,-15,412,True
2023/12/1,0.41,0.41,0.5,a甲↗上1.A4,0橅.__Ff震负.储,(升)人.孕孕vo,,屎降a↗.0橅.__Ff震负.储.魅6w,4,3,-16,413,True
2023/12/8,-0.54,-0.54,0.83,a甲↗上2.A5,0橅.__Ff震负.储,(人)人.孕孕vo,,屎降a↗.0橅.__Ff震负.储.魅6w,5,4,-17,414,True
2023/12/15,-0.94,-0.94,2,c丙↘下3.Y,5蛀.__Df头负._再C,跌.尾连vW.W2,,屎降c↘.逃5I,-1,-1,-18,415,True
2023/12/22,-5.21,-5.21,0.12,z丁↘忑-1.Z-2,5蛀.__Fa震正〇._再C,跌.尾连WW.W3,,屎降z↘,-2,-2,-19,416,True
2023/12/29,2.76,2.76,2.76,z丁↘忑-2.Z-3,5蛀.__Fa震正〇._再C,跌.尾反孕Wo,,屎降z↘,-3,-3,-20,417,True
2024/1/5,-3.56,-3.56,-0.03,z丁↘忑-3.Z-4,9妩.__Fa震正〇._再C,跌.尾吞oV,,屎降z↘,-4,-4,-21,418,True
2024/1/12,-2.61,-2.61,-0.13,z丁↘忑-4.Z-5,9妩.__Aa龙猪._再C,跌.尾连VW.W2,,屎降z↘,-5,-5,-22,419,True
2024/1/19,-1.64,-1.64,0.99,z丁↘忑-5.Z-6,9妩.__Aa龙猪._主,跌.尾连WW.W3,,屎降z↘,-6,-6,-23,420,True
2024/1/26,0.7,0.7,2.42,z丁↘忑-6.Z-7,9妩.__Aa龙猪._主,跌.尾反孕Wo,,屎降z↘,-7,-7,-24,421,True
2024/2/2,-11.96,-11.96,0.02,z丁↘忑-7.Z-8,9妩.__Aa龙猪._主,跌.尾吞oV,,屎降z↘,-8,-8,-25,422,True
2024/2/8,4.47,4.47,4.98,z丁↘忑-8.Z-9,9妩.__Aa龙猪._主,跌.尾反孕oVo,,屎降z↘,-9,-9,-26,423,True
2024/2/23,8.03,8.03,8.1,y戊↘忠-9.I,4蛀.__Be龙管根._主,升.尾连oQ.Q2,,屎降y↘,1,-10,-27,424,True
2024/3/1,3.93,3.93,5.81,r己↗忐-10.B2,4蛀.__Fe震正根.储,升.尾连QQ.Q3,,屎降r↗.4蛀.__Fe震正根.储.魅6v,2,1,-28,425,True
2024/3/8,-0.62,-0.62,0.39,r己↗忐-11.B3,4蛀.__Fe震正根.储,升.尾反孕Qv,,屎降r↗.4蛀.__Fe震正根.储.魅6v,3,2,-29,426,True
2024/3/15,1.9,1.9,3.54,r己↗忐-12.A4,0橅.__Fe震正根.储,升.尾吞vO,,屎降r↗.0橅.__Fe震正根.储.魅6v,4,3,-30,427,True
2024/3/22,0.6,0.6,2.91,a甲↗上1.A5,0橅.__Ff震负.储,升.尾连OQ.Q2,,屎降a↗.0橅.__Ff震负.储.魅6w,5,4,-31,428,True
2024/3/29,-4.92,-4.92,-0.03,z丁↘忑-1.Y,5蛀.__Fa震正〇._再C,(升)人.连后吞QV,,屎降z↘,-1,-1,-32,429,True
2024/4/3,-1.01,-1.01,1.76,z丁↘忑-2.Z-2,5蛀.__Fa震正〇._再C,跌.尾连VW.W2,,屎降z↘,-2,-2,-33,430,True
2024/4/12,-3.35,-3.35,-0.46,z丁↘忑-3.Z-3,5蛀.__Fa震正〇._再C,跌.尾连WW.W3,,屎降z↘,-3,-3,-34,431,True
2024/4/19,-2.2,-2.2,0.52,z丁↘忑-4.Z-4,9妩.__Fa震正〇._再C,跌.尾连WW.W4,,屎降z↘,-4,-4,-35,432,True
2024/4/26,4.17,4.17,4.25,z丁↘忑-5.Z-5,8姖.__Fa震正〇._主,(跌)人.连后吞WO,,屎降z↘,-5,-5,-36,433,True
2024/4/30,0.5,0.5,2,z丁↘忑-6.Z-6,7姗.__Fa震正〇._主,升.尾连OQ.Q2,,屎降z↘,-6,-6,-37,434,True
2024/5/10,0.1,0.1,1.78,y戊↘忠-7.I,4蛀.__Fe震正根._主,升.尾连QQ.Q3,,屎降y↘,1,-7,-38,435,True
2024/5/17,0.17,0.17,0.51,y戊↘忠-8.B2,4蛀.__Fe震正根._主,升.尾连QQ.Q4,,屎降y↘,2,-8,-39,436,True
2024/5/24,-3.63,-3.63,0.81,y戊↘忑-9.Y暂,5暂.__Fa震正〇._主,(升)人.连后吞QV,,屎降y↘,-1,-9,-40,437,True
2024/5/31,0.06,0.06,0.89,y戊↘忑-10.Z-2暂,5暂.__Fa震正〇._主,(升)人.连后吞QVo,,屎降y↘,-2,-10,-41,438,True
2024/6/7,-4.16,-4.16,-0.13,y戊↘忑-11.Z-3暂,5暂.__Aa龙猪._主,跌.尾吞oV,,屎降y↘,-3,-11,-42,439,True
2024/6/14,1.33,1.33,1.94,y戊↘忑-12.Z-4,9妩.__Aa龙猪._主,跌.尾反孕oVo,,屎降y↘,-4,-12,-43,440,True
2024/6/21,-2.64,-2.64,0.84,y戊↘忑-13.Z-5,9妩.__Aa龙猪._主,跌.尾吞oV,,屎降y↘,-5,-13,-44,441,True
2024/6/28,-3.43,-3.43,-0.71,y戊↘忑-14.Z-6,9妩.__Aa龙猪._主,跌.尾连VW.W2,,屎降y↘,-6,-14,-45,442,True
2024/7/5,-1.76,-1.76,1.68,y戊↘忑-15.Z-7,9妩.__Aa龙猪._主,跌.尾连WW.W3,,屎降y↘,-7,-15,-46,443,True
2024/7/12,-0.66,-0.66,0.34,y戊↘忑-16.Z-8,9妩.__Aa龙猪._主,跌.尾连WW.W4,,屎降y↘,-8,-16,-47,444,True
2024/7/19,-0.01,-0.01,0.46,y戊↘忑-17.Z-9,9妩.__Aa龙猪._主,跌.尾连WW.W5,,屎降y↘,-9,-17,-48,445,True
2024/7/26,-2.1,-2.1,1,y戊↘忑-18.Z-10,9妩.__Aa龙猪._主,跌.尾连WW.W6,,屎降y↘,-10,-18,-49,446,True
2024/8/2,3.21,3.21,5.38,y戊↘忑-19.Z-11,8姖.__Aa龙猪._主,(跌)人.连后吞WO,,屎降y↘,-11,-19,-50,447,True
2024/8/9,-2.02,-2.02,1.67,y戊↘忑-20.Z-12,8姖.__Aa龙猪._主,(跌)人.连后吞WOv,,屎降y↘,-12,-20,-51,448,True
2024/8/16,-0.87,-0.87,0.75,y戊↘忑-21.Z-13,8姖.__Fa震正〇._主,跌.尾连vW.W2,,屎降y↘,-13,-21,-52,449,True
2024/8/23,-3.59,-3.59,1.36,y戊↘忑-22.Z-14,8姖.__Aa龙猪._主,跌.尾连WW.W3,,屎降y↘,-14,-22,-53,450,True
2024/8/30,3.77,3.77,5.15,y戊↘忑-23.Z-15,8姖.__Aa龙猪._主,(跌)人.连后吞WO,,屎降y↘,-15,-23,-54,451,True
2024/9/6,-1.09,-1.09,0.83,y戊↘忑-24.Z-16,8姖.__Aa龙猪._主,(跌)人.连后吞WOv,,屎降y↘,-16,-24,-55,452,True
2024/9/13,-2.25,-2.25,1.28,y戊↘忑-25.Z-17,8姖.__Aa龙猪._主,跌.尾连vW.W2,,屎降y↘,-17,-25,-56,453,True
2024/9/20,1.77,1.77,2.85,y戊↘忑-26.Z-18,8姖.__Fa震正〇._主,跌.尾反孕Wo,,屎降y↘,-18,-26,-57,454,True
2024/9/27,17.53,17.53,17.54,r己↗忐-27.I,4蛀.Df头负.储,升.尾连oQ.Q2,高,唏待r↗.4蛀.Df头负.储.口1v,1,1,1,455,True
2024/9/30,10.24,10.24,10.39,a甲↗上1.B2,4蛀.Aa龙猪.初,升.尾连QQ.Q3,宽高连3,银升a↗.4蛀.Aa龙猪.初,2,2,2,456,True
2024/10/11,-5.35,-5.35,10.97,a甲↗上2.B3,4蛀.Aa龙猪.初,(升)人.连后吞QV,宽高,银升a↗.4蛀.Aa龙猪.初,3,3,3,457,True
2024/10/18,4.24,4.24,6.47,a甲↗上3.A4,1柜.Aa龙猪.初,(升)人.连后吞QVo,宽,银升a↗.1柜.Aa龙猪.初,4,4,4,458,True
2024/10/25,4.56,4.56,5.09,a甲↗上4.A5,1柜.Aa龙猪.初,升.尾连oQ.Q2,宽,银升a↗.1柜.Aa龙猪.初,5,5,5,459,True
2024/11/1,0.41,0.41,4.44,a甲↗上5.A6,1柜.Fa震正〇.初,升.尾连QQ.Q3,连3,银升a↗.1柜.Fa震正〇.初,6,6,6,460,True
2024/11/8,9.98,9.98,11.68,a甲↗上6.A7,0橅.Aa龙猪.初,升.尾连QQ.Q4,高连4,银升a↗.0橅.Aa龙猪.初,7,7,7,461,True
2024/11/15,-4.34,-4.34,4.18,a甲↗上7.A8,0橅.Aa龙猪.初,升.尾反孕Qv,,银升a↗.0橅.Aa龙猪.初,8,8,8,462,True
2024/11/22,-3.41,-3.41,1.65,a甲↗上8.A9,2栅.Bc龙管栅.主,跌.尾连vW.W2,,银升a↗.2栅.Bc龙管栅.主,9,9,9,463,True
2024/11/29,3.58,3.58,4.61,a甲↗上9.A10,2栅.Bc龙管栅.主,跌.尾反孕Wo,,银升a↗.2栅.Bc龙管栅.主,10,10,10,464,True
2024/12/6,4.27,4.27,5.34,a甲↗上10.A11,2栅.Fa震正〇.主,升.尾连oQ.Q2,,金升a↗.2栅.Fa震正〇.主,11,11,11,465,True
2024/12/13,-1.02,-1.02,2.36,a甲↗上11.A12,2栅.Fa震正〇.主,升.尾反孕Qv,,金升a↗.2栅.Fa震正〇.主,12,12,12,466,True
2024/12/20,-2.04,-2.04,0.34,a甲↗上12.A13,2栅.Fa震正〇.主,跌.尾连vW.W2,,金升a↗.2栅.Fa震正〇.主,13,13,13,467,True
2024/12/27,-3.12,-3.12,-0.27,b乙→中13.Y,5蛀.Fe震正根.主,跌.尾连WW.W3,,金升b→.5蛀.Fe震正根.主,-1,14,14,468,True
2025/1/3,-9.83,-9.83,0.15,c丙↘下14.Z-2,5蛀.Fe震正根.破,跌.尾连WW.W4,,金升c↘.被3v,-2,-1,15,469,True
2025/1/10,-0.67,-0.67,1.87,c丙↘下15.Z-3,5蛀.__Df头负._破,跌.尾连WW.W5,,嘘待c↘.逃4v,-3,-2,-1,470,True
2025/1/17,4.13,4.13,5.91,z丁↘忑-1.Z-4,8姖.Ff震负.破,(跌)人.连后吞WO,,金升z↘.警3w,-4,-3,1,471,True
2025/1/24,1.34,1.34,2.22,z丁↘忑-2.Z-5,7姗.Ff震负.破,升.尾连OQ.Q2,,金升z↘.警3w,-5,-4,2,472,True
2025/1/27,-1.24,-1.24,0.88,z丁↘忑-3.Z-6,7姗.Ff震负.破,(升)人.连后吞QV,,金升z↘.警3w,-6,-5,3,473,True
2025/2/7,6.71,6.71,7.96,r己↗忐-4.I,4蛀.Df头负.再C,(人)人.吞吞* VO,,金升r↗.4蛀.Df头负.再C.口2I,1,1,4,474,True
2025/2/14,6.89,6.89,7.03,a甲↗上1.B2,4蛀.Dd头正芽.再C,升.尾连OQ.Q2,,金升a↗.4蛀.Dd头正芽.再C,2,2,5,475,True
2025/2/21,2.38,2.38,2.59,a甲↗上2.B3,4蛀.Aa龙猪.再C,升.尾连QQ.Q3,连3,金升a↗.4蛀.Aa龙猪.再C,3,3,6,476,True
2025/2/28,-6.98,-6.98,0.07,a甲↗上3.A4,1柜.Aa龙猪.再C,(升)人.连后吞QV,,金升a↗.1柜.Aa龙猪.再C,4,4,7,477,True
2025/3/7,3.85,3.85,5.37,a甲↗上4.A5,1柜.Aa龙猪.再C,(升)人.连后吞QVo,,金升a↗.1柜.Aa龙猪.再C,5,5,8,478,True
2025/3/14,0.6,0.6,1.08,a甲↗上5.A6,1柜.Fa震正〇.主,升.尾连oQ.Q2,,金升a↗.1柜.Fa震正〇.主,6,6,9,479,True
2025/3/21,-3.56,-3.56,0.42,b乙→中6.Y,5蛀.Fe震正根.主,(升)人.连后吞QV,,金升b→.5蛀.Fe震正根.主,-1,7,10,480,True
2025/3/28,-2.25,-2.25,0.16,c丙↘下7.Z-2,5蛀.Fe震正根.破,跌.尾连VW.W2,,金升c↘.被3v,-2,-1,11,481,True
2025/4/3,-0.41,-0.41,0.89,c丙↘下8.Z-3,5蛀.Fe震正根.破,跌.尾连WW.W3,,金升c↘.被3v,-3,-2,12,482,True
2025/4/11,-4.56,-4.56,-3.6,z丁↘忑-1.Z-4,9妩.__Aa龙猪._破,跌.尾连WW.W4,,嘘待z↘,-4,-3,-1,483,True
2025/4/18,-0.05,-0.05,1.82,z丁↘忑-2.Z-5,9妩.__Aa龙猪._破,跌.尾连WW.W5,,嘘待z↘,-5,-4,-2,484,True
2025/4/25,1,1,2.83,z丁↘忑-3.Z-6,9妩.__Aa龙猪._破,跌.尾反孕Wo,,嘘待z↘,-6,-5,-3,485,True
2025/4/30,1.35,1.35,1.67,z丁↘忑-4.Z-7,7姗.__Fa震正〇._破,升.尾连oQ.Q2,,嘘待z↘,-7,-6,-4,486,True
2025/5/9,0.97,0.97,3.62,y戊↘忠-5.I,4蛀.Ff震负.再C,升.尾连QQ.Q3,连3,金升y↘.警3h,1,-7,1,487,True
2025/5/16,0.04,0.04,2.73,y戊↘忠-6.B2,4蛀.Ff震负.再C,升.尾连QQ.Q4,连4,金升y↘.警3h,2,-8,2,488,True
2025/5/23,-1.84,-1.84,1.08,y戊↘忑-7.Y暂,5暂.__Fa震正〇._破,(升)人.连后吞QV,,嘘待y↘,-1,-9,-1,489,True
2025/5/30,1.14,1.14,1.89,y戊↘忑-8.Z-2暂,5暂.__Fa震正〇._破,(升)人.连后吞QVo,,嘘待y↘,-2,-10,-2,490,True
2025/6/6,3.31,3.31,4.28,r己↗忐-9.I暂,4暂.Df头负.再C,升.尾连oQ.Q2,,金升r↗.4暂.Df头负.再C.口2I,1,1,1,491,True
2025/6/13,-1.64,-1.64,0.96,a甲↗上1.B2暂,4暂.Aa龙猪.再C,升.尾反孕Qv,,金升a↗.4暂.Aa龙猪.再C,2,2,2,492,True
2025/6/20,-2.58,-2.58,1.33,z丁↘忑-1.Y暂,5暂.__Fa震正〇._破,跌.尾连vW.W2,,嘘待z↘,-1,-1,-1,493,True
2025/6/27,6.11,6.11,7.6,a甲↗上1.I暂,4暂.Aa龙猪.再C,(跌)人.连后吞WO,,金升a↗.4暂.Aa龙猪.再C,1,1,1,494,True
2025/7/4,0.31,0.31,1.37,a甲↗上2.B2暂,4暂.Aa龙猪.再C,升.尾连OQ.Q2,,金升a↗.4暂.Aa龙猪.再C,2,2,2,495,True
2025/7/11,4.1,4.1,4.86,a甲↗上3.B3暂,4暂.Aa龙猪.再C,升.尾连QQ.Q3,连3,金升a↗.4暂.Aa龙猪.再C,3,3,3,496,True
2025/7/18,0.14,0.14,0.7,a甲↗上4.A4,0橅.Aa龙猪.再C,升.尾连QQ.Q4,连4,金升a↗.0橅.Aa龙猪.再C,4,4,4,497,True
2025/7/25,2.61,2.61,2.94,a甲↗上5.A5,0橅.Aa龙猪.主,升.尾连QQ.Q5,连5,金升a↗.0橅.Aa龙猪.主,5,5,5,498,True
2025/8/1,0.9,0.9,1.99,a甲↗上6.A6,0橅.Aa龙猪.主,升.尾连QQ.Q6,连6,金升a↗.0橅.Aa龙猪.主,6,6,6,499,True
2025/8/8,-0.08,-0.08,1.76,a甲↗上7.A7,0橅.Aa龙猪.主,升.尾反孕Qv,,金升a↗.0橅.Aa龙猪.主,7,7,7,500,True
2025/8/15,3.8,3.8,3.86,a甲↗上8.A8,0橅.Aa龙猪.主,升.尾吞vO,,金升a↗.0橅.Aa龙猪.主,8,8,8,501,True
2025/8/22,3.83,3.83,3.83,a甲↗上9.A9,0橅.Aa龙猪.主,升.尾连OQ.Q2,,金升a↗.0橅.Aa龙猪.主,9,9,9,502,True
2025/8/29,0.9,0.9,3.26,a甲↗上10.A10,0橅.Aa龙猪.主,升.尾连QQ.Q3,连3,金升a↗.0橅.Aa龙猪.主,10,10,10,503,True
2025/9/5,-3.54,-3.54,0.83,a甲↗上11.A11,1柜.Aa龙猪.主,(升)人.连后吞QV,,金升a↗.1柜.Aa龙猪.主,11,11,11,504,True
2025/9/12,2.57,2.57,3.86,a甲↗上12.A12,1柜.Aa龙猪.主,(升)人.连后吞QVo,,金升a↗.1柜.Aa龙猪.主,12,12,12,505,True
2025/9/19,0.01,0.01,2.59,a甲↗上13.A13,1柜.Fa震正〇.主,升.尾连oQ.Q2,,金升a↗.1柜.Fa震正〇.主,13,13,13,506,True
2025/9/26,-0.64,-0.64,1.67,a甲↗上14.A14,3桮.Fa震正〇.主,(升)人.连后吞QV,,金升a↗.3桮.Fa震正〇.主,14,14,14,507,True
2025/9/30,1.01,1.01,1.7,a甲↗上15.A15,1柜.Fa震正〇.主,(人)人.吞吞* VO,,金升a↗.1柜.Fa震正〇.主,15,15,15,508,True
2025/10/10,-1.04,-1.04,1.23,a甲↗上16.A16,1柜.Fa震正〇.主,(人)人.吞吞* VO,,金升a↗.1柜.Fa震正〇.主,16,16,16,509,True
2025/10/17,-5.02,-5.02,0.36,c丙↘下17.Y,5蛀.Fe震正根.破,跌.尾连vW.W2,,金升c↘.被3v,-1,-1,17,510,True
2025/10/24,4.07,4.07,4.07,b乙→中18.Z-2,5蛀.De头正根.再B,(跌)人.连后吞WO,,金升b→.5蛀.De头正根.再B,-2,1,18,511,True
2025/10/31,1.1,1.1,2.39,b乙↗上19.I暂,4暂.Dd头正芽.再B,升.尾连OQ.Q2,,金升b↗.4暂.Dd头正芽.再B,1,2,19,512,True
2025/11/7,-0.55,-0.55,0.88,b乙↗上20.B2暂,4暂.Dd头正芽.再B,(升)人.连后吞QV,,金升b↗.4暂.Dd头正芽.再B,2,3,20,513,True
2025/11/14,-0.88,-0.88,1.47,b乙→中21.Y暂,5暂.De头正根.再B,跌.尾连VW.W2,,金升b→.5暂.De头正根.再B,-1,4,21,514,True
2025/11/21,-5.31,-5.31,0.52,c丙↘下22.Z-2暂,5暂.Fe震正根.破,跌.尾连WW.W3,,金升c↘.被3v,-2,-1,22,515,True
2025/11/28,3.67,3.67,3.85,z丁↘忑-1.Z-3暂,5暂.Ff震负.破,跌.尾反孕Wo,,金升z↘.警3w,-3,-2,23,516,True
2025/12/5,0.05,0.05,0.42,z丁↘忑-2.Z-4,7姗.Ff震负.破,升.尾连oQ.Q2,,金升z↘.警3w,-4,-3,24,517,True
2025/12/12,-1.09,-1.09,1.2,z丁↘忑-3.Z-5,7姗.Ff震负.破,(升)人.连后吞QV,,金升z↘.警3w,-5,-4,25,518,True
2025/12/19,0.68,0.68,1.11,z丁↘忑-4.Z-6,7姗.Ff震负.破,(升)人.连后吞QVo,,金升z↘.警3w,-6,-5,26,519,True
2025/12/26,1.14,1.14,1.58,r己↗忐-5.I,4蛀.Df头负.再C,升.尾连oQ.Q2,,金升r↗.4蛀.Df头负.再C.口2I,1,1,27,520,True
2025/12/31,0.72,0.72,1.09,r己↗忐-6.B2,4蛀.Df头负.再C,升.尾连QQ.Q3,连3,金升r↗.4蛀.Df头负.再C.口2I,2,2,28,521,True
2026/1/9,5.74,5.74,5.79,a甲↗上1.B3,4蛀.Aa龙猪.再C,升.尾连QQ.Q4,连4,金升a↗.4蛀.Aa龙猪.再C,3,3,29,522,True
2026/1/16,0.45,0.45,5.84,a甲↗上2.A4,0橅.Aa龙猪.再C,升.尾连QQ.Q5,连5,金升a↗.0橅.Aa龙猪.再C,4,4,30,523,True
2026/1/23,1.11,1.11,1.25,a甲↗上3.A5,0橅.Aa龙猪.再C,升.尾连QQ.Q6,连6,金升a↗.0橅.Aa龙猪.再C,5,5,31,524,True
2026/1/30,-4.07,-4.07,0.35,a甲↗上4.A6,1柜.Aa龙猪.再C,(升)人.连后吞QV,,金升a↗.1柜.Aa龙猪.再C,6,6,32,525,True
2026/2/6,-1.75,-1.75,0.3,b乙→中5.Y,5蛀.Fe震正根.主,跌.尾连VW.W2,,金升b→.5蛀.Fe震正根.主,-1,7,33,526,True
2026/2/13,1.15,1.15,2.75,b乙→中6.Z-2,5蛀.Fe震正根.主,跌.尾反孕Wo,,金升b→.5蛀.Fe震正根.主,-2,8,34,527,True
2026/2/27,0.33,0.33,0.84,b乙→中7.Z-3,5蛀.Fe震正根.主,升.尾连oQ.Q2,,金升b→.5蛀.Fe震正根.主,-3,9,35,528,True
2026/3/6,-4.13,-4.13,-1.03,c丙↘下8.Z-4,7姗.__Df头负._破,(升)人.连后吞QV,,嘘待c↘.逃4v,-4,-1,-1,529,True
2026/3/13,-1.08,-1.08,1.18,z丁↘忑-1.Z-5,7姗.__Bd龙管杂._破,跌.尾连VW.W2,,嘘待z↘,-5,-2,-2,530,True
2026/3/20,-4.53,-4.53,0.79,z丁↘忑-2.Z-6,7姗.__Bd龙管杂._初,跌.尾连WW.W3,,嘘待z↘,-6,-3,-3,531,True
2026/3/27,-2.27,-2.27,-1.18,z丁↘忑-3.Z-7,9妩.__Aa龙猪._初,跌.尾连WW.W4,,尿降z↘,-7,-4,-4,532,True
2026/4/3,-2.21,-2.21,1.02,z丁↘忑-4.Z-8,9妩.__Aa龙猪._初,跌.尾连WW.W5,,尿降z↘,-8,-5,-5,533,True
2026/4/10,3.94,3.94,4.69,z丁↘忑-5.Z-9,8姖.__Aa龙猪._初,(跌)人.连后吞WO,,尿降z↘,-9,-6,-6,534,True
2026/4/17,2.07,2.07,2.4,z丁↘忑-6.Z-10,7姗.__Fa震正〇._初,升.尾连OQ.Q2,,尿降z↘,-10,-7,-7,535,True
2026/4/24,-0.05,-0.05,1.31,y戊↘忠-7.I,4蛀.__Fe震正根._初,升.尾反孕Qv,,尿降y↘,1,-8,-8,536,True
2026/4/30,0.33,0.33,0.64,y戊↘忠-8.B2,4蛀.__Fe震正根._主,升.尾吞vO,,嘘待y↘,2,-9,-9,537,True
2026/5/8,2.97,2.97,3,r己↗忐-9.B3,4蛀.__Fe震正根.储,升.尾连OQ.Q2,,嘘待r↗.4蛀.__Fe震正根.储.魅6v,3,1,-10,538,True
2026/5/15,-1.52,-1.52,1.56,r己↗忐-10.A4,0橅.__Fe震正根.储,升.尾反孕Qv,,嘘待r↗.0橅.__Fe震正根.储.魅6v,4,2,-11,539,True
2026/5/22,0.55,0.55,3.24,r己↗忐-11.A5,0橅.__Fe震正根.储,(升)人.孕孕vo,,嘘待r↗.0橅.__Fe震正根.储.魅6v,5,3,-12,540,True
2026/5/29,-3.34,-3.34,1.56,y戊↘忑-12.Y,5蛀.__Fa震正〇._再B,跌.尾吞oV,,尿降y↘,-1,-1,-13,541,True
2026/6/5,-1.51,-1.51,1.65,y戊↘忑-13.Z-2,5蛀.__Fa震正〇._再B,跌.尾连VW.W2,,尿降y↘,-2,-2,-14,542,True
2026/6/12,-2.74,-2.74,-0.52,y戊↘忑-14.Z-3,5蛀.__Aa龙猪._再B,跌.尾连WW.W3,,尿降y↘,-3,-3,-15,543,True
2026/6/18,1.14,1.14,2.42,y戊↘忑-15.Z-4,8姖.__Aa龙猪._再B,(跌)人.连后吞WO,,尿降y↘,-4,-4,-16,544,True
2026/6/26,-3.54,-3.54,3.35,y戊↘忑-16.Z-5,8姖.__Aa龙猪._主,(人)人.吞吞* OV,,尿降y↘,-5,-5,-17,545,True
2026/7/3,2.95,2.95,5.32,y戊↘忑-17.Z-6,8姖.__Aa龙猪._主,(人)人.吞吞* OV,,尿降y↘,-6,-6,-18,546,True
2026/7/10,-1.17,-1.17,0.61,y戊↘忑-18.Z-7,8姖.__Aa龙猪._主,(人)人.孕孕vo,,尿降y↘,-7,-7,-19,547,True
2026/7/16,-1.66,-1.66,0.08,y戊↘忑-19.Z-8,9妩.__Aa龙猪._主,跌.尾连vW.W2,,尿降y↘,-8,-8,-20,548,True
