主期,周涨,PR,HR,WXAB,波型,柱排周,盈提示,WXCD,ZA周,ZB周,ZC周,周龄,周键
2020/9/18,-16.95,-16.95,29.95,z丁↘忑-1.Y,5蛀.__Aa龙猪._初,错.未赋值,,屎降z↘,-1,-1,-1,1,True
2020/9/25,-5.88,-5.88,3.35,z丁↘忑-2.Z-2,5蛀.__Aa龙猪._初,跌.尾连vW.W2,,屎降z↘,-2,-2,-2,2,True
2020/9/30,-9.62,-9.62,0.56,z丁↘忑-3.Z-3,5蛀.__Fa震正〇._初,跌.尾连WW.W3,,屎降z↘,-3,-3,-3,3,True
2020/10/9,4.08,4.08,5.74,z丁↘忑-4.Z-4,9妩.__Fa震正〇._初,跌.尾反孕Wo,,屎降z↘,-4,-4,-4,4,True
2020/10/16,3.39,3.39,9.37,z丁↘忑-5.Z-5,7姗.__Fa震正〇._主,升.尾连oQ.Q2,,屎降z↘,-5,-5,-5,5,True
2020/10/23,8.13,8.13,8.87,z丁↘忑-6.Z-6,6娝.__Fa震正〇._主,升.尾连QQ.Q3,,屎降z↘,-6,-6,-6,6,True
2020/10/30,-10.94,-10.94,6.33,z丁↘忑-7.Z-7,6娝.__Fa震正〇._主,(升)人.连后吞QV,,屎降z↘,-7,-7,-7,7,True
2020/11/6,2.04,2.04,4.7,z丁↘忑-8.Z-8,6娝.__Fa震正〇._主,(升)人.连后吞QVo,,屎降z↘,-8,-8,-8,8,True
2020/11/13,-5.2,-5.2,2.26,z丁↘忑-9.Z-9,7姗.__Fa震正〇._主,跌.尾吞oV,,屎降z↘,-9,-9,-9,9,True
2020/11/20,-1.93,-1.93,1.9,z丁↘忑-10.Z-10,9妩.__Fa震正〇._主,跌.尾连VW.W2,,屎降z↘,-10,-10,-10,10,True
2020/11/27,-4.85,-4.85,0.95,z丁↘忑-11.Z-11,9妩.__Aa龙猪._主,跌.尾连WW.W3,,屎降z↘,-11,-11,-11,11,True
2020/12/4,-0.85,-0.85,2.22,z丁↘忑-12.Z-12,9妩.__Aa龙猪._主,跌.尾连WW.W4,,屎降z↘,-12,-12,-12,12,True
2020/12/11,-3.21,-3.21,5.22,z丁↘忑-13.Z-13,9妩.__Aa龙猪._主,跌.尾连WW.W5,,屎降z↘,-13,-13,-13,13,True
2020/12/18,-9.21,-9.21,0.46,z丁↘忑-14.Z-14,9妩.__Aa龙猪._主,跌.尾连WW.W6,,屎降z↘,-14,-14,-14,14,True
2020/12/25,-4.58,-4.58,1.06,z丁↘忑-15.Z-15,9妩.__Aa龙猪._主,跌.尾连WW.W7,,屎降z↘,-15,-15,-15,15,True
2020/12/31,-1.11,-1.11,0,z丁↘忑-16.Z-16,9妩.__Aa龙猪._主,跌.尾连WW.W8,,屎降z↘,-16,-16,-16,16,True
2021/1/8,-10.16,-10.16,3.87,z丁↘忑-17.Z-17,9妩.__Aa龙猪._主,跌.尾连WW.W9,,屎降z↘,-17,-17,-17,17,True
2021/1/15,6.71,6.71,11.56,z丁↘忑-18.Z-18,9妩.__Aa龙猪._主,跌.尾反孕Wo,,屎降z↘,-18,-18,-18,18,True
2021/1/22,-5.21,-5.21,4.6,z丁↘忑-19.Z-19,9妩.__Aa龙猪._主,(跌)人.孕孕ov,,屎降z↘,-19,-19,-19,19,True
2021/1/29,2.28,2.28,5.1,z丁↘忑-20.Z-20,9妩.__Aa龙猪._主,(人)人.孕孕vo,,屎降z↘,-20,-20,-20,20,True
2021/2/5,4.89,4.89,14.8,z丁↘忑-21.Z-21,7姗.__Fa震正〇._主,升.尾连oQ.Q2,,屎降z↘,-21,-21,-21,21,True
2021/2/10,-6.09,-6.09,1.75,z丁↘忑-22.Z-22,7姗.__Fa震正〇._主,(升)人.连后吞QV,,屎降z↘,-22,-22,-22,22,True
2021/2/19,6.34,6.34,7.12,y戊↘忠-23.I,4蛀.__Fe震正根._主,(人)人.吞吞* VO,,屎降y↘,1,-23,-23,23,True
2021/2/26,-0.65,-0.65,5.22,y戊↘忠-24.B2,4蛀.__Fe震正根._主,(人)人.吞吞* VO,,屎降y↘,2,-24,-24,24,True
2021/3/5,-4.14,-4.14,1.58,y戊↘忑-25.Y暂,5暂.__Fa震正〇._主,跌.尾连vW.W2,,屎降y↘,-1,-25,-25,25,True
2021/3/12,-4.22,-4.22,6.06,y戊↘忑-26.Z-2暂,5暂.__Fa震正〇._主,跌.尾连WW.W3,,屎降y↘,-2,-26,-26,26,True
2021/3/19,1.57,1.57,3.09,y戊↘忑-27.Z-3暂,5暂.__Aa龙猪._主,跌.尾反孕Wo,,屎降y↘,-3,-27,-27,27,True
2021/3/26,-2.74,-2.74,2.64,y戊↘忑-28.Z-4,9妩.__Aa龙猪._主,跌.尾吞oV,,屎降y↘,-4,-28,-28,28,True
2021/4/2,0.56,0.56,4.1,y戊↘忑-29.Z-5,9妩.__Aa龙猪._主,跌.尾反孕oVo,,屎降y↘,-5,-29,-29,29,True
2021/4/9,2.14,2.14,4.69,y戊↘忑-30.Z-6,7姗.__Fa震正〇._主,升.尾连oQ.Q2,,屎降y↘,-6,-30,-30,30,True
2021/4/16,0.35,0.35,1.35,y戊↘忠-31.I,4蛀.__Fe震正根._主,升.尾连QQ.Q3,,屎降y↘,1,-31,-31,31,True
2021/4/23,-3.53,-3.53,1.74,y戊↘忑-32.Y暂,5暂.__Fa震正〇._主,(升)人.连后吞QV,,屎降y↘,-1,-32,-32,32,True
2021/4/30,-20.31,-20.31,0.31,y戊↘忑-33.Z-2暂,5暂.__Aa龙猪._主,跌.尾连VW.W2,,屎降y↘,-2,-33,-33,33,True
2021/5/7,-0.52,-0.52,2.65,y戊↘忑-34.Z-3暂,5暂.__Aa龙猪._主,跌.尾连WW.W3,,屎降y↘,-3,-34,-34,34,True
2021/5/14,3.19,3.19,4.42,y戊↘忑-35.Z-4,8姖.__Aa龙猪._主,(跌)人.连后吞WO,,屎降y↘,-4,-35,-35,35,True
2021/5/21,-1.45,-1.45,2.27,y戊↘忑-36.Z-5,8姖.__Fa震正〇._主,(跌)人.连后吞WOv,,屎降y↘,-5,-36,-36,36,True
2021/5/28,1.41,1.41,4.67,y戊↘忑-37.Z-6,8姖.__Fa震正〇._主,(人)人.孕孕vo,,屎降y↘,-6,-37,-37,37,True
2021/6/4,1.01,1.01,4.1,y戊↘忑-38.Z-7,7姗.__Fa震正〇._主,升.尾连oQ.Q2,,屎降y↘,-7,-38,-38,38,True
2021/6/11,1.81,1.81,3.87,y戊↘忑-39.Z-8,6娝.__Fa震正〇._主,升.尾连QQ.Q3,,屎降y↘,-8,-39,-39,39,True
2021/6/18,3.07,3.07,3.8,y戊↘忠-40.I,4蛀.__Fe震正根._主,升.尾连QQ.Q4,,屎降y↘,1,-40,-40,40,True
2021/6/25,-2.62,-2.62,2.02,y戊↘忠-41.B2,4蛀.__Fe震正根._主,升.尾反孕Qv,,屎降y↘,2,-41,-41,41,True
2021/7/2,-1.04,-1.04,18.02,y戊↘忑-42.Y暂,5暂.__Fa震正〇._主,跌.尾连vW.W2,,屎降y↘,-1,-42,-42,42,True
2021/7/9,-1.36,-1.36,1.36,y戊↘忑-43.Z-2暂,5暂.__Fa震正〇._主,跌.尾连WW.W3,,屎降y↘,-2,-43,-43,43,True
2021/7/16,-0.75,-0.75,3.82,y戊↘忑-44.Z-3暂,5暂.__Fa震正〇._主,跌.尾连WW.W4,,屎降y↘,-3,-44,-44,44,True
2021/7/23,-2.33,-2.33,2.21,y戊↘忑-45.Z-4,9妩.__Fa震正〇._主,跌.尾连WW.W5,,屎降y↘,-4,-45,-45,45,True
2021/7/30,-4.84,-4.84,0.77,y戊↘忑-46.Z-5,9妩.__Aa龙猪._主,跌.尾连WW.W6,,屎降y↘,-5,-46,-46,46,True
2021/8/6,3.12,3.12,7.39,y戊↘忑-47.Z-6,9妩.__Aa龙猪._主,跌.尾反孕Wo,,屎降y↘,-6,-47,-47,47,True
2021/8/13,5.13,5.13,8.09,y戊↘忠-48.I,4蛀.__Be龙管根._主,升.尾连oQ.Q2,,屎降y↘,1,-48,-48,48,True
2021/8/20,-1.31,-1.31,6.45,y戊↘忠-49.B2,4蛀.__Fe震正根._主,升.尾反孕Qv,,屎降y↘,2,-49,-49,49,True
2021/8/27,-2.79,-2.79,4.88,y戊↘忑-50.Y暂,5暂.__Fa震正〇._主,跌.尾连vW.W2,,屎降y↘,-1,-50,-50,50,True
2021/9/3,1.37,1.37,2.02,y戊↘忑-51.Z-2暂,5暂.__Fa震正〇._主,跌.尾反孕Wo,,屎降y↘,-2,-51,-51,51,True
2021/9/10,0.97,0.97,3.28,y戊↘忠-52.I暂,4暂.__Fe震正根._主,升.尾连oQ.Q2,,屎降y↘,1,-52,-52,52,True
2021/9/17,-8.86,-8.86,0.13,y戊↘忑-53.Y暂,5暂.__Fa震正〇._主,(升)人.连后吞QV,,屎降y↘,-1,-53,-53,53,True
2021/9/24,0.7,0.7,3.22,y戊↘忑-54.Z-2暂,5暂.__Aa龙猪._主,(升)人.连后吞QVo,,屎降y↘,-2,-54,-54,54,True
2021/9/30,-4.65,-4.65,0.83,y戊↘忑-55.Z-3暂,5暂.__Aa龙猪._主,跌.尾吞oV,,屎降y↘,-3,-55,-55,55,True
2021/10/8,2.26,2.26,2.55,y戊↘忑-56.Z-4,9妩.__Aa龙猪._主,跌.尾反孕oVo,,屎降y↘,-4,-56,-56,56,True
2021/10/15,-1.57,-1.57,3.77,y戊↘忑-57.Z-5,9妩.__Aa龙猪._主,(跌)人.孕孕ov,,屎降y↘,-5,-57,-57,57,True
2021/10/22,-4.2,-4.2,0.65,y戊↘忑-58.Z-6,9妩.__Aa龙猪._主,跌.尾连vW.W2,,屎降y↘,-6,-58,-58,58,True
2021/10/29,-7.63,-7.63,1.59,y戊↘忑-59.Z-7,9妩.__Aa龙猪._主,跌.尾连WW.W3,,屎降y↘,-7,-59,-59,59,True
2021/11/5,2.78,2.78,4.01,y戊↘忑-60.Z-8,9妩.__Aa龙猪._主,跌.尾反孕Wo,,屎降y↘,-8,-60,-60,60,True
2021/11/12,3.66,3.66,3.98,y戊↘忑-61.Z-9,7姗.__Bd龙管杂._主,升.尾连oQ.Q2,,屎降y↘,-9,-61,-61,61,True
2021/11/19,1.77,1.77,3.3,y戊↘忠-62.I,4蛀.__Fe震正根._主,升.尾连QQ.Q3,,屎降y↘,1,-62,-62,62,True
2021/11/26,1.96,1.96,3.92,y戊↘忠-63.B2,4蛀.__Fe震正根._主,升.尾连QQ.Q4,,屎降y↘,2,-63,-63,63,True
2021/12/3,0.22,0.22,3.03,y戊↘忠-64.B3,4蛀.__Fe震正根._主,升.尾连QQ.Q5,,屎降y↘,3,-64,-64,64,True
2021/12/10,0.52,0.52,5.68,y戊↘忠-65.A4,0橅.__Fe震正根._主,升.尾连QQ.Q6,,屎降y↘,4,-65,-65,65,True
2021/12/17,0.88,0.88,5.14,r己↗忐-66.A5,0橅.__Fe震正根.储,升.尾连QQ.Q7,,屎降r↗.0橅.__Fe震正根.储.魅6v,5,1,-66,66,True
2021/12/24,-4,-4,4.08,y戊↘忑-67.Y,5蛀.__Fa震正〇._再B,(升)人.连后吞QV,,屎降y↘,-1,-1,-67,67,True
2021/12/31,3.94,3.94,6.75,y戊↘忠-68.I暂,4暂.__Fe震正根._再B,(升)人.连后吞QVo,,屎降y↘,1,-2,-68,68,True
2022/1/7,7,7,14.44,a甲↗上1.B2暂,4暂.__Ff震负.储,升.尾连oQ.Q2,,屎降a↗.4暂.__Ff震负.储.魅6w,2,1,-69,69,True
2022/1/14,-4.64,-4.64,0.34,a甲↗上2.B3暂,4暂.__Ff震负.储,升.尾反孕Qv,,屎降a↗.4暂.__Ff震负.储.魅6w,3,2,-70,70,True
2022/1/21,-4.5,-4.5,4.29,c丙↘下3.Y暂,5暂.__Df头负._再C,跌.尾连vW.W2,,屎降c↘.逃5I,-1,-1,-71,71,True
2022/1/28,-7.19,-7.19,-0.3,z丁↘忑-1.Z-2暂,5暂.__Aa龙猪._再C,跌.尾连WW.W3,,屎降z↘,-2,-2,-72,72,True
2022/2/11,0,0,3.31,z丁↘忑-2.Z-3暂,5暂.__Aa龙猪._再C,跌.尾反孕Wo,,屎降z↘,-3,-3,-73,73,True
2022/2/18,10.65,10.65,13.39,y戊↘忠-3.I暂,4暂.__Be龙管根._再C,升.尾连oQ.Q2,,屎降y↘,1,-4,-74,74,True
2022/2/25,-3.72,-3.72,3.35,y戊↘忠-4.B2暂,4暂.__Fe震正根._再C,升.尾反孕Qv,,屎降y↘,2,-5,-75,75,True
2022/3/4,-0.15,-0.15,5.83,y戊↘忑-5.Y暂,5暂.__Fa震正〇._主,跌.尾连vW.W2,,屎降y↘,-1,-6,-76,76,True
2022/3/11,-7.43,-7.43,0.83,y戊↘忑-6.Z-2暂,5暂.__Aa龙猪._主,跌.尾连WW.W3,,屎降y↘,-2,-7,-77,77,True
2022/3/18,-4.75,-4.75,-0.25,y戊↘忑-7.Z-3暂,5暂.__Aa龙猪._主,跌.尾连WW.W4,,屎降y↘,-3,-8,-78,78,True
2022/3/25,-0.26,-0.26,3.27,y戊↘忑-8.Z-4,9妩.__Aa龙猪._主,跌.尾连WW.W5,,屎降y↘,-4,-9,-79,79,True
2022/4/1,-2.5,-2.5,1.47,y戊↘忑-9.Z-5,9妩.__Aa龙猪._主,跌.尾连WW.W6,,屎降y↘,-5,-10,-80,80,True
2022/4/8,-3.18,-3.18,1.86,y戊↘忑-10.Z-6,9妩.__Aa龙猪._主,跌.尾连WW.W7,,屎降y↘,-6,-11,-81,81,True
2022/4/15,-5.21,-5.21,0.37,y戊↘忑-11.Z-7,9妩.__Aa龙猪._主,跌.尾连WW.W8,,屎降y↘,-7,-12,-82,82,True
2022/4/22,2.31,2.31,3.76,y戊↘忑-12.Z-8,9妩.__Aa龙猪._主,跌.尾反孕Wo,,屎降y↘,-8,-13,-83,83,True
2022/4/29,-14.6,-14.6,-0.85,y戊↘忑-13.Z-9,9妩.__Aa龙猪._主,跌.尾吞oV,,屎降y↘,-9,-14,-84,84,True
2022/5/6,0.77,0.77,3.42,y戊↘忑-14.Z-10,9妩.__Aa龙猪._主,跌.尾反孕oVo,,屎降y↘,-10,-15,-85,85,True
2022/5/13,4.05,4.05,6.46,y戊↘忑-15.Z-11,7姗.__Bd龙管杂._主,升.尾连oQ.Q2,,屎降y↘,-11,-16,-86,86,True
2022/5/20,4.31,4.31,6.62,y戊↘忑-16.Z-12,6娝.__Fa震正〇._主,升.尾连QQ.Q3,,屎降y↘,-12,-17,-87,87,True
2022/5/27,-4.44,-4.44,0.5,y戊↘忑-17.Z-13,6娝.__Fa震正〇._主,(升)人.连后吞QV,,屎降y↘,-13,-18,-88,88,True
2022/6/2,4.01,4.01,4.43,y戊↘忑-18.Z-14,6娝.__Fa震正〇._主,(人)人.吞吞* VO,,屎降y↘,-14,-19,-89,89,True
2022/6/10,-0.41,-0.41,3.55,y戊↘忠-19.I,4蛀.__Fe震正根._主,(人)人.吞吞* VO,,屎降y↘,1,-20,-90,90,True
2022/6/17,0.51,0.51,2.04,y戊↘忠-20.B2,4蛀.__Fe震正根._主,(人)人.孕孕vo,,屎降y↘,2,-21,-91,91,True
2022/6/24,3.55,3.55,4.05,y戊↘忠-21.B3,4蛀.__Fe震正根._主,升.尾连oQ.Q2,,屎降y↘,3,-22,-92,92,True
2022/7/1,-0.78,-0.78,2.84,y戊↘忠-22.A4,0橅.__Fe震正根._主,升.尾反孕Qv,,屎降y↘,4,-23,-93,93,True
2022/7/8,-1.97,-1.97,1.28,y戊↘忠-23.A5,2栅.__Fe震正根._主,跌.尾连vW.W2,,屎降y↘,5,-24,-94,94,True
2022/7/15,-4.63,-4.63,0.8,y戊↘忑-24.Y,5蛀.__Fa震正〇._主,跌.尾连WW.W3,,屎降y↘,-1,-25,-95,95,True
2022/7/22,8.33,8.33,9.6,y戊↘忠-25.I暂,4暂.__Fe震正根._主,(跌)人.连后吞WO,,屎降y↘,1,-26,-96,96,True
2022/7/29,0.97,0.97,1.17,r己↗忐-26.B2暂,4暂.__Fe震正根.储,升.尾连OQ.Q2,,屎降r↗.4暂.__Fe震正根.储.魅6v,2,1,-97,97,True
2022/8/5,1.83,1.83,5.21,a甲↗上1.B3暂,4暂.__Ff震负.储,升.尾连QQ.Q3,,屎降a↗.4暂.__Ff震负.储.魅6w,3,2,-98,98,True
2022/8/12,1.89,1.89,4.92,a甲↗上2.A4,0橅.__Ff震负.储,升.尾连QQ.Q4,,屎降a↗.0橅.__Ff震负.储.魅6w,4,3,-99,99,True
2022/8/19,-2.23,-2.23,0.37,a甲↗上3.A5,1柜.__Ff震负.储,(升)人.连后吞QV,,屎降a↗.1柜.__Ff震负.储.魅6w,5,4,-100,100,True
2022/8/26,-4.28,-4.28,1.81,c丙↘下4.Y,5蛀.__Df头负._再C,跌.尾连VW.W2,,屎降c↘.逃5I,-1,-1,-101,101,True
2022/9/2,11.92,11.92,16.39,b乙↗上5.I暂,4暂.Aa龙猪.储,(跌)人.连后吞WO,高,唏待b↗.4暂.Aa龙猪.储,1,1,1,102,True
2022/9/9,-3.73,-3.73,2.93,b乙↗上6.B2暂,4暂.Aa龙猪.储,(跌)人.连后吞WOv,,唏待b↗.4暂.Aa龙猪.储,2,2,2,103,True
2022/9/16,-6.91,-6.91,2.49,c丙↘下7.Y暂,5暂.__Df头负._再C,跌.尾连vW.W2,,屎降c↘.逃5I,-1,-1,-1,104,True
2022/9/23,-8.81,-8.81,0.1,z丁↘忑-1.Z-2暂,5暂.__Aa龙猪._再C,跌.尾连WW.W3,,屎降z↘,-2,-2,-2,105,True
2022/9/30,-6.19,-6.19,0.22,z丁↘忑-2.Z-3暂,5暂.__Aa龙猪._再C,跌.尾连WW.W4,,屎降z↘,-3,-3,-3,106,True
2022/10/14,5.09,5.09,6.02,z丁↘忑-3.Z-4,9妩.__Aa龙猪._再C,跌.尾反孕Wo,,屎降z↘,-4,-4,-4,107,True
2022/10/21,4.3,4.3,6.94,z丁↘忑-4.Z-5,7姗.__Bd龙管杂._再C,升.尾连oQ.Q2,,屎降z↘,-5,-5,-5,108,True
2022/10/28,-1.16,-1.16,6.65,z丁↘忑-5.Z-6,7姗.__Bd龙管杂._主,升.尾反孕Qv,,屎降z↘,-6,-6,-6,109,True
2022/11/4,7.16,7.16,7.59,r己↗忐-6.I,4蛀.__Fe震正根.储,升.尾吞vO,,屎降r↗.4蛀.__Fe震正根.储.魅6v,1,1,-7,110,True
2022/11/11,-0.4,-0.4,1.89,r己↗忐-7.B2,4蛀.__Fe震正根.储,升.尾反孕vOv,,屎降r↗.4蛀.__Fe震正根.储.魅6v,2,2,-8,111,True
2022/11/18,2.2,2.2,4.5,r己↗忐-8.B3,4蛀.__Fe震正根.储,升.尾吞vO,,屎降r↗.4蛀.__Fe震正根.储.魅6v,3,3,-9,112,True
2022/11/25,-3.04,-3.04,2.06,a甲↗上1.A4,1柜.__Ff震负.储,(升)人.吞吞vOV,,屎降a↗.1柜.__Ff震负.储.魅6w,4,4,-10,113,True
2022/12/2,2.63,2.63,4.04,a甲↗上2.A5,1柜.__Ff震负.储,(人)人.吞吞* VO,,屎降a↗.1柜.__Ff震负.储.魅6w,5,5,-11,114,True
2022/12/9,-2.85,-2.85,1.48,b乙→中3.Y,5蛀.__Ff震负._再C,(人)人.吞吞* VO,,屎降b→.5蛀.__Ff震负._再C.魅6h,-1,6,-12,115,True
2022/12/16,-1.22,-1.22,0.71,c丙↘下4.Z-2,5蛀.__Df头负._再C,跌.尾连vW.W2,,屎降c↘.逃5I,-2,-1,-13,116,True
2022/12/23,-5.85,-5.85,0.1,z丁↘忑-1.Z-3,5蛀.__Aa龙猪._再C,跌.尾连WW.W3,,屎降z↘,-3,-2,-14,117,True
2022/12/30,-0.98,-0.98,2.07,z丁↘忑-2.Z-4,9妩.__Aa龙猪._再C,跌.尾连WW.W4,,屎降z↘,-4,-3,-15,118,True
2023/1/6,4.95,4.95,6.49,z丁↘忑-3.Z-5,8姖.__Aa龙猪._再C,(跌)人.连后吞WO,,屎降z↘,-5,-4,-16,119,True
2023/1/13,-1.47,-1.47,1.68,z丁↘忑-4.Z-6,8姖.__Aa龙猪._再C,(跌)人.连后吞WOv,,屎降z↘,-6,-5,-17,120,True
2023/1/20,4.26,4.26,5.53,r己↗忐-5.I,4蛀.__Fe震正根.储,升.尾吞vO,,屎降r↗.4蛀.__Fe震正根.储.魅6v,1,1,-18,121,True
2023/2/3,6.53,6.53,7.76,a甲↗上1.B2,4蛀.Aa龙猪.储,升.尾连OQ.Q2,,唏待a↗.4蛀.Aa龙猪.储,2,2,1,122,True
2023/2/10,1.34,1.34,2.3,a甲↗上2.B3,4蛀.Aa龙猪.初,升.尾连QQ.Q3,连3,唏待a↗.4蛀.Aa龙猪.初,3,3,2,123,True
2023/2/17,-0.19,-0.19,3.78,a甲↗上3.A4,0橅.Aa龙猪.初,升.尾反孕Qv,,唏待a↗.0橅.Aa龙猪.初,4,4,3,124,True
2023/2/24,0.57,0.57,1.52,a甲↗上4.A5,0橅.Aa龙猪.初,升.尾吞vO,,唏待a↗.0橅.Aa龙猪.初,5,5,4,125,True
2023/3/3,1.69,1.69,2.54,a甲↗上5.A6,0橅.Aa龙猪.初,升.尾连OQ.Q2,,唏待a↗.0橅.Aa龙猪.初,6,6,5,126,True
2023/3/10,0.56,0.56,3.61,a甲↗上6.A7,0橅.Aa龙猪.初,升.尾连QQ.Q3,连3,唏待a↗.0橅.Aa龙猪.初,7,7,6,127,True
2023/3/17,-1.38,-1.38,1.57,a甲↗上7.A8,1柜.Aa龙猪.初,(升)人.连后吞QV,,唏待a↗.1柜.Aa龙猪.初,8,8,7,128,True
2023/3/24,9.43,9.43,9.71,a甲↗上8.A9,1柜.Aa龙猪.初,(人)人.吞吞* VO,,唏待a↗.1柜.Aa龙猪.初,9,9,8,129,True
2023/3/31,-4.27,-4.27,-0.51,a甲↗上9.A10,1柜.Aa龙猪.主,(人)人.吞吞* VO,,唏待a↗.1柜.Aa龙猪.主,10,10,9,130,True
2023/4/7,1.16,1.16,3.48,a甲↗上10.A11,1柜.Aa龙猪.主,(人)人.孕孕vo,,唏待a↗.1柜.Aa龙猪.主,11,11,10,131,True
2023/4/14,-2.03,-2.03,6.26,a甲↗上11.A12,1柜.Aa龙猪.主,跌.尾吞oV,,唏待a↗.1柜.Aa龙猪.主,12,12,11,132,True
2023/4/21,-8.99,-8.99,0.63,c丙↘下12.Y,5蛀.__Df头负._破,跌.尾连VW.W2,,屎降c↘.逃4v,-1,-1,-1,133,True
2023/4/28,-3.66,-3.66,0.49,z丁↘忑-1.Z-2,5蛀.__Aa龙猪._破,跌.尾连WW.W3,,屎降z↘,-2,-2,-2,134,True
2023/5/5,-0.21,-0.21,1.23,z丁↘忑-2.Z-3,5蛀.__Aa龙猪._初,跌.尾连WW.W4,,屎降z↘,-3,-3,-3,135,True
2023/5/12,0,0,1.13,z丁↘忑-3.Z-4,9妩.__Aa龙猪._初,跌.尾反孕Wo,,屎降z↘,-4,-4,-4,136,True
2023/5/19,5.34,5.34,6.06,z丁↘忑-4.Z-5,7姗.__Fa震正〇._初,升.尾连oQ.Q2,,屎降z↘,-5,-5,-5,137,True
2023/5/26,4.59,4.59,4.68,r己↗忐-5.I,4蛀.Df头负.再D,升.尾连QQ.Q3,连3,唏待r↗.4蛀.Df头负.再D.口2i,1,1,1,138,True
2023/6/2,-1.96,-1.96,0.75,r己↗忐-6.B2,4蛀.Df头负.再D,升.尾反孕Qv,,唏待r↗.4蛀.Df头负.再D.口2i,2,2,2,139,True
2023/6/9,-1.9,-1.9,1.9,y戊↘忠-7.B3,4蛀.Ff震负.再D,跌.尾连vW.W2,,唏待y↘.警3u,3,-1,3,140,True
2023/6/16,-0.68,-0.68,1.94,y戊↘忑-8.Y暂,5暂.__Fa震正〇._初,跌.尾连WW.W3,,屎降y↘,-1,-2,-1,141,True
2023/6/21,-1.27,-1.27,2.25,y戊↘忑-9.Z-2暂,5暂.__Fa震正〇._初,跌.尾连WW.W4,,屎降y↘,-2,-3,-2,142,True
2023/6/30,5.64,5.64,5.84,r己↗忐-10.I暂,4暂.Df头负.再D,(跌)人.连后吞WO,,唏待r↗.4暂.Df头负.再D.口2i,1,1,1,143,True
2023/7/7,1.12,1.12,2.9,a甲↗上1.B2暂,4暂.Aa龙猪.初,升.尾连OQ.Q2,,唏待a↗.4暂.Aa龙猪.初,2,2,2,144,True
2023/7/14,1.2,1.2,1.76,a甲↗上2.B3暂,4暂.Aa龙猪.初,升.尾连QQ.Q3,连3,唏待a↗.4暂.Aa龙猪.初,3,3,3,145,True
2023/7/21,0.09,0.09,2.74,a甲↗上3.A4,0橅.Aa龙猪.初,升.尾连QQ.Q4,连4,唏待a↗.0橅.Aa龙猪.初,4,4,4,146,True
2023/7/28,-3.38,-3.38,3.56,b乙→中4.Y,5蛀.Be龙管根.再D,(升)人.连后吞QV,,唏待b→.5蛀.Be龙管根.再D,-1,5,5,147,True
2023/8/4,0.09,0.09,1.23,b乙→中5.Z-2,5蛀.Be龙管根.主,(升)人.连后吞QVo,,唏待b→.5蛀.Be龙管根.主,-2,6,6,148,True
2023/8/11,-0.85,-0.85,3.12,c丙↘下6.Z-3,5蛀.Fe震正根.破,跌.尾吞oV,,唏待c↘.被3v,-3,-1,7,149,True
2023/8/18,-3.62,-3.62,0.67,z丁↘忑-1.Z-4,9妩.__Fa震正〇._破,跌.尾连VW.W2,,屎降z↘,-4,-2,-1,150,True
2023/8/25,-4.15,-4.15,2.18,z丁↘忑-2.Z-5,9妩.__Aa龙猪._初,跌.尾连WW.W3,,屎降z↘,-5,-3,-2,151,True
2023/9/1,11.76,11.76,12.59,r己↗忐-3.I,4蛀.Df头负.再D,(跌)人.连后吞WO,,唏待r↗.4蛀.Df头负.再D.口2i,1,1,1,152,True
2023/9/8,1.66,1.66,2.49,a甲↗上1.B2,4蛀.Dd头正芽.初,升.尾连OQ.Q2,,唏待a↗.4蛀.Dd头正芽.初,2,2,2,153,True
2023/9/15,-4.09,-4.09,1.18,a甲↗上2.B3,4蛀.Dd头正芽.初,(升)人.连后吞QV,,唏待a↗.4蛀.Dd头正芽.初,3,3,3,154,True
2023/9/22,3.03,3.03,3.03,a甲↗上3.A4,1柜.Dd头正芽.初,(升)人.连后吞QVo,,唏待a↗.1柜.Dd头正芽.初,4,4,4,155,True
2023/9/28,0.28,0.28,1.19,a甲↗上4.A5,1柜.Dd头正芽.再D,升.尾连oQ.Q2,,唏待a↗.1柜.Dd头正芽.再D,5,5,5,156,True
2023/10/13,-2.47,-2.47,1.19,b乙→中5.Y,5蛀.De头正根.主,(升)人.连后吞QV,,唏待b→.5蛀.De头正根.主,-1,6,6,157,True
2023/10/20,-2.44,-2.44,1.5,c丙↘下6.Z-2,5蛀.__Df头负._破,跌.尾连VW.W2,,屎降c↘.逃4v,-2,-1,-1,158,True
2023/10/27,6.55,6.55,6.74,b乙↗上7.I暂,4暂.Dd头正芽.再B,(跌)人.连后吞WO,,唏待b↗.4暂.Dd头正芽.再B,1,1,1,159,True
2023/11/3,2.53,2.53,3.8,b乙↗上8.B2暂,4暂.Aa龙猪.再B,升.尾连OQ.Q2,,银升b↗.4暂.Aa龙猪.再B,2,2,2,160,True
2023/11/10,0.88,0.88,2.56,b乙↗上9.B3暂,4暂.Aa龙猪.再B,升.尾连QQ.Q3,连3,银升b↗.4暂.Aa龙猪.再B,3,3,3,161,True
2023/11/17,5.24,5.24,10.84,b乙↗上10.A4,0橅.Aa龙猪.再B,升.尾连QQ.Q4,连4,银升b↗.0橅.Aa龙猪.再B,4,4,4,162,True
2023/11/24,-3.41,-3.41,1.66,b乙↗上11.A5,0橅.Aa龙猪.主,升.尾反孕Qv,,银升b↗.0橅.Aa龙猪.主,5,5,5,163,True
2023/12/1,1.12,1.12,4.3,b乙↗上12.A6,0橅.Aa龙猪.主,(升)人.孕孕vo,,银升b↗.0橅.Aa龙猪.主,6,6,6,164,True
2023/12/8,-3.66,-3.66,0.94,b乙→中13.Y,5蛀.Fe震正根.主,跌.尾吞oV,,银升b→.5蛀.Fe震正根.主,-1,7,7,165,True
2023/12/15,0.88,0.88,3.09,b乙→中14.Z-2,5蛀.Fe震正根.主,跌.尾反孕oVo,,银升b→.5蛀.Fe震正根.主,-2,8,8,166,True
2023/12/22,1.92,1.92,9.45,b乙↗上15.I暂,4暂.Fd震正芽.主,升.尾连oQ.Q2,,银升b↗.4暂.Fd震正芽.主,1,9,9,167,True
2023/12/29,2.83,2.83,3.78,b乙↗上16.B2暂,4暂.Fd震正芽.主,升.尾连QQ.Q3,连3,银升b↗.4暂.Fd震正芽.主,2,10,10,168,True
2024/1/5,-2.09,-2.09,1.67,b乙↗上17.B3暂,4暂.Fd震正芽.主,升.尾反孕Qv,,金升b↗.4暂.Fd震正芽.主,3,11,11,169,True
2024/1/12,-1.28,-1.28,1.19,b乙→中18.Y暂,5暂.Fe震正根.主,跌.尾连vW.W2,,金升b→.5暂.Fe震正根.主,-1,12,12,170,True
2024/1/19,-7.94,-7.94,1.21,c丙↘下19.Z-2暂,5暂.__Df头负._破,跌.尾连WW.W3,,尿降c↘.逃4v,-2,-1,-1,171,True
2024/1/26,-4.03,-4.03,0.28,z丁↘忑-1.Z-3暂,5暂.__Aa龙猪._破,跌.尾连WW.W4,,尿降z↘,-3,-2,-2,172,True
2024/2/2,-22.87,-22.87,0.88,z丁↘忑-2.Z-4,9妩.__Aa龙猪._初,跌.尾连WW.W5,,屎降z↘,-4,-3,-3,173,True
2024/2/8,-21.29,-21.29,0,z丁↘忑-3.Z-5,9妩.__Aa龙猪._初,跌.尾连WW.W6,,屎降z↘,-5,-4,-4,174,True
2024/2/23,28.34,28.34,29.15,z丁↘忑-4.Z-6,8姖.__Aa龙猪._初,(跌)人.连后吞WO,,屎降z↘,-6,-5,-5,175,True
2024/3/1,-1,-1,10.29,z丁↘忑-5.Z-7,8姖.__Aa龙猪._初,(跌)人.连后吞WOv,,屎降z↘,-7,-6,-6,176,True
2024/3/8,0,0,3.8,z丁↘忑-6.Z-8,8姖.__Fa震正〇._主,(人)人.孕孕vo,,屎降z↘,-8,-7,-7,177,True
2024/3/15,5.32,5.32,5.83,z丁↘忑-7.Z-9,7姗.__Fa震正〇._主,升.尾连oQ.Q2,,屎降z↘,-9,-8,-8,178,True
2024/3/22,3.73,3.73,7.1,y戊↘忠-8.I,4蛀.__Fe震正根._主,升.尾连QQ.Q3,,屎降y↘,1,-9,-9,179,True
2024/3/29,16.82,16.82,32.25,r己↗忐-9.B2,4蛀.__Fe震正根.储,升.尾连QQ.Q4,,屎降r↗.4蛀.__Fe震正根.储.魅6v,2,1,-10,180,True
2024/4/3,-8.74,-8.74,11.92,r己↗忐-10.B3,4蛀.__Fe震正根.储,升.尾反孕Qv,,屎降r↗.4蛀.__Fe震正根.储.魅6v,3,2,-11,181,True
2024/4/12,-11.1,-11.1,-0.44,y戊↘忑-11.Y暂,5暂.__Fa震正〇._再B,跌.尾连vW.W2,,屎降y↘,-1,-1,-12,182,True
2024/4/19,-12.24,-12.24,0.98,y戊↘忑-12.Z-2暂,5暂.__Fa震正〇._再B,跌.尾连WW.W3,,屎降y↘,-2,-2,-13,183,True
2024/4/26,6.28,6.28,8.51,y戊↘忑-13.Z-3暂,5暂.__Fa震正〇._再B,跌.尾反孕Wo,,屎降y↘,-3,-3,-14,184,True
2024/4/30,3.54,3.54,5.77,y戊↘忑-14.Z-4,7姗.__Fa震正〇._再B,升.尾连oQ.Q2,,屎降y↘,-4,-4,-15,185,True
2024/5/10,-0.38,-0.38,3.8,y戊↘忑-15.Z-5,7姗.__Fa震正〇._主,升.尾反孕Qv,,屎降y↘,-5,-5,-16,186,True
2024/5/17,4.2,4.2,4.2,y戊↘忠-16.I,4蛀.__Fe震正根._主,升.尾吞vO,,屎降y↘,1,-6,-17,187,True
2024/5/24,-5.86,-5.86,0.73,y戊↘忑-17.Y暂,5暂.__Fa震正〇._主,(升)人.吞吞vOV,,屎降y↘,-1,-7,-18,188,True
2024/5/31,2.2,2.2,3.37,y戊↘忑-18.Z-2暂,5暂.__Fa震正〇._主,(升)人.吞吞vOVo,,屎降y↘,-2,-8,-19,189,True
2024/6/7,-13.07,-13.07,1.4,y戊↘忑-19.Z-3暂,5暂.__Aa龙猪._主,跌.尾吞oV,,屎降y↘,-3,-9,-20,190,True
2024/6/14,5.11,5.11,6.42,y戊↘忑-20.Z-4,9妩.__Aa龙猪._主,跌.尾反孕oVo,,屎降y↘,-4,-10,-21,191,True
2024/6/21,4.44,4.44,14.31,y戊↘忑-21.Z-5,7姗.__Bd龙管杂._主,升.尾连oQ.Q2,,屎降y↘,-5,-11,-22,192,True
2024/6/28,6.78,6.78,18.35,y戊↘忠-22.I,4蛀.__Fe震正根._主,升.尾连QQ.Q3,,屎降y↘,1,-12,-23,193,True
2024/7/5,-8.72,-8.72,-0.25,y戊↘忑-23.Y暂,5暂.__Fa震正〇._主,(升)人.连后吞QV,,屎降y↘,-1,-13,-24,194,True
2024/7/12,-0.41,-0.41,2.18,y戊↘忑-24.Z-2暂,5暂.__Fa震正〇._主,跌.尾连VW.W2,,屎降y↘,-2,-14,-25,195,True
2024/7/19,-4.79,-4.79,1.1,y戊↘忑-25.Z-3暂,5暂.__Fa震正〇._主,跌.尾连WW.W3,,屎降y↘,-3,-15,-26,196,True
2024/7/26,1.29,1.29,3.31,y戊↘忑-26.Z-4,9妩.__Fa震正〇._主,跌.尾反孕Wo,,屎降y↘,-4,-16,-27,197,True
2024/8/2,6.53,6.53,24.86,y戊↘忠-27.I,4蛀.__Fe震正根._主,升.尾连oQ.Q2,,屎降y↘,1,-17,-28,198,True
2024/8/9,0.67,0.67,2,y戊↘忠-28.B2,4蛀.__Fe震正根._主,升.尾连QQ.Q3,,屎降y↘,2,-18,-29,199,True
2024/8/16,2.12,2.12,3.71,r己↗忐-29.B3,4蛀.__Fe震正根.储,升.尾连QQ.Q4,,屎降r↗.4蛀.__Fe震正根.储.魅6v,3,1,-30,200,True
2024/8/23,-1.04,-1.04,0.78,r己↗忐-30.A4,0橅.__Fe震正根.储,升.尾反孕Qv,,屎降r↗.0橅.__Fe震正根.储.魅6v,4,2,-31,201,True
2024/8/30,-0.66,-0.66,1.83,r己↗忐-31.A5,2栅.__Fe震正根.储,跌.尾连vW.W2,,屎降r↗.2栅.__Fe震正根.储.魅6v,5,3,-32,202,True
2024/9/6,3.83,3.83,10.03,a甲↗上1.A6,2栅.__Ff震负.储,(跌)人.连后吞WO,,屎降a↗.2栅.__Ff震负.储.魅6w,6,4,-33,203,True
2024/9/13,-2.92,-2.92,2.54,a甲↗上2.A7,2栅.__Ff震负.储,(跌)人.连后吞WOv,,屎降a↗.2栅.__Ff震负.储.魅6w,7,5,-34,204,True
2024/9/20,0,0,2.09,a甲↗上3.A8,2栅.__Ff震负.储,(人)人.孕孕vo,,屎降a↗.2栅.__Ff震负.储.魅6w,8,6,-35,205,True
2024/9/27,9.16,9.16,9.69,a甲↗上4.A9,0橅.Dd头正芽.储,升.尾连oQ.Q2,,唏待a↗.0橅.Dd头正芽.储,9,7,1,206,True
2024/9/30,13.19,13.19,15.95,a甲↗上5.A10,0橅.Aa龙猪.初,升.尾连QQ.Q3,高连3,银升a↗.0橅.Aa龙猪.初,10,8,2,207,True
2024/10/11,-6.78,-6.78,18.11,a甲↗上6.A11,0橅.Aa龙猪.初,升.尾反孕Qv,宽高,银升a↗.0橅.Aa龙猪.初,11,9,3,208,True
2024/10/18,12.5,12.5,14.43,a甲↗上7.A12,0橅.Aa龙猪.初,(升)人.孕孕vo,宽,银升a↗.0橅.Aa龙猪.初,12,10,4,209,True
2024/10/25,-5.15,-5.15,3.94,a甲↗上8.A13,0橅.Aa龙猪.初,(人)人.孕孕vo,宽,银升a↗.0橅.Aa龙猪.初,13,11,5,210,True
2024/11/1,-6.18,-6.18,3.83,a甲↗上9.A14,2栅.Fa震正〇.初,跌.尾连vW.W2,宽,银升a↗.2栅.Fa震正〇.初,14,12,6,211,True
2024/11/8,8.29,8.29,10.78,a甲↗上10.A15,2栅.Fa震正〇.初,(跌)人.连后吞WO,宽,银升a↗.2栅.Fa震正〇.初,15,13,7,212,True
2024/11/15,3.14,3.14,6.08,a甲↗上11.A16,2栅.Fa震正〇.主,升.尾连OQ.Q2,,银升a↗.2栅.Fa震正〇.主,16,14,8,213,True
2024/11/22,0.81,0.81,4.37,a甲↗上12.A17,2栅.Fa震正〇.主,升.尾连QQ.Q3,连3,银升a↗.2栅.Fa震正〇.主,17,15,9,214,True
2024/11/29,11.69,11.69,13.71,a甲↗上13.A18,0橅.Aa龙猪.主,升.尾连QQ.Q4,连4,银升a↗.0橅.Aa龙猪.主,18,16,10,215,True
2024/12/6,0.81,0.81,4.15,a甲↗上14.A19,0橅.Aa龙猪.主,升.尾连QQ.Q5,连5,银升a↗.0橅.Aa龙猪.主,19,17,11,216,True
2024/12/13,-4.3,-4.3,2.33,a甲↗上15.A20,1柜.Aa龙猪.主,(升)人.连后吞QV,,银升a↗.1柜.Aa龙猪.主,20,18,12,217,True
2024/12/20,-3.18,-3.18,1.5,a甲↗上16.A21,2栅.Bc龙管栅.主,跌.尾连VW.W2,,银升a↗.2栅.Bc龙管栅.主,21,19,13,218,True
2024/12/27,-2.61,-2.61,0.87,b乙→中17.Y,5蛀.Fe震正根.主,跌.尾连WW.W3,,金升b→.5蛀.Fe震正根.主,-1,20,14,219,True
2025/1/3,-12.9,-12.9,1.09,c丙↘下18.Z-2,5蛀.Fe震正根.破,跌.尾连WW.W4,,金升c↘.被3v,-2,-1,15,220,True
2025/1/10,1.48,1.48,7.18,c丙↘下19.Z-3,5蛀.__Df头负._破,跌.尾反孕Wo,,尿降c↘.逃4v,-3,-2,-1,221,True
2025/1/17,2.24,2.24,6.73,z丁↘忑-1.Z-4,7姗.__Bd龙管杂._破,升.尾连oQ.Q2,,尿降z↘,-4,-3,-2,222,True
2025/1/24,8.89,8.89,9.55,r己↗忐-2.I,4蛀.Df头负.再C,升.尾连QQ.Q3,连3,金升r↗.4蛀.Df头负.再C.口2I,1,1,1,223,True
2025/1/27,3.93,3.93,4.23,a甲↗上1.B2,4蛀.Dd头正芽.再C,升.尾连QQ.Q4,连4,金升a↗.4蛀.Dd头正芽.再C,2,2,2,224,True
2025/2/7,0.97,0.97,4.66,a甲↗上2.B3,4蛀.Dd头正芽.再C,升.尾连QQ.Q5,连5,金升a↗.4蛀.Dd头正芽.再C,3,3,3,225,True
2025/2/14,0.1,0.1,2.69,a甲↗上3.A4,0橅.Dd头正芽.再C,升.尾连QQ.Q6,连6,金升a↗.0橅.Dd头正芽.再C,4,4,4,226,True
2025/2/21,3.65,3.65,4.61,a甲↗上4.A5,0橅.Aa龙猪.再C,升.尾连QQ.Q7,连7,金升a↗.0橅.Aa龙猪.再C,5,5,5,227,True
2025/2/28,-1.76,-1.76,2.69,a甲↗上5.A6,0橅.Aa龙猪.主,升.尾反孕Qv,,金升a↗.0橅.Aa龙猪.主,6,6,6,228,True
2025/3/7,10.18,10.18,11.22,a甲↗上6.A7,0橅.Aa龙猪.主,升.尾吞vO,,金升a↗.0橅.Aa龙猪.主,7,7,7,229,True
2025/3/14,5.22,5.22,7.27,a甲↗上7.A8,0橅.Aa龙猪.主,升.尾连OQ.Q2,,金升a↗.0橅.Aa龙猪.主,8,8,8,230,True
2025/3/21,-2.85,-2.85,4.39,a甲↗上8.A9,0橅.Aa龙猪.主,升.尾反孕Qv,,金升a↗.0橅.Aa龙猪.主,9,9,9,231,True
2025/3/28,-6.11,-6.11,0.92,a甲↗上9.A10,2栅.Bc龙管栅.主,跌.尾连vW.W2,,金升a↗.2栅.Bc龙管栅.主,10,10,10,232,True
2025/4/3,-0.98,-0.98,1.16,b乙→中10.Y,5蛀.Be龙管根.主,跌.尾连WW.W3,,金升b→.5蛀.Be龙管根.主,-1,11,11,233,True
2025/4/11,-8.82,-8.82,-6.48,c丙↘下11.Z-2,5蛀.Fe震正根.破,跌.尾连WW.W4,,金升c↘.被3v,-2,-1,12,234,True
2025/4/18,0.3,0.3,5.33,c丙↘下12.Z-3,5蛀.Fe震正根.破,(跌)人.连后吞WO,,金升c↘.被3v,-3,-2,13,235,True
2025/4/25,7.97,7.97,18.8,c丙↘下13.Z-4,7姗.Fe震正根.破,升.尾连OQ.Q2,高,金升c↘.被3v,-4,-3,14,236,True
2025/4/30,3.65,3.65,4.38,b乙↗上14.I,4蛀.Dd头正芽.再B,升.尾连QQ.Q3,连3,金升b↗.4蛀.Dd头正芽.再B,1,1,15,237,True
2025/5/9,2.9,2.9,7.56,b乙↗上15.B2,4蛀.Dd头正芽.再B,升.尾连QQ.Q4,连4,金升b↗.4蛀.Dd头正芽.再B,2,2,16,238,True
2025/5/16,7.35,7.35,9.57,b乙↗上16.B3,4蛀.Dd头正芽.再B,升.尾连QQ.Q5,连5,金升b↗.4蛀.Dd头正芽.再B,3,3,17,239,True
2025/5/23,-5.33,-5.33,1.35,b乙↗上17.A4,0橅.Dd头正芽.再B,升.尾反孕Qv,,金升b↗.0橅.Dd头正芽.再B,4,4,18,240,True
2025/5/30,1.77,1.77,4.46,b乙↗上18.A5,0橅.Dd头正芽.主,(升)人.孕孕vo,,金升b↗.0橅.Dd头正芽.主,5,5,19,241,True
2025/6/6,2.48,2.48,2.89,b乙↗上19.A6,0橅.Dd头正芽.主,升.尾连oQ.Q2,,金升b↗.0橅.Dd头正芽.主,6,6,20,242,True
2025/6/13,-3.87,-3.87,2.1,b乙↗上20.A7,1柜.Dd头正芽.主,(升)人.连后吞QV,,金升b↗.1柜.Dd头正芽.主,7,7,21,243,True
2025/6/20,1.01,1.01,7.21,b乙↗上21.A8,1柜.Dd头正芽.主,(升)人.连后吞QVo,,金升b↗.1柜.Dd头正芽.主,8,8,22,244,True
2025/6/27,10.55,10.55,19.93,b乙↗上22.A9,1柜.Aa龙猪.主,升.尾连oQ.Q2,高,金升b↗.1柜.Aa龙猪.主,9,9,23,245,True
2025/7/4,0.15,0.15,3.76,b乙↗上23.A10,1柜.Aa龙猪.主,升.尾连QQ.Q3,连3,金升b↗.1柜.Aa龙猪.主,10,10,24,246,True
2025/7/11,0.83,0.83,4.13,b乙↗上24.A11,0橅.Aa龙猪.主,升.尾连QQ.Q4,连4,金升b↗.0橅.Aa龙猪.主,11,11,25,247,True
2025/7/18,0.74,0.74,1.56,b乙↗上25.A12,0橅.Fa震正〇.主,升.尾连QQ.Q5,连5,金升b↗.0橅.Fa震正〇.主,12,12,26,248,True
2025/7/25,0.89,0.89,6.2,b乙↗上26.A13,0橅.Fa震正〇.主,升.尾连QQ.Q6,连6,金升b↗.0橅.Fa震正〇.主,13,13,27,249,True
2025/8/1,0.51,0.51,1.9,b乙↗上27.A14,0橅.Fa震正〇.主,升.尾连QQ.Q7,连7,金升b↗.0橅.Fa震正〇.主,14,14,28,250,True
2025/8/8,7.87,7.87,10.71,b乙↗上28.A15,0橅.Aa龙猪.主,升.尾连QQ.Q8,连8,金升b↗.0橅.Aa龙猪.主,15,15,29,251,True
2025/8/15,5.13,5.13,10.67,b乙↗上29.A16,0橅.Aa龙猪.主,升.尾连QQ.Q9,连9,金升b↗.0橅.Aa龙猪.主,16,16,30,252,True
2025/8/22,7.9,7.9,9.06,b乙↗上30.A17,0橅.Aa龙猪.主,升.尾连QQ.Q10,连10,金升b↗.0橅.Aa龙猪.主,17,17,31,253,True
2025/8/29,24.05,24.05,26.55,b乙↗上31.A18,0橅.Aa龙猪.主,升.尾连QQ.Q11,宽高连11,金升b↗.0橅.Aa龙猪.主,18,18,32,254,True
2025/9/5,-1.39,-1.39,4.13,b乙↗上32.A19,0橅.Aa龙猪.主,升.尾反孕Qv,宽,金升b↗.0橅.Aa龙猪.主,19,19,33,255,True
2025/9/12,-5.79,-5.79,2,b乙↗上33.A20,2栅.Bc龙管栅.主,跌.尾连vW.W2,,金升b↗.2栅.Bc龙管栅.主,20,20,34,256,True
2025/9/19,-6.3,-6.3,1.65,b乙↗上34.A21,3桮.Bb龙管杂.主,跌.尾连WW.W3,,金升b↗.3桮.Bb龙管杂.主,21,21,35,257,True
2025/9/26,5.18,5.18,11.03,b乙↗上35.A22,3桮.Fa震正〇.主,跌.尾反孕Wo,,金升b↗.3桮.Fa震正〇.主,22,22,36,258,True
2025/9/30,0.47,0.47,2.78,b乙↗上36.A23,3桮.Fa震正〇.主,升.尾连oQ.Q2,,金升b↗.3桮.Fa震正〇.主,23,23,37,259,True
2025/10/10,1.36,1.36,3.65,b乙↗上37.A24,2栅.Fa震正〇.主,升.尾连QQ.Q3,连3,金升b↗.2栅.Fa震正〇.主,24,24,38,260,True
2025/10/17,1.8,1.8,4.53,b乙↗上38.A25,0橅.Fa震正〇.主,升.尾连QQ.Q4,连4,金升b↗.0橅.Fa震正〇.主,25,25,39,261,True
2025/10/24,13.25,13.25,15.93,b乙↗上39.A26,0橅.Aa龙猪.主,升.尾连QQ.Q5,高连5,金升b↗.0橅.Aa龙猪.主,26,26,40,262,True
2025/10/31,0.8,0.8,5.31,b乙↗上40.A27,0橅.Aa龙猪.主,升.尾连QQ.Q6,连6,金升b↗.0橅.Aa龙猪.主,27,27,41,263,True
2025/11/7,-0.84,-0.84,7,b乙↗上41.A28,0橅.Aa龙猪.主,升.尾反孕Qv,,金升b↗.0橅.Aa龙猪.主,28,28,42,264,True
2025/11/14,0.94,0.94,3.71,b乙↗上42.A29,0橅.Aa龙猪.主,升.尾吞vO,,金升b↗.0橅.Aa龙猪.主,29,29,43,265,True
2025/11/18,14.16,14.16,14.47,b乙↗上43.A30,0橅.Aa龙猪.主,升.尾连OQ.Q2,,金升b↗.0橅.Aa龙猪.主,30,30,44,266,True
2025/12/5,-4.73,-4.73,20,b乙↗上44.A31,0橅.Aa龙猪.主,升.尾反孕Qv,宽高,金升b↗.0橅.Aa龙猪.主,31,31,45,267,True
2025/12/12,-11.23,-11.23,0,b乙→中45.Y,5蛀.Be龙管根.主,跌.尾连vW.W2,宽,金升b→.5蛀.Be龙管根.主,-1,32,46,268,True
2025/12/19,-4.77,-4.77,1.24,c丙↘下46.Z-2,5蛀.Fe震正根.破,跌.尾连WW.W3,宽,金升c↘.被3v,-2,-1,47,269,True
2025/12/26,2.36,2.36,8.08,c丙↘下47.Z-3,5蛀.Fe震正根.破,跌.尾反孕Wo,宽,金升c↘.被3v,-3,-2,48,270,True
2025/12/31,-2.68,-2.68,0.19,c丙↘下48.Z-4,9妩.Fe震正根.破,跌.尾吞oV,宽,金升c↘.被3v,-4,-3,49,271,True
2026/1/9,1.59,1.59,2.46,c丙↘下49.Z-5,9妩.Fe震正根.破,跌.尾反孕oVo,,金升c↘.被3v,-5,-4,50,272,True
2026/1/16,1.62,1.62,11.32,c丙↘下50.Z-6,7姗.Fe震正根.破,升.尾连oQ.Q2,,金升c↘.被3v,-6,-5,51,273,True
2026/1/23,4.35,4.35,6.22,b乙↗上51.I,4蛀.Dd头正芽.再B,升.尾连QQ.Q3,连3,金升b↗.4蛀.Dd头正芽.再B,1,1,52,274,True
2026/1/30,4.35,4.35,11.21,b乙↗上52.B2,4蛀.Dd头正芽.再B,升.尾连QQ.Q4,连4,金升b↗.4蛀.Dd头正芽.再B,2,2,53,275,True
2026/2/6,2.23,2.23,3.78,b乙↗上53.B3,4蛀.Dd头正芽.再B,升.尾连QQ.Q5,连5,金升b↗.4蛀.Dd头正芽.再B,3,3,54,276,True
2026/2/13,8.15,8.15,9.08,b乙↗上54.A4,0橅.Aa龙猪.再B,升.尾连QQ.Q6,连6,金升b↗.0橅.Aa龙猪.再B,4,4,55,277,True
2026/2/27,6.88,6.88,9.99,b乙↗上55.A5,0橅.Aa龙猪.主,升.尾连QQ.Q7,连7,金升b↗.0橅.Aa龙猪.主,5,5,56,278,True
2026/3/6,-0.65,-0.65,0.98,b乙↗上56.A6,0橅.Aa龙猪.主,升.尾反孕Qv,,金升b↗.0橅.Aa龙猪.主,6,6,57,279,True
2026/3/13,-0.18,-0.18,8.24,b乙↗上57.A7,2栅.Bc龙管栅.主,跌.尾连vW.W2,,金升b↗.2栅.Bc龙管栅.主,7,7,58,280,True
2026/3/20,-7.99,-7.99,3.48,b乙→中58.Y,5蛀.Be龙管根.主,跌.尾连WW.W3,,金升b→.5蛀.Be龙管根.主,-1,8,59,281,True
2026/3/27,8.65,8.65,11.6,b乙↗上59.I暂,4暂.Aa龙猪.主,(跌)人.连后吞WO,,金升b↗.4暂.Aa龙猪.主,1,9,60,282,True
2026/4/3,-10.12,-10.12,0.22,b乙→中60.Y暂,5暂.Fe震正根.主,(人)人.吞吞* OV,,金升b→.5暂.Fe震正根.主,-1,10,61,283,True
2026/4/10,7.71,7.71,10.16,b乙↗上61.I暂,4暂.Fd震正芽.主,(人)人.吞吞* OV,,金升b↗.4暂.Fd震正芽.主,1,11,62,284,True
2026/4/17,-0.3,-0.3,1.71,b乙↗上62.B2暂,4暂.Fd震正芽.主,(人)人.孕孕vo,,金升b↗.4暂.Fd震正芽.主,2,12,63,285,True
2026/4/24,-5.66,-5.66,0.72,b乙→中63.Y暂,5暂.Fe震正根.主,跌.尾连vW.W2,,金升b→.5暂.Fe震正根.主,-1,13,64,286,True
2026/4/30,-3.34,-3.34,1.13,c丙↘下64.Z-2暂,5暂.Fe震正根.破,跌.尾连WW.W3,,金升c↘.被3v,-2,-1,65,287,True
2026/5/8,0.83,0.83,1.92,z丁↘忑-1.Z-3暂,5暂.Ff震负.破,跌.尾反孕Wo,,金升z↘.警3w,-3,-2,66,288,True
2026/5/15,-9.05,-9.05,0.17,z丁↘忑-2.Z-4,9妩.__Aa龙猪._破,跌.尾吞oV,,嘘待z↘,-4,-3,-1,289,True
2026/5/22,7.82,7.82,20,z丁↘忑-3.Z-5,9妩.__Aa龙猪._破,跌.尾反孕oVo,,嘘待z↘,-5,-4,-2,290,True
2026/5/29,-3.46,-3.46,3.25,z丁↘忑-4.Z-6,9妩.__Aa龙猪._破,(跌)人.孕孕ov,,嘘待z↘,-6,-5,-3,291,True
2026/6/5,7.07,7.07,9.56,y戊↘忠-5.I,4蛀.Ff震负.再C,升.尾吞vO,,金升y↘.警3h,1,-6,1,292,True
2026/6/12,0.29,0.29,4.81,r己↗忐-6.B2,4蛀.Df头负.再C,升.尾连OQ.Q2,,金升r↗.4蛀.Df头负.再C.口2I,2,1,2,293,True
2026/6/18,-2.68,-2.68,5.73,y戊↘忠-7.B3,4蛀.Ff震负.再C,(升)人.连后吞QV,,金升y↘.警3h,3,-1,3,294,True
2026/6/26,-3.38,-3.38,8.86,y戊↘忑-8.Y暂,5暂.__Fa震正〇._破,跌.尾连VW.W2,,嘘待y↘,-1,-2,-1,295,True
2026/7/3,-3.85,-3.85,0.35,y戊↘忑-9.Z-2暂,5暂.__Fa震正〇._初,跌.尾连WW.W3,,嘘待y↘,-2,-3,-2,296,True
2026/7/10,0.76,0.76,8.55,y戊↘忑-10.Z-3暂,5暂.__Fa震正〇._初,跌.尾反孕Wo,,嘘待y↘,-3,-4,-3,297,True
2026/7/16,-2.68,-2.68,2.23,y戊↘忑-11.Z-4,9妩.__Aa龙猪._初,跌.尾吞oV,,嘘待y↘,-4,-5,-4,298,True
