主期,周涨,PR,HR,WXAB,波型,柱排周,盈提示,WXCD,ZA周,ZB周,ZC周,周龄,周键
2019/6/21,45.13,45.13,45.13,a甲↗上1.I,4蛀.Aa龙猪.初,错.未赋值.Q1,高,金升a↗.4蛀.Aa龙猪.初,1,1,1,1,True
2019/6/28,0.55,0.55,9.63,a甲↗上2.B2,4蛀.Aa龙猪.初,升.尾连QQ.Q2,宽,金升a↗.4蛀.Aa龙猪.初,2,2,2,2,True
2019/7/5,2.82,2.82,12.4,a甲↗上3.B3,4蛀.Aa龙猪.初,升.尾连QQ.Q3,连3,金升a↗.4蛀.Aa龙猪.初,3,3,3,3,True
2019/7/12,-15.94,-15.94,-0.13,b乙→中4.Y暂,5暂.Be龙管根.初,(升)人.连后吞QV,,金升b→.5暂.Be龙管根.初,-1,4,4,4,True
2019/7/19,-2.15,-2.15,3.35,c丙↘下5.Z-2暂,5暂.Fe震正根.破,跌.尾连VW.W2,宽,金升c↘.被3v,-2,-1,5,5,True
2019/7/26,-1.47,-1.47,0.73,c丙↘下6.Z-3暂,5暂.__Df头负._破,跌.尾连WW.W3,,嘘待c↘.逃4v,-3,-2,-1,6,True
2019/8/2,-2.4,-2.4,2.73,z丁↘忑-1.Z-4,9妩.__Fa震正〇._破,跌.尾连WW.W4,,尿降z↘,-4,-3,-2,7,True
2019/8/9,-6.69,-6.69,2.46,z丁↘忑-2.Z-5,9妩.__Fa震正〇._初,跌.尾连WW.W5,,尿降z↘,-5,-4,-3,8,True
2019/8/16,5.63,5.63,7.71,z丁↘忑-3.Z-6,9妩.__Fa震正〇._初,跌.尾反孕Wo,,尿降z↘,-6,-5,-4,9,True
2019/8/23,-2.32,-2.32,2.92,z丁↘忑-4.Z-7,9妩.__Fa震正〇._初,(跌)人.孕孕ov,,尿降z↘,-7,-6,-5,10,True
2019/8/30,2.9,2.9,7.12,z丁↘忑-5.Z-8,8姖.__Fa震正〇._初,升.尾吞vO,,尿降z↘,-8,-7,-6,11,True
2019/9/6,1.54,1.54,3.5,y戊↘忠-6.I,4蛀.__Fe震正根._初,升.尾连OQ.Q2,,尿降y↘,1,-8,-7,12,True
2019/9/12,6.14,6.14,7.49,r己↗忐-7.B2,4蛀.Df头负.储,升.尾连QQ.Q3,连3,金升r↗.4蛀.Df头负.储.口1v,2,1,1,13,True
2019/9/20,3.57,3.57,9.75,a甲↗上1.B3,4蛀.Aa龙猪.初,升.尾连QQ.Q4,连4,金升a↗.4蛀.Aa龙猪.初,3,2,2,14,True
2019/9/27,-5.74,-5.74,1.3,a甲↗上2.A4,1柜.Aa龙猪.初,(升)人.连后吞QV,,金升a↗.1柜.Aa龙猪.初,4,3,3,15,True
2019/9/30,-1.87,-1.87,0,c丙↘下3.Y,5蛀.__Df头负._破,跌.尾连VW.W2,,嘘待c↘.逃4v,-1,-1,-1,16,True
2019/10/11,-4.3,-4.3,0.83,z丁↘忑-1.Z-2,5蛀.__Fa震正〇._初,跌.尾连WW.W3,,尿降z↘,-2,-2,-2,17,True
2019/10/18,4.15,4.15,7.35,z丁↘忑-2.Z-3,5蛀.__Fa震正〇._初,跌.尾反孕Wo,,尿降z↘,-3,-3,-3,18,True
2019/10/25,-3.65,-3.65,-0.66,z丁↘忑-3.Z-4,9妩.__Fa震正〇._初,跌.尾吞oV,,尿降z↘,-4,-4,-4,19,True
2019/11/1,1.47,1.47,4.4,z丁↘忑-4.Z-5,9妩.__Fa震正〇._初,跌.尾反孕oVo,,尿降z↘,-5,-5,-5,20,True
2019/11/8,3.82,3.82,5.35,r己↗忐-5.I,4蛀.__Fe震正根.储,升.尾连oQ.Q2,,尿降r↗.4蛀.__Fe震正根.储.魅6v,1,1,-6,21,True
2019/11/15,3.27,3.27,6.06,a甲↗上1.B2,4蛀.Dd头正芽.储,升.尾连QQ.Q3,连3,金升a↗.4蛀.Dd头正芽.储,2,2,1,22,True
2019/11/22,-5.63,-5.63,1.98,c丙↘下2.Y暂,5暂.__Df头负._再C,(升)人.连后吞QV,,尿降c↘.逃5I,-1,-1,-1,23,True
2019/11/29,-1.26,-1.26,0.42,z丁↘忑-1.Z-2暂,5暂.__Fa震正〇._再D,跌.尾连VW.W2,,尿降z↘,-2,-2,-2,24,True
2019/12/6,-1.11,-1.11,0,z丁↘忑-2.Z-3暂,5暂.__Fa震正〇._再D,跌.尾连WW.W3,,屎降z↘,-3,-3,-3,25,True
2019/12/13,-0.95,-0.95,0.52,z丁↘忑-3.Z-4,9妩.__Fa震正〇._再C,跌.尾连WW.W4,,屎降z↘,-4,-4,-4,26,True
2019/12/20,4.17,4.17,5.56,y戊↘忠-4.I,4蛀.__Fe震正根._再C,(跌)人.连后吞WO,,屎降y↘,1,-5,-5,27,True
2019/12/27,2.08,2.08,3.42,r己↗忐-5.B2,4蛀.Df头负.储,升.尾连OQ.Q2,,银升r↗.4蛀.Df头负.储.口1v,2,1,1,28,True
2020/1/3,-0.73,-0.73,3.27,a甲↗上1.B3,4蛀.Dd头正芽.储,升.尾反孕Qv,,银升a↗.4蛀.Dd头正芽.储,3,2,2,29,True
2020/1/10,-0.25,-0.25,0,a甲↗上2.A4,2栅.Dd头正芽.储,跌.尾连vW.W2,,银升a↗.2栅.Dd头正芽.储,4,3,3,30,True
2020/1/17,-2.8,-2.8,0,c丙↘下3.Y,5蛀.__Df头负._再C,跌.尾连WW.W3,,屎降c↘.逃5I,-1,-1,-1,31,True
2020/1/23,-5.43,-5.43,0.59,z丁↘忑-1.Z-2,5蛀.__Aa龙猪._再C,跌.尾连WW.W4,,屎降z↘,-2,-2,-2,32,True
2020/2/7,-6.37,-6.37,-6.37,z丁↘忑-2.Z-3,5蛀.__Aa龙猪._再C,跌.尾连WW.W5,,屎降z↘,-3,-3,-3,33,True
2020/2/14,-2.49,-2.49,2.3,z丁↘忑-3.Z-4,9妩.__Aa龙猪._再C,跌.尾连WW.W6,,屎降z↘,-4,-4,-4,34,True
2020/2/21,7.47,7.47,11.1,z丁↘忑-4.Z-5,8姖.__Aa龙猪._再C,(跌)人.连后吞WO,,屎降z↘,-5,-5,-5,35,True
2020/2/28,-1.83,-1.83,2.93,z丁↘忑-5.Z-6,8姖.__Fa震正〇._主,(跌)人.连后吞WOv,,屎降z↘,-6,-6,-6,36,True
2020/3/6,5.87,5.87,12.01,y戊↘忠-6.I,4蛀.__Fe震正根._主,升.尾吞vO,,屎降y↘,1,-7,-7,37,True
2020/3/13,-6.51,-6.51,-0.88,y戊↘忑-7.Y暂,5暂.__Fa震正〇._主,(升)人.吞吞vOV,,屎降y↘,-1,-8,-8,38,True
2020/3/20,4.33,4.33,5.08,y戊↘忠-8.I暂,4暂.__Fe震正根._主,(升)人.吞吞vOVo,,屎降y↘,1,-9,-9,39,True
2020/3/27,7.94,7.94,15.06,r己↗忐-9.B2暂,4暂.Df头负.储,升.尾连oQ.Q2,高,唏待r↗.4暂.Df头负.储.口1v,2,1,1,40,True
2020/4/3,2.92,2.92,6.6,a甲↗上1.B3暂,4暂.Aa龙猪.储,升.尾连QQ.Q3,连3,银升a↗.4暂.Aa龙猪.储,3,2,2,41,True
2020/4/10,-1.95,-1.95,7.31,a甲↗上2.A4,0橅.Aa龙猪.初,升.尾反孕Qv,,银升a↗.0橅.Aa龙猪.初,4,3,3,42,True
2020/4/17,6.71,6.71,9.69,a甲↗上3.A5,0橅.Aa龙猪.初,升.尾吞vO,,银升a↗.0橅.Aa龙猪.初,5,4,4,43,True
2020/4/24,6.75,6.75,18.39,a甲↗上4.A6,0橅.Aa龙猪.初,升.尾连OQ.Q2,宽高,银升a↗.0橅.Aa龙猪.初,6,5,5,44,True
2020/4/30,-4.87,-4.87,1.02,a甲↗上5.A7,1柜.Aa龙猪.初,(升)人.连后吞QV,,银升a↗.1柜.Aa龙猪.初,7,6,6,45,True
2020/5/8,4.28,4.28,5.35,a甲↗上6.A8,1柜.Aa龙猪.初,(升)人.连后吞QVo,,金升a↗.1柜.Aa龙猪.初,8,7,7,46,True
2020/5/15,7.25,7.25,8.13,a甲↗上7.A9,1柜.Fa震正〇.初,升.尾连oQ.Q2,,金升a↗.1柜.Fa震正〇.初,9,8,8,47,True
2020/5/22,3.07,3.07,7.51,a甲↗上8.A10,1柜.Aa龙猪.主,升.尾连QQ.Q3,连3,金升a↗.1柜.Aa龙猪.主,10,9,9,48,True
2020/5/29,16.3,16.3,18.56,a甲↗上9.A11,0橅.Aa龙猪.主,升.尾连QQ.Q4,高连4,金升a↗.0橅.Aa龙猪.主,11,10,10,49,True
2020/6/5,-3.87,-3.87,3.87,a甲↗上10.A12,0橅.Aa龙猪.主,升.尾反孕Qv,,金升a↗.0橅.Aa龙猪.主,12,11,11,50,True
2020/6/12,10.97,10.97,13.69,a甲↗上11.A13,0橅.Aa龙猪.主,升.尾吞vO,,金升a↗.0橅.Aa龙猪.主,13,12,12,51,True
2020/6/19,-3.15,-3.15,2.78,a甲↗上12.A14,0橅.Aa龙猪.主,升.尾反孕vOv,,金升a↗.0橅.Aa龙猪.主,14,13,13,52,True
2020/6/24,15.17,15.17,17.48,a甲↗上13.A15,0橅.Aa龙猪.主,升.尾吞vO,高,金升a↗.0橅.Aa龙猪.主,15,14,14,53,True
2020/7/3,13.94,13.94,20.83,a甲↗上14.A16,0橅.Aa龙猪.主,升.尾连OQ.Q2,宽高,金升a↗.0橅.Aa龙猪.主,16,15,15,54,True
2020/7/10,7.69,7.69,9.25,a甲↗上15.A17,0橅.Aa龙猪.主,升.尾连QQ.Q3,宽连3,金升a↗.0橅.Aa龙猪.主,17,16,16,55,True
2020/7/17,-11.09,-11.09,4.06,a甲↗上16.A18,1柜.Aa龙猪.主,(升)人.连后吞QV,宽,金升a↗.1柜.Aa龙猪.主,18,17,17,56,True
2020/7/24,-4.92,-4.92,1.49,a甲↗上17.A19,2栅.Bc龙管栅.主,跌.尾连VW.W2,宽,金升a↗.2栅.Bc龙管栅.主,19,18,18,57,True
2020/7/31,8.73,8.73,14.22,a甲↗上18.A20,2栅.Bc龙管栅.主,(跌)人.连后吞WO,,金升a↗.2栅.Bc龙管栅.主,20,19,19,58,True
2020/8/7,-6.75,-6.75,2.25,b乙→中19.Y,5蛀.Fe震正根.主,(跌)人.连后吞WOv,,金升b→.5蛀.Fe震正根.主,-1,20,20,59,True
2020/8/14,-0.27,-0.27,3.05,b乙→中20.Z-2,5蛀.Fe震正根.主,跌.尾连vW.W2,,金升b→.5蛀.Fe震正根.主,-2,21,21,60,True
2020/8/21,8.63,8.63,16.48,b乙↗上21.I暂,4暂.Fd震正芽.主,(跌)人.连后吞WO,高,金升b↗.4暂.Fd震正芽.主,1,22,22,61,True
2020/8/28,6.73,6.73,9.63,b乙↗上22.B2暂,4暂.Fd震正芽.主,升.尾连OQ.Q2,,金升b↗.4暂.Fd震正芽.主,2,23,23,62,True
2020/9/4,-9.37,-9.37,2.17,b乙↗上23.B3暂,4暂.Fd震正芽.主,(升)人.连后吞QV,,金升b↗.4暂.Fd震正芽.主,3,24,24,63,True
2020/9/11,-1.65,-1.65,2.96,b乙→中24.Y暂,5暂.Fe震正根.主,跌.尾连VW.W2,,金升b→.5暂.Fe震正根.主,-1,25,25,64,True
2020/9/18,-4.55,-4.55,1.86,b乙→中25.Z-2暂,5暂.Fe震正根.主,跌.尾连WW.W3,,金升b→.5暂.Fe震正根.主,-2,26,26,65,True
2020/9/25,-6.76,-6.76,0.05,c丙↘下26.Z-3暂,5暂.Fe震正根.破,跌.尾连WW.W4,,金升c↘.被3v,-3,-1,27,66,True
2020/9/30,-0.2,-0.2,1.34,z丁↘忑-1.Z-4,9妩.Ff震负.破,跌.尾连WW.W5,,金升z↘.警3w,-4,-2,28,67,True
2020/10/9,0.85,0.85,2.64,z丁↘忑-2.Z-5,8姖.Ff震负.破,(跌)人.连后吞WO,,金升z↘.警3w,-5,-3,29,68,True
2020/10/16,0.1,0.1,5.28,z丁↘忑-3.Z-6,7姗.Ff震负.破,升.尾连OQ.Q2,,金升z↘.警3w,-6,-4,30,69,True
2020/10/23,-5.22,-5.22,1.13,z丁↘忑-4.Z-7,7姗.__Bd龙管杂._破,(升)人.连后吞QV,,嘘待z↘,-7,-5,-1,70,True
2020/10/30,-11.8,-11.8,1.2,z丁↘忑-5.Z-8,7姗.__Bd龙管杂._初,跌.尾连VW.W2,,嘘待z↘,-8,-6,-2,71,True
2020/11/6,-3.89,-3.89,-0.35,z丁↘忑-6.Z-9,7姗.__Bd龙管杂._初,跌.尾连WW.W3,,尿降z↘,-9,-7,-3,72,True
2020/11/13,-0.06,-0.06,4.23,z丁↘忑-7.Z-10,9妩.__Aa龙猪._初,跌.尾连WW.W4,,尿降z↘,-10,-8,-4,73,True
2020/11/20,-1.53,-1.53,2.39,z丁↘忑-8.Z-11,9妩.__Aa龙猪._初,跌.尾连WW.W5,,尿降z↘,-11,-9,-5,74,True
2020/11/27,-9.85,-9.85,1.56,z丁↘忑-9.Z-12,9妩.__Aa龙猪._初,跌.尾连WW.W6,,尿降z↘,-12,-10,-6,75,True
2020/12/4,12.17,12.17,12.45,z丁↘忑-10.Z-13,8姖.__Aa龙猪._初,(跌)人.连后吞WO,,尿降z↘,-13,-11,-7,76,True
2020/12/11,-6.35,-6.35,1.29,z丁↘忑-11.Z-14,8姖.__Aa龙猪._初,(跌)人.连后吞WOv,,尿降z↘,-14,-12,-8,77,True
2020/12/18,7.83,7.83,14.81,y戊↘忠-12.I,4蛀.__Be龙管根._主,升.尾吞vO,,尿降y↘,1,-13,-9,78,True
2020/12/25,-16.73,-16.73,2.44,y戊↘忑-13.Y暂,5暂.__Aa龙猪._主,(升)人.吞吞vOV,,尿降y↘,-1,-14,-10,79,True
2020/12/31,-4.69,-4.69,1.61,y戊↘忑-14.Z-2暂,5暂.__Aa龙猪._主,跌.尾连VW.W2,,尿降y↘,-2,-15,-11,80,True
2021/1/8,-7.77,-7.77,6.85,y戊↘忑-15.Z-3暂,5暂.__Aa龙猪._主,跌.尾连WW.W3,,尿降y↘,-3,-16,-12,81,True
2021/1/15,0.58,0.58,1.5,y戊↘忑-16.Z-4,9妩.__Aa龙猪._主,跌.尾反孕Wo,,尿降y↘,-4,-17,-13,82,True
2021/1/22,-0.08,-0.08,1.58,y戊↘忑-17.Z-5,9妩.__Aa龙猪._主,(跌)人.孕孕ov,,尿降y↘,-5,-18,-14,83,True
2021/1/29,-8.96,-8.96,0.33,y戊↘忑-18.Z-6,9妩.__Aa龙猪._主,跌.尾连vW.W2,,尿降y↘,-6,-19,-15,84,True
2021/2/5,19.51,19.51,28.9,y戊↘忠-19.I,4蛀.__Be龙管根._主,(跌)人.连后吞WO,,屎降y↘,1,-20,-16,85,True
2021/2/10,-10.45,-10.45,-3.05,y戊↘忑-20.Y暂,5暂.__Aa龙猪._主,(跌)人.连后吞WOv,,屎降y↘,-1,-21,-17,86,True
2021/2/19,19.51,19.51,20.1,y戊↘忠-21.I暂,4暂.__Be龙管根._主,升.尾吞vO,,屎降y↘,1,-22,-18,87,True
2021/2/26,-7.27,-7.27,6.34,y戊↘忠-22.B2暂,4暂.__Fe震正根._主,升.尾反孕vOv,,屎降y↘,2,-23,-19,88,True
2021/3/5,8.99,8.99,15.76,r己↗忐-23.B3暂,4暂.__Fe震正根.储,升.尾吞vO,,屎降r↗.4暂.__Fe震正根.储.魅6v,3,1,-20,89,True
2021/3/12,-10.16,-10.16,1.97,y戊↘忑-24.Y暂,5暂.__Fa震正〇._再B,(升)人.吞吞vOV,,屎降y↘,-1,-1,-21,90,True
2021/3/19,0.94,0.94,5.18,y戊↘忑-25.Z-2暂,5暂.__Fa震正〇._再B,(升)人.吞吞vOVo,,屎降y↘,-2,-2,-22,91,True
2021/3/26,-2.49,-2.49,2.57,y戊↘忑-26.Z-3暂,5暂.__Fa震正〇._再B,跌.尾吞oV,,屎降y↘,-3,-3,-23,92,True
2021/4/2,-0.32,-0.32,1.52,y戊↘忑-27.Z-4,9妩.__Fa震正〇._再B,跌.尾连VW.W2,,屎降y↘,-4,-4,-24,93,True
2021/4/9,5.04,5.04,9.36,y戊↘忠-28.I,4蛀.__Fe震正根._再B,(跌)人.连后吞WO,,屎降y↘,1,-5,-25,94,True
2021/4/16,-1.52,-1.52,0.76,y戊↘忠-29.B2,4蛀.__Fe震正根._主,(人)人.吞吞* OV,,屎降y↘,2,-6,-26,95,True
2021/4/23,3.09,3.09,6.26,r己↗忐-30.B3,4蛀.__Fe震正根.储,(人)人.吞吞* VO,,屎降r↗.4蛀.__Fe震正根.储.魅6v,3,1,-27,96,True
2021/4/30,-0.38,-0.38,3.38,r己↗忐-31.A4,1柜.__Fe震正根.储,(人)人.吞吞* VO,,屎降r↗.1柜.__Fe震正根.储.魅6v,4,2,-28,97,True
2021/5/7,3.31,3.31,4.74,a甲↗上1.A5,1柜.__Ff震负.储,升.尾吞vO,,屎降a↗.1柜.__Ff震负.储.魅6w,5,3,-29,98,True
2021/5/14,16.25,16.25,16.25,a甲↗上2.A6,0橅.Aa龙猪.储,升.尾连OQ.Q2,高,银升a↗.0橅.Aa龙猪.储,6,4,1,99,True
2021/5/21,-6.27,-6.27,10.03,a甲↗上3.A7,0橅.Aa龙猪.初,升.尾反孕Qv,宽,银升a↗.0橅.Aa龙猪.初,7,5,2,100,True
2021/5/28,0.54,0.54,1.94,a甲↗上4.A8,0橅.Aa龙猪.初,(升)人.孕孕vo,,银升a↗.0橅.Aa龙猪.初,8,6,3,101,True
2021/6/4,-4.13,-4.13,4.92,a甲↗上5.A9,1柜.Aa龙猪.初,跌.尾吞oV,,唏待a↗.1柜.Aa龙猪.初,9,7,4,102,True
2021/6/11,-0.97,-0.97,2.64,b乙→中6.Y,5蛀.Fe震正根.初,跌.尾连VW.W2,宽,唏待b→.5蛀.Fe震正根.初,-1,8,5,103,True
2021/6/18,3.64,3.64,6.03,b乙↗上7.I暂,4暂.Fd震正芽.初,(跌)人.连后吞WO,,唏待b↗.4暂.Fd震正芽.初,1,9,6,104,True
2021/6/25,-6.49,-6.49,0,c丙↘下8.Y暂,5暂.__Df头负._再D,(人)人.吞吞* OV,,屎降c↘.逃5i,-1,-1,-1,105,True
2021/7/2,-4.84,-4.84,1.23,c丙↘下9.Z-2暂,5暂.__Df头负._再D,跌.尾连VW.W2,,屎降c↘.逃5I,-2,-2,-2,106,True
2021/7/9,10.87,10.87,10.87,b乙↗上10.I暂,4暂.__Ff震负.储,(跌)人.连后吞WO,,屎降b↗.4暂.__Ff震负.储.魅6w,1,1,-3,107,True
2021/7/16,-4.39,-4.39,3.22,c丙↘下11.Y暂,5暂.__Df头负._再D,(跌)人.连后吞WOv,,屎降c↘.逃5I,-1,-1,-4,108,True
2021/7/23,-9.53,-9.53,-0.43,z丁↘忑-1.Z-2暂,5暂.__Aa龙猪._再D,跌.尾连vW.W2,,屎降z↘,-2,-2,-5,109,True
2021/7/30,-5.86,-5.86,-0.08,z丁↘忑-2.Z-3暂,5暂.__Aa龙猪._再D,跌.尾连WW.W3,,屎降z↘,-3,-3,-6,110,True
2021/8/6,-0.93,-0.93,4.63,z丁↘忑-3.Z-4,9妩.__Aa龙猪._再D,跌.尾连WW.W4,,屎降z↘,-4,-4,-7,111,True
2021/8/13,6.88,6.88,10.2,z丁↘忑-4.Z-5,8姖.__Aa龙猪._再D,(跌)人.连后吞WO,,屎降z↘,-5,-5,-8,112,True
2021/8/20,-13.75,-13.75,1.11,z丁↘忑-5.Z-6,8姖.__Aa龙猪._主,(人)人.吞吞* OV,,屎降z↘,-6,-6,-9,113,True
2021/8/27,1.66,1.66,4.98,z丁↘忑-6.Z-7,8姖.__Aa龙猪._主,(人)人.吞吞* OV,,屎降z↘,-7,-7,-10,114,True
2021/9/3,2.09,2.09,2.54,z丁↘忑-7.Z-8,7姗.__Bd龙管杂._主,升.尾连oQ.Q2,,屎降z↘,-8,-8,-11,115,True
2021/9/10,0.27,0.27,4.62,z丁↘忑-8.Z-9,6娝.__Fa震正〇._主,升.尾连QQ.Q3,,屎降z↘,-9,-9,-12,116,True
2021/9/17,-2.66,-2.66,1.86,z丁↘忑-9.Z-10,6娝.__Fa震正〇._主,(升)人.连后吞QV,,屎降z↘,-10,-10,-13,117,True
2021/9/24,6.01,6.01,9.46,y戊↘忠-10.I,4蛀.__Fe震正根._主,(人)人.吞吞* VO,,屎降y↘,1,-11,-14,118,True
2021/9/30,-0.34,-0.34,3.26,y戊↘忠-11.B2,4蛀.__Fe震正根._主,(人)人.吞吞* VO,,屎降y↘,2,-12,-15,119,True
2021/10/8,5.77,5.77,6.46,r己↗忐-12.B3,4蛀.__Fe震正根.储,升.尾吞vO,,屎降r↗.4蛀.__Fe震正根.储.魅6v,3,1,-16,120,True
2021/10/15,-4.23,-4.23,3.01,y戊↘忠-13.A4,0橅.__Fe震正根._再B,升.尾反孕vOv,,屎降y↘,4,-1,-17,121,True
2021/10/22,1.19,1.19,2.38,y戊↘忠-14.A5,0橅.__Fe震正根._再B,(升)人.孕孕vo,,屎降y↘,5,-2,-18,122,True
2021/10/29,-2.18,-2.18,0.59,y戊↘忑-15.Y,5蛀.__Fa震正〇._再B,跌.尾吞oV,,屎降y↘,-1,-3,-19,123,True
2021/11/5,6.19,6.19,11.43,r己↗忐-16.I暂,4暂.__Fe震正根.储,(跌)人.吞吞oVO,,屎降r↗.4暂.__Fe震正根.储.魅6v,1,1,-20,124,True
2021/11/12,-4.94,-4.94,-0.49,y戊↘忑-17.Y暂,5暂.__Fa震正〇._再B,(跌)人.吞吞oVOv,,屎降y↘,-1,-1,-21,125,True
2021/11/19,0.77,0.77,4.51,y戊↘忑-18.Z-2暂,5暂.__Fa震正〇._再B,(人)人.孕孕vo,,屎降y↘,-2,-2,-22,126,True
2021/11/26,-1.69,-1.69,2.11,y戊↘忑-19.Z-3暂,5暂.__Fa震正〇._再B,跌.尾吞oV,,屎降y↘,-3,-3,-23,127,True
2021/12/3,-1.46,-1.46,0.95,y戊↘忑-20.Z-4,9妩.__Fa震正〇._再B,跌.尾连VW.W2,,屎降y↘,-4,-4,-24,128,True
2021/12/10,3.31,3.31,4.53,y戊↘忠-21.I,4蛀.__Fe震正根._再B,(跌)人.连后吞WO,,屎降y↘,1,-5,-25,129,True
2021/12/17,0.34,0.34,4.3,r己↗忐-22.B2,4蛀.__Fe震正根.储,升.尾连OQ.Q2,,屎降r↗.4蛀.__Fe震正根.储.魅6v,2,1,-26,130,True
2021/12/24,-1.93,-1.93,0,y戊↘忑-23.Y暂,5暂.__Fa震正〇._再B,(升)人.连后吞QV,,屎降y↘,-1,-1,-27,131,True
2021/12/31,2.92,2.92,3.43,r己↗忐-24.I暂,4暂.__Fe震正根.储,(人)人.吞吞* VO,,屎降r↗.4暂.__Fe震正根.储.魅6v,1,1,-28,132,True
2022/1/7,-0.33,-0.33,2.92,a甲↗上1.B2暂,4暂.__Ff震负.储,(人)人.吞吞* VO,,屎降a↗.4暂.__Ff震负.储.魅6w,2,2,-29,133,True
2022/1/14,-1.51,-1.51,8.7,c丙↘下2.Y暂,5暂.__Df头负._再C,跌.尾连vW.W2,,屎降c↘.逃5I,-1,-1,-30,134,True
2022/1/21,-8.23,-8.23,-1.27,z丁↘忑-1.Z-2暂,5暂.__Aa龙猪._再C,跌.尾连WW.W3,,屎降z↘,-2,-2,-31,135,True
2022/1/28,-5.55,-5.55,1.11,z丁↘忑-2.Z-3暂,5暂.__Aa龙猪._再C,跌.尾连WW.W4,,屎降z↘,-3,-3,-32,136,True
2022/2/11,1.18,1.18,3.82,z丁↘忑-3.Z-4,9妩.__Aa龙猪._再C,跌.尾反孕Wo,,屎降z↘,-4,-4,-33,137,True
2022/2/18,1.74,1.74,2.32,z丁↘忑-4.Z-5,7姗.__Bd龙管杂._再C,升.尾连oQ.Q2,,屎降z↘,-5,-5,-34,138,True
2022/2/25,1.05,1.05,2.47,z丁↘忑-5.Z-6,6娝.__Fa震正〇._主,升.尾连QQ.Q3,,屎降z↘,-6,-6,-35,139,True
2022/3/4,2.35,2.35,3.86,y戊↘忠-6.I,4蛀.__Fe震正根._主,升.尾连QQ.Q4,,屎降y↘,1,-7,-36,140,True
2022/3/11,-1.84,-1.84,0,y戊↘忑-7.Y暂,5暂.__Fa震正〇._主,(升)人.连后吞QV,,屎降y↘,-1,-8,-37,141,True
2022/3/18,-3.56,-3.56,2.06,y戊↘忑-8.Z-2暂,5暂.__Aa龙猪._主,跌.尾连VW.W2,,屎降y↘,-2,-9,-38,142,True
2022/3/25,4.96,4.96,6.12,y戊↘忠-9.I暂,4暂.__Be龙管根._主,(跌)人.连后吞WO,,屎降y↘,1,-10,-39,143,True
2022/4/1,-2.04,-2.04,1.76,y戊↘忑-10.Y暂,5暂.__Aa龙猪._主,(跌)人.连后吞WOv,,屎降y↘,-1,-11,-40,144,True
2022/4/8,-2.55,-2.55,2.08,y戊↘忑-11.Z-2暂,5暂.__Fa震正〇._主,跌.尾连vW.W2,,屎降y↘,-2,-12,-41,145,True
2022/4/15,5.24,5.24,5.24,y戊↘忠-12.I暂,4暂.__Fe震正根._主,(跌)人.连后吞WO,,屎降y↘,1,-13,-42,146,True
2022/4/22,-4.42,-4.42,6.73,y戊↘忑-13.Y暂,5暂.__Fa震正〇._主,(跌)人.连后吞WOv,,屎降y↘,-1,-14,-43,147,True
2022/4/29,-18.61,-18.61,-1.54,y戊↘忑-14.Z-2暂,5暂.__Aa龙猪._主,跌.尾连vW.W2,,屎降y↘,-2,-15,-44,148,True
2022/5/6,4.03,4.03,5.57,y戊↘忑-15.Z-3暂,5暂.__Aa龙猪._主,跌.尾反孕Wo,,屎降y↘,-3,-16,-45,149,True
2022/5/13,-1.71,-1.71,2.96,y戊↘忑-16.Z-4,9妩.__Aa龙猪._主,(跌)人.孕孕ov,,屎降y↘,-4,-17,-46,150,True
2022/5/20,-0.58,-0.58,2.9,y戊↘忑-17.Z-5,9妩.__Fa震正〇._主,跌.尾连vW.W2,,屎降y↘,-5,-18,-47,151,True
2022/5/27,6.53,6.53,18.76,y戊↘忑-18.Z-6,8姖.__Fa震正〇._主,(跌)人.连后吞WO,,屎降y↘,-6,-19,-48,152,True
2022/6/2,-2.52,-2.52,1.75,y戊↘忑-19.Z-7,8姖.__Fa震正〇._主,(跌)人.连后吞WOv,,屎降y↘,-7,-20,-49,153,True
2022/6/10,-2.13,-2.13,3.25,y戊↘忑-20.Z-8,8姖.__Fa震正〇._主,跌.尾连vW.W2,,屎降y↘,-8,-21,-50,154,True
2022/6/17,8.72,8.72,14.11,y戊↘忠-21.I,4蛀.__Fe震正根._主,(跌)人.连后吞WO,,屎降y↘,1,-22,-51,155,True
2022/6/24,0.53,0.53,1.69,r己↗忐-22.B2,4蛀.__Fe震正根.储,升.尾连OQ.Q2,,屎降r↗.4蛀.__Fe震正根.储.魅6v,2,1,-52,156,True
2022/7/1,10.49,10.49,15.42,r己↗忐-23.B3,4蛀.Df头负.储,升.尾连QQ.Q3,高连3,唏待r↗.4蛀.Df头负.储.口1v,3,2,1,157,True
2022/7/8,-5.89,-5.89,-1.04,a甲↗上1.A4,0橅.__Ff震负.储,升.尾反孕Qv,,屎降a↗.0橅.__Ff震负.储.魅6w,4,3,-1,158,True
2022/7/15,-7.37,-7.37,3.03,c丙↘下2.Y,5蛀.__Df头负._再C,跌.尾连vW.W2,,屎降c↘.逃5I,-1,-1,-2,159,True
2022/7/22,-0.54,-0.54,3.81,z丁↘忑-1.Z-2,5蛀.__Fa震正〇._再C,跌.尾连WW.W3,,屎降z↘,-2,-2,-3,160,True
2022/7/29,0.55,0.55,2.85,z丁↘忑-2.Z-3,5蛀.__Fa震正〇._再C,(跌)人.连后吞WO,,屎降z↘,-3,-3,-4,161,True
2022/8/5,1.85,1.85,3.05,z丁↘忑-3.Z-4,7姗.__Fa震正〇._再C,升.尾连OQ.Q2,,屎降z↘,-4,-4,-5,162,True
2022/8/12,1.39,1.39,2.46,y戊↘忠-4.I,4蛀.__Fe震正根._再C,升.尾连QQ.Q3,,屎降y↘,1,-5,-6,163,True
2022/8/19,-4.43,-4.43,0,y戊↘忑-5.Y暂,5暂.__Fa震正〇._主,(升)人.连后吞QV,,屎降y↘,-1,-6,-7,164,True
2022/8/26,-1.77,-1.77,1.1,y戊↘忑-6.Z-2暂,5暂.__Aa龙猪._主,跌.尾连VW.W2,,屎降y↘,-2,-7,-8,165,True
2022/9/2,12.7,12.7,27.3,r己↗忐-7.I暂,4暂.__Fe震正根.储,(跌)人.连后吞WO,,屎降r↗.4暂.__Fe震正根.储.魅6v,1,1,-9,166,True
2022/9/9,-9.17,-9.17,-1.4,y戊↘忑-8.Y暂,5暂.__Aa龙猪._再B,(跌)人.连后吞WOv,,屎降y↘,-1,-1,-10,167,True
2022/9/16,-4.28,-4.28,2.09,y戊↘忑-9.Z-2暂,5暂.__Fa震正〇._再B,跌.尾连vW.W2,,屎降y↘,-2,-2,-11,168,True
2022/9/23,-4.82,-4.82,1.15,y戊↘忑-10.Z-3暂,5暂.__Aa龙猪._再B,跌.尾连WW.W3,,屎降y↘,-3,-3,-12,169,True
2022/9/30,-1.57,-1.57,2.89,y戊↘忑-11.Z-4,9妩.__Aa龙猪._再B,跌.尾连WW.W4,,屎降y↘,-4,-4,-13,170,True
2022/10/14,1.84,1.84,2.57,y戊↘忑-12.Z-5,8姖.__Aa龙猪._主,(跌)人.连后吞WO,,屎降y↘,-5,-5,-14,171,True
2022/10/21,-1.68,-1.68,1.32,y戊↘忑-13.Z-6,8姖.__Aa龙猪._主,(人)人.吞吞* OV,,屎降y↘,-6,-6,-15,172,True
2022/10/28,-2.08,-2.08,3.55,y戊↘忑-14.Z-7,8姖.__Aa龙猪._主,跌.尾连VW.W2,,屎降y↘,-7,-7,-16,173,True
2022/11/4,9.61,9.61,10.99,y戊↘忠-15.I,4蛀.__Fe震正根._主,(跌)人.连后吞WO,,屎降y↘,1,-8,-17,174,True
2022/11/11,1.25,1.25,2.96,r己↗忐-16.B2,4蛀.__Fe震正根.储,升.尾连OQ.Q2,,屎降r↗.4蛀.__Fe震正根.储.魅6v,2,1,-18,175,True
2022/11/18,7.65,7.65,11.14,r己↗忐-17.B3,4蛀.Df头负.储,升.尾连QQ.Q3,连3,唏待r↗.4蛀.Df头负.储.口1v,3,2,1,176,True
2022/11/25,-4.91,-4.91,0,a甲↗上1.A4,0橅.Dd头正芽.储,升.尾反孕Qv,,唏待a↗.0橅.Dd头正芽.储,4,3,2,177,True
2022/12/2,7.14,7.14,7.91,a甲↗上2.A5,0橅.Dd头正芽.储,升.尾吞vO,,唏待a↗.0橅.Dd头正芽.储,5,4,3,178,True
2022/12/9,4.72,4.72,6.15,a甲↗上3.A6,0橅.Aa龙猪.初,升.尾连OQ.Q2,,唏待a↗.0橅.Aa龙猪.初,6,5,4,179,True
2022/12/16,-1.18,-1.18,3.13,a甲↗上4.A7,0橅.Aa龙猪.初,升.尾反孕Qv,,唏待a↗.0橅.Aa龙猪.初,7,6,5,180,True
2022/12/23,-2.78,-2.78,1.59,a甲↗上5.A8,2栅.Bc龙管栅.初,跌.尾连vW.W2,,唏待a↗.2栅.Bc龙管栅.初,8,7,6,181,True
2022/12/30,0.31,0.31,2.55,a甲↗上6.A9,2栅.Bc龙管栅.初,跌.尾反孕Wo,,唏待a↗.2栅.Bc龙管栅.初,9,8,7,182,True
2023/1/6,0.1,0.1,12.5,a甲↗上7.A10,2栅.Bc龙管栅.初,升.尾连oQ.Q2,,唏待a↗.2栅.Bc龙管栅.初,10,9,8,183,True
2023/1/13,-4.77,-4.77,0.51,b乙→中8.Y,5蛀.Be龙管根.初,(升)人.连后吞QV,,唏待b→.5蛀.Be龙管根.初,-1,10,9,184,True
2023/1/20,-1.28,-1.28,2.88,c丙↘下9.Z-2,5蛀.__Df头负._破,跌.尾连VW.W2,,屎降c↘.逃4v,-2,-1,-1,185,True
2023/2/3,6.16,6.16,7.34,b乙↗上10.I暂,4暂.Dd头正芽.再B,(跌)人.连后吞WO,,唏待b↗.4暂.Dd头正芽.再B,1,1,1,186,True
2023/2/10,2.34,2.34,3.97,b乙↗上11.B2暂,4暂.Dd头正芽.再B,升.尾连OQ.Q2,,唏待b↗.4暂.Dd头正芽.再B,2,2,2,187,True
2023/2/17,1.19,1.19,3.68,b乙↗上12.B3暂,4暂.Dd头正芽.再B,升.尾连QQ.Q3,连3,银升b↗.4暂.Dd头正芽.再B,3,3,3,188,True
2023/2/24,2.06,2.06,4.42,b乙↗上13.A4,0橅.Dd头正芽.再B,升.尾连QQ.Q4,连4,银升b↗.0橅.Dd头正芽.再B,4,4,4,189,True
2023/3/3,-2.31,-2.31,0.58,b乙↗上14.A5,1柜.Dd头正芽.主,(升)人.连后吞QV,,银升b↗.1柜.Dd头正芽.主,5,5,5,190,True
2023/3/10,-4.43,-4.43,2.96,b乙→中15.Y,5蛀.De头正根.主,跌.尾连VW.W2,,唏待b→.5蛀.De头正根.主,-1,6,6,191,True
2023/3/17,-2.78,-2.78,1.86,c丙↘下16.Z-2,5蛀.__Df头负._破,跌.尾连WW.W3,,屎降c↘.逃4v,-2,-1,-1,192,True
2023/3/24,5.09,5.09,7.53,b乙→中17.Z-3,5蛀.De头正根.再B,(跌)人.连后吞WO,,唏待b→.5蛀.De头正根.再B,-3,1,1,193,True
2023/3/31,0.91,0.91,2.93,b乙↗上18.I暂,4暂.Dd头正芽.再B,升.尾连OQ.Q2,,唏待b↗.4暂.Dd头正芽.再B,1,2,2,194,True
2023/4/7,-1.8,-1.8,3.6,b乙→中19.Y暂,5暂.De头正根.再B,(升)人.连后吞QV,,唏待b→.5暂.De头正根.再B,-1,3,3,195,True
2023/4/14,-5.5,-5.5,-0.1,z丁↘忑-1.Z-2暂,5暂.__Aa龙猪._破,跌.尾连VW.W2,,屎降z↘,-2,-1,-1,196,True
2023/4/21,0.75,0.75,2.91,z丁↘忑-2.Z-3暂,5暂.__Aa龙猪._初,跌.尾反孕Wo,,屎降z↘,-3,-2,-2,197,True
2023/4/28,14.22,14.22,16.36,a甲↗上1.I暂,4暂.Aa龙猪.再D,升.尾连oQ.Q2,高,银升a↗.4暂.Aa龙猪.再D,1,1,1,198,True
2023/5/5,6.09,6.09,7.87,a甲↗上2.B2暂,4暂.Aa龙猪.再D,升.尾连QQ.Q3,连3,银升a↗.4暂.Aa龙猪.再D,2,2,2,199,True
2023/5/12,-0.79,-0.79,0.53,a甲↗上3.B3暂,4暂.Aa龙猪.再D,升.尾反孕Qv,,银升a↗.4暂.Aa龙猪.再D,3,3,3,200,True
2023/5/19,-3.47,-3.47,0.98,a甲↗上4.A4,2栅.Bc龙管栅.再D,跌.尾连vW.W2,,银升a↗.2栅.Bc龙管栅.再D,4,4,4,201,True
2023/5/26,-1.47,-1.47,1.47,a甲↗上5.A5,3桮.Fa震正〇.主,跌.尾连WW.W3,,银升a↗.3桮.Fa震正〇.主,5,5,5,202,True
2023/6/2,0.56,0.56,1.31,a甲↗上6.A6,3桮.Fa震正〇.主,跌.尾反孕Wo,,银升a↗.3桮.Fa震正〇.主,6,6,6,203,True
2023/6/9,-0.56,-0.56,3.16,b乙→中7.Y,5蛀.Fe震正根.主,跌.尾吞oV,,银升b→.5蛀.Fe震正根.主,-1,7,7,204,True
2023/6/16,0.09,0.09,3.09,b乙→中8.Z-2,5蛀.Fe震正根.主,跌.尾反孕oVo,,银升b→.5蛀.Fe震正根.主,-2,8,8,205,True
2023/6/21,-4.02,-4.02,1.03,c丙↘下9.Z-3,5蛀.Fe震正根.破,跌.尾吞oV,,金升c↘.被3v,-3,-1,9,206,True
2023/6/30,0.68,0.68,2.14,c丙↘下10.Z-4,9妩.Fe震正根.破,跌.尾反孕oVo,,金升c↘.被3v,-4,-2,10,207,True
2023/7/7,-2.51,-2.51,0.97,z丁↘忑-1.Z-5,9妩.__Fa震正〇._破,跌.尾吞oV,,尿降z↘,-5,-3,-1,208,True
2023/7/14,2.78,2.78,3.87,z丁↘忑-2.Z-6,8姖.Ff震负.破,(跌)人.吞吞oVO,,金升z↘.警3w,-6,-4,1,209,True
2023/7/21,1.54,1.54,2.32,r己↗忐-3.I,4蛀.Df头负.再C,升.尾连OQ.Q2,,金升r↗.4蛀.Df头负.再C.口2I,1,1,2,210,True
2023/7/28,-0.86,-0.86,0.76,r己↗忐-4.B2,4蛀.Df头负.再C,升.尾反孕Qv,,金升r↗.4蛀.Df头负.再C.口2I,2,2,3,211,True
2023/8/4,0.1,0.1,2.97,a甲↗上1.B3,4蛀.Dd头正芽.再C,(升)人.孕孕vo,,金升a↗.4蛀.Dd头正芽.再C,3,3,4,212,True
2023/8/11,-5.36,-5.36,0.29,z丁↘忑-1.Y暂,5暂.__Fa震正〇._破,跌.尾吞oV,,尿降z↘,-1,-1,-1,213,True
2023/8/18,-4.15,-4.15,3.64,z丁↘忑-2.Z-2暂,5暂.__Aa龙猪._初,跌.尾连VW.W2,,尿降z↘,-2,-2,-2,214,True
2023/8/25,-3.8,-3.8,0.63,z丁↘忑-3.Z-3暂,5暂.__Aa龙猪._初,跌.尾连WW.W3,,屎降z↘,-3,-3,-3,215,True
2023/9/1,5.71,5.71,6.04,z丁↘忑-4.Z-4,8姖.__Aa龙猪._初,(跌)人.连后吞WO,,屎降z↘,-4,-4,-4,216,True
2023/9/8,1.04,1.04,4.78,z丁↘忑-5.Z-5,7姗.__Bd龙管杂._初,升.尾连OQ.Q2,,屎降z↘,-5,-5,-5,217,True
2023/9/15,-1.23,-1.23,2.88,z丁↘忑-6.Z-6,7姗.__Fa震正〇._初,(升)人.连后吞QV,,屎降z↘,-6,-6,-6,218,True
2023/9/22,0.42,0.42,2.81,z丁↘忑-7.Z-7,7姗.__Fa震正〇._主,(升)人.连后吞QVo,,屎降z↘,-7,-7,-7,219,True
2023/9/28,-0.83,-0.83,0.73,z丁↘忑-8.Z-8,7姗.__Fa震正〇._主,跌.尾吞oV,,屎降z↘,-8,-8,-8,220,True
2023/10/13,-3.55,-3.55,0.21,z丁↘忑-9.Z-9,9妩.__Fa震正〇._主,跌.尾连VW.W2,,屎降z↘,-9,-9,-9,221,True
2023/10/20,-5.42,-5.42,0.33,z丁↘忑-10.Z-10,9妩.__Aa龙猪._主,跌.尾连WW.W3,,屎降z↘,-10,-10,-10,222,True
2023/10/27,5.84,5.84,6.41,z丁↘忑-11.Z-11,8姖.__Aa龙猪._主,(跌)人.连后吞WO,,屎降z↘,-11,-11,-11,223,True
2023/11/3,4.11,4.11,4.87,y戊↘忠-12.I,4蛀.__Be龙管根._主,升.尾连OQ.Q2,,屎降y↘,1,-12,-12,224,True
2023/11/10,1.14,1.14,2.18,r己↗忐-13.B2,4蛀.__Fe震正根.储,升.尾连QQ.Q3,,屎降r↗.4蛀.__Fe震正根.储.魅6v,2,1,-13,225,True
2023/11/17,0.51,0.51,1.03,r己↗忐-14.B3,4蛀.__Fe震正根.储,升.尾连QQ.Q4,,屎降r↗.4蛀.__Fe震正根.储.魅6v,3,2,-14,226,True
2023/11/24,3.48,3.48,4.19,a甲↗上1.A4,0橅.Aa龙猪.储,升.尾连QQ.Q5,连5,银升a↗.0橅.Aa龙猪.储,4,3,1,227,True
2023/12/1,0.1,0.1,2.37,a甲↗上2.A5,0橅.Aa龙猪.初,升.尾连QQ.Q6,连6,银升a↗.0橅.Aa龙猪.初,5,4,2,228,True
2023/12/8,-2.86,-2.86,10.07,a甲↗上3.A6,1柜.Aa龙猪.初,(升)人.连后吞QV,,唏待a↗.1柜.Aa龙猪.初,6,5,3,229,True
2023/12/15,-0.81,-0.81,3.15,b乙→中4.Y,5蛀.Be龙管根.初,跌.尾连VW.W2,,唏待b→.5蛀.Be龙管根.初,-1,6,4,230,True
2023/12/22,-2.66,-2.66,-0.2,c丙↘下5.Z-2,5蛀.__Df头负._再D,跌.尾连WW.W3,,屎降c↘.逃5I,-2,-1,-1,231,True
2023/12/29,1.58,1.58,2.84,c丙↘下6.Z-3,5蛀.__Df头负._再D,(跌)人.连后吞WO,,屎降c↘.逃5I,-3,-2,-2,232,True
2024/1/5,-1.76,-1.76,1.35,z丁↘忑-1.Z-4,8姖.__Fa震正〇._再D,(跌)人.连后吞WOv,,屎降z↘,-4,-3,-3,233,True
2024/1/12,2.53,2.53,4.64,y戊↘忠-2.I,4蛀.__Be龙管根._再D,升.尾吞vO,,屎降y↘,1,-4,-4,234,True
2024/1/19,-4.01,-4.01,5.97,y戊↘忑-3.Y暂,5暂.__Aa龙猪._再D,(升)人.吞吞vOV,,屎降y↘,-1,-5,-5,235,True
2024/1/26,-4.5,-4.5,0.32,y戊↘忑-4.Z-2暂,5暂.__Aa龙猪._再D,跌.尾连VW.W2,,屎降y↘,-2,-6,-6,236,True
2024/2/2,-17.06,-17.06,0.34,y戊↘忑-5.Z-3暂,5暂.__Aa龙猪._主,跌.尾连WW.W3,,屎降y↘,-3,-7,-7,237,True
2024/2/8,-3.65,-3.65,0.27,y戊↘忑-6.Z-4,9妩.__Aa龙猪._主,跌.尾连WW.W4,,屎降y↘,-4,-8,-8,238,True
2024/2/23,12.78,12.78,14.19,y戊↘忑-7.Z-5,8姖.__Aa龙猪._主,(跌)人.连后吞WO,,屎降y↘,-5,-9,-9,239,True
2024/3/1,-3.61,-3.61,6.35,y戊↘忑-8.Z-6,8姖.__Aa龙猪._主,(跌)人.连后吞WOv,,屎降y↘,-6,-10,-10,240,True
2024/3/8,-0.26,-0.26,1.03,y戊↘忑-9.Z-7,8姖.__Fa震正〇._主,跌.尾连vW.W2,,屎降y↘,-7,-11,-11,241,True
2024/3/15,6.09,6.09,8.29,y戊↘忠-10.I,4蛀.__Fe震正根._主,(跌)人.连后吞WO,,屎降y↘,1,-12,-12,242,True
2024/3/22,0.73,0.73,3.91,y戊↘忠-11.B2,4蛀.__Fe震正根._主,升.尾连OQ.Q2,,屎降y↘,2,-13,-13,243,True
2024/3/29,1.45,1.45,1.82,y戊↘忠-12.B3,4蛀.__Fe震正根._主,升.尾连QQ.Q3,,屎降y↘,3,-14,-14,244,True
2024/4/3,4.06,4.06,7.41,r己↗忐-13.A4,0橅.__Fe震正根.储,升.尾连QQ.Q4,,屎降r↗.0橅.__Fe震正根.储.魅6v,4,1,-15,245,True
2024/4/12,2.07,2.07,7.81,r己↗忐-14.A5,0橅.__Fe震正根.储,升.尾连QQ.Q5,,屎降r↗.0橅.__Fe震正根.储.魅6v,5,2,-16,246,True
2024/4/19,7.2,7.2,15.41,a甲↗上1.A6,0橅.Aa龙猪.储,升.尾连QQ.Q6,高连6,唏待a↗.0橅.Aa龙猪.储,6,3,1,247,True
2024/4/26,-2.2,-2.2,2.83,a甲↗上2.A7,0橅.Aa龙猪.初,升.尾反孕Qv,,唏待a↗.0橅.Aa龙猪.初,7,4,2,248,True
2024/4/30,0.64,0.64,0.86,a甲↗上3.A8,0橅.Aa龙猪.初,升.尾吞vO,,唏待a↗.0橅.Aa龙猪.初,8,5,3,249,True
2024/5/10,3.62,3.62,9.81,a甲↗上4.A9,0橅.Aa龙猪.初,升.尾连OQ.Q2,,银升a↗.0橅.Aa龙猪.初,9,6,4,250,True
2024/5/17,1.65,1.65,5.56,a甲↗上5.A10,0橅.Aa龙猪.初,升.尾连QQ.Q3,连3,银升a↗.0橅.Aa龙猪.初,10,7,5,251,True
2024/5/24,-1.72,-1.72,4.86,a甲↗上6.A11,0橅.Aa龙猪.初,升.尾反孕Qv,,银升a↗.0橅.Aa龙猪.初,11,8,6,252,True
2024/5/31,6.8,6.8,10.2,a甲↗上7.A12,0橅.Aa龙猪.初,升.尾吞vO,,银升a↗.0橅.Aa龙猪.初,12,9,7,253,True
2024/6/7,-8.78,-8.78,2.22,b乙→中8.Y,5蛀.Be龙管根.初,(升)人.吞吞vOV,,银升b→.5蛀.Be龙管根.初,-1,10,8,254,True
2024/6/14,2.33,2.33,4.55,b乙→中9.Z-2,5蛀.Be龙管根.主,(升)人.吞吞vOVo,,银升b→.5蛀.Be龙管根.主,-2,11,9,255,True
2024/6/21,-4.24,-4.24,-0.1,c丙↘下10.Z-3,5蛀.Fe震正根.破,跌.尾吞oV,,唏待c↘.被3v,-3,-1,10,256,True
2024/6/28,-0.22,-0.22,2.05,c丙↘下11.Z-4,9妩.Fe震正根.破,跌.尾连VW.W2,,唏待c↘.被3v,-4,-2,11,257,True
2024/7/5,-4,-4,7.46,c丙↘下12.Z-5,9妩.__Df头负._破,跌.尾连WW.W3,,屎降c↘.逃4v,-5,-3,-1,258,True
2024/7/12,-1.46,-1.46,2.7,z丁↘忑-1.Z-6,9妩.__Aa龙猪._初,跌.尾连WW.W4,,屎降z↘,-6,-4,-2,259,True
2024/7/19,-1.94,-1.94,1.71,z丁↘忑-2.Z-7,9妩.__Aa龙猪._初,跌.尾连WW.W5,,屎降z↘,-7,-5,-3,260,True
2024/7/26,-1.05,-1.05,1.98,z丁↘忑-3.Z-8,9妩.__Aa龙猪._初,跌.尾连WW.W6,,屎降z↘,-8,-6,-4,261,True
2024/8/2,7.07,7.07,8.83,y戊↘忠-4.I,4蛀.__Be龙管根._初,(跌)人.连后吞WO,,屎降y↘,1,-7,-5,262,True
2024/8/9,2.75,2.75,4.95,r己↗忐-5.B2,4蛀.Df头负.储,升.尾连OQ.Q2,,唏待r↗.4蛀.Df头负.储.口1v,2,1,1,263,True
2024/8/16,-1.07,-1.07,3.85,r己↗忐-6.B3,4蛀.Df头负.储,升.尾反孕Qv,,唏待r↗.4蛀.Df头负.储.口1v,3,2,2,264,True
2024/8/23,-9.2,-9.2,0.65,y戊↘忑-7.Y暂,5暂.__Fa震正〇._再B,跌.尾连vW.W2,,屎降y↘,-1,-1,-1,265,True
2024/8/30,-6.67,-6.67,1.43,y戊↘忑-8.Z-2暂,5暂.__Aa龙猪._再B,跌.尾连WW.W3,,屎降y↘,-2,-2,-2,266,True
2024/9/6,-2.68,-2.68,0.38,y戊↘忑-9.Z-3暂,5暂.__Aa龙猪._再B,跌.尾连WW.W4,,屎降y↘,-3,-3,-3,267,True
2024/9/13,-5.91,-5.91,0.92,y戊↘忑-10.Z-4,9妩.__Aa龙猪._再B,跌.尾连WW.W5,,屎降y↘,-4,-4,-4,268,True
2024/9/20,2.37,2.37,4.6,y戊↘忑-11.Z-5,9妩.__Aa龙猪._主,跌.尾反孕Wo,,屎降y↘,-5,-5,-5,269,True
2024/9/27,14.99,14.99,16.49,y戊↘忠-12.I,4蛀.__Be龙管根._主,升.尾连oQ.Q2,,屎降y↘,1,-6,-6,270,True
2024/9/30,8.65,8.65,9.36,r己↗忐-13.B2,4蛀.Df头负.储,升.尾连QQ.Q3,连3,唏待r↗.4蛀.Df头负.储.口1v,2,1,1,271,True
2024/10/11,-6.98,-6.98,9.92,r己↗忐-14.B3,4蛀.__Fe震正根.储,(升)人.连后吞QV,,屎降r↗.4蛀.__Fe震正根.储.魅6v,3,2,-1,272,True
2024/10/18,0.12,0.12,2.23,r己↗忐-15.A4,1柜.__Fe震正根.储,(升)人.连后吞QVo,,屎降r↗.1柜.__Fe震正根.储.魅6v,4,3,-2,273,True
2024/10/25,1.99,1.99,4.22,a甲↗上1.A5,1柜.Aa龙猪.储,升.尾连oQ.Q2,,唏待a↗.1柜.Aa龙猪.储,5,4,1,274,True
2024/11/1,1.38,1.38,4.71,a甲↗上2.A6,1柜.Fa震正〇.储,升.尾连QQ.Q3,连3,唏待a↗.1柜.Fa震正〇.储,6,5,2,275,True
2024/11/8,7.81,7.81,10.76,a甲↗上3.A7,0橅.Fa震正〇.初,升.尾连QQ.Q4,连4,银升a↗.0橅.Fa震正〇.初,7,6,3,276,True
2024/11/15,-4.1,-4.1,0.95,a甲↗上4.A8,0橅.Fa震正〇.初,升.尾反孕Qv,,银升a↗.0橅.Fa震正〇.初,8,7,4,277,True
2024/11/22,4.71,4.71,11.83,a甲↗上5.A9,0橅.Aa龙猪.初,升.尾吞vO,,银升a↗.0橅.Aa龙猪.初,9,8,5,278,True
2024/11/29,5.02,5.02,6.49,a甲↗上6.A10,0橅.Aa龙猪.初,升.尾连OQ.Q2,,银升a↗.0橅.Aa龙猪.初,10,9,6,279,True
2024/12/6,0.4,0.4,6.97,a甲↗上7.A11,0橅.Aa龙猪.初,升.尾连QQ.Q3,连3,银升a↗.0橅.Aa龙猪.初,11,10,7,280,True
2024/12/13,16.37,16.37,21.33,a甲↗上8.A12,0橅.Aa龙猪.初,升.尾连QQ.Q4,宽高连4,银升a↗.0橅.Aa龙猪.初,12,11,8,281,True
2024/12/20,-3.07,-3.07,6.39,a甲↗上9.A13,0橅.Aa龙猪.主,升.尾反孕Qv,,金升a↗.0橅.Aa龙猪.主,13,12,9,282,True
2024/12/27,0.53,0.53,8.36,a甲↗上10.A14,0橅.Aa龙猪.主,(升)人.孕孕vo,,金升a↗.0橅.Aa龙猪.主,14,13,10,283,True
2025/1/3,-3.32,-3.32,8.49,a甲↗上11.A15,1柜.Aa龙猪.主,跌.尾吞oV,,金升a↗.1柜.Aa龙猪.主,15,14,11,284,True
2025/1/10,-5.07,-5.07,4.71,b乙→中12.Y,5蛀.Fe震正根.主,跌.尾连VW.W2,,金升b→.5蛀.Fe震正根.主,-1,15,12,285,True
2025/1/17,9.06,9.06,11.53,b乙↗上13.I暂,4暂.Fd震正芽.主,(跌)人.连后吞WO,,金升b↗.4暂.Fd震正芽.主,1,16,13,286,True
2025/1/24,-3.23,-3.23,2.45,b乙↗上14.B2暂,4暂.Fd震正芽.主,(跌)人.连后吞WOv,,金升b↗.4暂.Fd震正芽.主,2,17,14,287,True
2025/1/27,-1.81,-1.81,3.25,b乙→中15.Y暂,5暂.Fe震正根.主,跌.尾连vW.W2,,金升b→.5暂.Fe震正根.主,-1,18,15,288,True
2025/2/7,1.56,1.56,3.96,b乙↗上16.I暂,4暂.Fd震正芽.主,(跌)人.连后吞WO,,金升b↗.4暂.Fd震正芽.主,1,19,16,289,True
2025/2/14,2.54,2.54,10.87,b乙↗上17.B2暂,4暂.Fd震正芽.主,升.尾连OQ.Q2,,金升b↗.4暂.Fd震正芽.主,2,20,17,290,True
2025/2/21,-5.12,-5.12,0.27,b乙→中18.Y暂,5暂.Fe震正根.主,(升)人.连后吞QV,,金升b→.5暂.Fe震正根.主,-1,21,18,291,True
2025/2/28,3.72,3.72,7.54,b乙↗上19.I暂,4暂.Fd震正芽.主,(升)人.连后吞QVo,,金升b↗.4暂.Fd震正芽.主,1,22,19,292,True
2025/3/7,-3.86,-3.86,3.05,b乙→中20.Y暂,5暂.Fe震正根.主,(人)人.孕孕vo,,金升b→.5暂.Fe震正根.主,-1,23,20,293,True
2025/3/14,9.34,9.34,10.46,b乙↗上21.I暂,4暂.Fd震正芽.主,升.尾吞vO,,金升b↗.4暂.Fd震正芽.主,1,24,21,294,True
2025/3/21,-2.31,-2.31,3.07,b乙↗上22.B2暂,4暂.Fd震正芽.主,升.尾反孕vOv,,金升b↗.4暂.Fd震正芽.主,2,25,22,295,True
2025/3/28,-3.23,-3.23,2.27,b乙→中23.Y暂,5暂.Fe震正根.主,跌.尾连vW.W2,,金升b→.5暂.Fe震正根.主,-1,26,23,296,True
2025/4/3,6.5,6.5,8.49,b乙↗上24.I暂,4暂.Fd震正芽.主,(跌)人.连后吞WO,,金升b↗.4暂.Fd震正芽.主,1,27,24,297,True
2025/4/11,5.68,5.68,8.74,b乙↗上25.B2暂,4暂.Aa龙猪.主,升.尾连OQ.Q2,,金升b↗.4暂.Aa龙猪.主,2,28,25,298,True
2025/4/18,-0.4,-0.4,10.03,b乙↗上26.B3暂,4暂.Aa龙猪.主,升.尾反孕Qv,,金升b↗.4暂.Aa龙猪.主,3,29,26,299,True
2025/4/25,3.3,3.3,9.67,b乙↗上27.A4,0橅.Aa龙猪.主,升.尾吞vO,,金升b↗.0橅.Aa龙猪.主,4,30,27,300,True
2025/4/30,3.59,3.59,6.4,b乙↗上28.A5,0橅.Aa龙猪.主,升.尾连OQ.Q2,,金升b↗.0橅.Aa龙猪.主,5,31,28,301,True
2025/5/9,12.8,12.8,15.36,b乙↗上29.A6,0橅.Aa龙猪.主,升.尾连QQ.Q3,高连3,金升b↗.0橅.Aa龙猪.主,6,32,29,302,True
2025/5/16,6.61,6.61,7.54,b乙↗上30.A7,0橅.Aa龙猪.主,升.尾连QQ.Q4,连4,金升b↗.0橅.Aa龙猪.主,7,33,30,303,True
2025/5/23,-4.26,-4.26,9.39,b乙↗上31.A8,0橅.Aa龙猪.主,升.尾反孕Qv,宽,金升b↗.0橅.Aa龙猪.主,8,34,31,304,True
2025/5/30,-2.68,-2.68,7.72,b乙↗上32.A9,2栅.Bc龙管栅.主,跌.尾连vW.W2,,金升b↗.2栅.Bc龙管栅.主,9,35,32,305,True
2025/6/6,0.6,0.6,14.38,b乙↗上33.A10,2栅.Bc龙管栅.主,跌.尾反孕Wo,,金升b↗.2栅.Bc龙管栅.主,10,36,33,306,True
2025/6/13,6.48,6.48,13.29,b乙↗上34.A11,2栅.Fa震正〇.主,升.尾连oQ.Q2,,金升b↗.2栅.Fa震正〇.主,11,37,34,307,True
2025/6/20,-8.47,-8.47,-0.13,b乙→中35.Y,5蛀.Fe震正根.主,(升)人.连后吞QV,,金升b→.5蛀.Fe震正根.主,-1,38,35,308,True
2025/6/27,8.22,8.22,8.5,b乙↗上36.I暂,4暂.Fd震正芽.主,(升)人.连后吞QVo,,金升b↗.4暂.Fd震正芽.主,1,39,36,309,True
2025/7/4,2.28,2.28,7.6,b乙↗上37.B2暂,4暂.Fd震正芽.主,升.尾连oQ.Q2,,金升b↗.4暂.Fd震正芽.主,2,40,37,310,True
2025/7/11,-3.84,-3.84,1.67,b乙↗上38.B3暂,4暂.Fd震正芽.主,(升)人.连后吞QV,,金升b↗.4暂.Fd震正芽.主,3,41,38,311,True
2025/7/18,-2.12,-2.12,2.45,b乙→中39.Y暂,5暂.Fe震正根.主,跌.尾连VW.W2,,金升b→.5暂.Fe震正根.主,-1,42,39,312,True
2025/7/25,-5.59,-5.59,0.92,c丙↘下40.Z-2暂,5暂.Fe震正根.破,跌.尾连WW.W3,,金升c↘.被3v,-2,-1,40,313,True
2025/8/1,-1.46,-1.46,7.6,c丙↘下41.Z-3暂,5暂.Fe震正根.破,跌.尾连WW.W4,,金升c↘.被3v,-3,-2,41,314,True
2025/8/8,10.33,10.33,13.15,b乙↗上42.I暂,4暂.Dd头正芽.再B,(跌)人.连后吞WO,,金升b↗.4暂.Dd头正芽.再B,1,1,42,315,True
2025/8/15,-5.26,-5.26,1.22,b乙→中43.Y暂,5暂.De头正根.再B,(跌)人.连后吞WOv,,金升b→.5暂.De头正根.再B,-1,2,43,316,True
2025/8/22,6.02,6.02,7.17,b乙↗上44.I暂,4暂.Dd头正芽.再B,(人)人.孕孕vo,,金升b↗.4暂.Dd头正芽.再B,1,3,44,317,True
2025/8/29,-2.36,-2.36,6.32,b乙↗上45.B2暂,4暂.Dd头正芽.再B,(人)人.孕孕vo,,金升b↗.4暂.Dd头正芽.再B,2,4,45,318,True
2025/9/5,-2.55,-2.55,2.88,b乙→中46.Y暂,5暂.De头正根.再B,跌.尾连vW.W2,,金升b→.5暂.De头正根.再B,-1,5,46,319,True
2025/9/12,4.96,4.96,9.52,b乙↗上47.I暂,4暂.Dd头正芽.主,(跌)人.连后吞WO,,金升b↗.4暂.Dd头正芽.主,1,6,47,320,True
2025/9/19,-4.09,-4.09,5.24,b乙→中48.Y暂,5暂.De头正根.主,(跌)人.连后吞WOv,,金升b→.5暂.De头正根.主,-1,7,48,321,True
2025/9/26,-3.2,-3.2,0.47,c丙↘下49.Z-2暂,5暂.Fe震正根.破,跌.尾连vW.W2,,金升c↘.被3v,-2,-1,49,322,True
2025/9/30,-4.61,-4.61,1.86,z丁↘忑-1.Z-3暂,5暂.__Aa龙猪._破,跌.尾连WW.W3,,嘘待z↘,-3,-2,-1,323,True
2025/10/10,-2.6,-2.6,-0.22,z丁↘忑-2.Z-4,9妩.__Aa龙猪._破,跌.尾连WW.W4,,嘘待z↘,-4,-3,-2,324,True
2025/10/17,0,0,4.89,z丁↘忑-3.Z-5,9妩.__Aa龙猪._初,跌.尾反孕Wo,,嘘待z↘,-5,-4,-3,325,True
2025/10/24,6.74,6.74,11.19,y戊↘忠-4.I,4蛀.__Be龙管根._初,升.尾连oQ.Q2,,嘘待y↘,1,-5,-4,326,True
2025/10/31,3.82,3.82,9.92,r己↗忐-5.B2,4蛀.Df头负.再D,升.尾连QQ.Q3,连3,金升r↗.4蛀.Df头负.再D.口2I,2,1,1,327,True
2025/11/7,4.28,4.28,6.95,a甲↗上1.B3,4蛀.Dd头正芽.再D,升.尾连QQ.Q4,连4,金升a↗.4蛀.Dd头正芽.再D,3,2,2,328,True
2025/11/14,12.24,12.24,19.17,a甲↗上2.A4,0橅.Aa龙猪.再D,升.尾连QQ.Q5,宽高连5,金升a↗.0橅.Aa龙猪.再D,4,3,3,329,True
2025/11/21,-2.63,-2.63,5.2,a甲↗上3.A5,0橅.Aa龙猪.再D,升.尾反孕Qv,,金升a↗.0橅.Aa龙猪.再D,5,4,4,330,True
2025/11/28,6.22,6.22,8.62,a甲↗上4.A6,0橅.Aa龙猪.再D,升.尾吞vO,,金升a↗.0橅.Aa龙猪.再D,6,5,5,331,True
2025/12/5,-9.28,-9.28,1.33,a甲↗上5.A7,1柜.Fa震正〇.主,(升)人.吞吞vOV,,金升a↗.1柜.Fa震正〇.主,7,6,6,332,True
2025/12/12,2.25,2.25,4.02,a甲↗上6.A8,1柜.Fa震正〇.主,(升)人.吞吞vOVo,,金升a↗.1柜.Fa震正〇.主,8,7,7,333,True
2025/12/19,4.23,4.23,5.65,a甲↗上7.A9,1柜.Fa震正〇.主,升.尾连oQ.Q2,,金升a↗.1柜.Fa震正〇.主,9,8,8,334,True
2025/12/26,8.51,8.51,9.71,a甲↗上8.A10,1柜.Aa龙猪.主,升.尾连QQ.Q3,连3,金升a↗.1柜.Aa龙猪.主,10,9,9,335,True
2025/12/31,3.84,3.84,5.11,a甲↗上9.A11,0橅.Aa龙猪.主,升.尾连QQ.Q4,连4,金升a↗.0橅.Aa龙猪.主,11,10,10,336,True
2026/1/9,-2.33,-2.33,0.05,a甲↗上10.A12,0橅.Aa龙猪.主,升.尾反孕Qv,,金升a↗.0橅.Aa龙猪.主,12,11,11,337,True
2026/1/16,-1.82,-1.82,2.7,a甲↗上11.A13,2栅.Bc龙管栅.主,跌.尾连vW.W2,,金升a↗.2栅.Bc龙管栅.主,13,12,12,338,True
2026/1/23,5.87,5.87,10.41,a甲↗上12.A14,2栅.Bc龙管栅.主,(跌)人.连后吞WO,,金升a↗.2栅.Bc龙管栅.主,14,13,13,339,True
2026/1/30,-0.7,-0.7,1.65,a甲↗上13.A15,2栅.Bc龙管栅.主,(跌)人.连后吞WOv,,金升a↗.2栅.Bc龙管栅.主,15,14,14,340,True
2026/2/6,-3.82,-3.82,2.87,a甲↗上14.A16,3桮.Bb龙管杂.主,跌.尾连vW.W2,,金升a↗.3桮.Bb龙管杂.主,16,15,15,341,True
2026/2/13,3.35,3.35,5.8,a甲↗上15.A17,2栅.Fa震正〇.主,(跌)人.连后吞WO,,金升a↗.2栅.Fa震正〇.主,17,16,16,342,True
2026/2/27,-3.14,-3.14,0.81,b乙→中16.Y,5蛀.Fe震正根.主,(人)人.吞吞* OV,,金升b→.5蛀.Fe震正根.主,-1,17,17,343,True
2026/3/6,-0.57,-0.57,2.04,b乙→中17.Z-2,5蛀.Fe震正根.主,跌.尾连VW.W2,,金升b→.5蛀.Fe震正根.主,-2,18,18,344,True
2026/3/13,-7.04,-7.04,-0.16,c丙↘下18.Z-3,5蛀.Fe震正根.破,跌.尾连WW.W3,,金升c↘.被3v,-3,-1,19,345,True
2026/3/20,2.15,2.15,10.4,c丙↘下19.Z-4,9妩.Fe震正根.破,跌.尾反孕Wo,,金升c↘.被3v,-4,-2,20,346,True
2026/3/27,0.06,0.06,2.99,z丁↘忑-1.Z-5,7姗.Ff震负.破,升.尾连oQ.Q2,,金升z↘.警3w,-5,-3,21,347,True
2026/4/3,8.29,8.29,10.89,a甲↗上1.I,4蛀.Dd头正芽.再C,升.尾连QQ.Q3,连3,金升a↗.4蛀.Dd头正芽.再C,1,1,22,348,True
2026/4/10,3.06,3.06,6.02,a甲↗上2.B2,4蛀.Aa龙猪.再C,升.尾连QQ.Q4,连4,金升a↗.4蛀.Aa龙猪.再C,2,2,23,349,True
2026/4/17,-4.56,-4.56,0.3,a甲↗上3.B3,4蛀.Aa龙猪.再C,(升)人.连后吞QV,,金升a↗.4蛀.Aa龙猪.再C,3,3,24,350,True
2026/4/24,1.25,1.25,4.77,a甲↗上4.A4,1柜.Aa龙猪.再C,(升)人.连后吞QVo,,金升a↗.1柜.Aa龙猪.再C,4,4,25,351,True
2026/4/30,19.22,19.22,25.63,a甲↗上5.A5,1柜.Aa龙猪.主,升.尾连oQ.Q2,宽高,金升a↗.1柜.Aa龙猪.主,5,5,26,352,True
2026/5/8,-4.34,-4.34,0,a甲↗上6.A6,1柜.Aa龙猪.主,升.尾反孕Qv,,金升a↗.1柜.Aa龙猪.主,6,6,27,353,True
2026/5/15,-4.18,-4.18,0.22,a甲↗上7.A7,2栅.Bc龙管栅.主,跌.尾连vW.W2,,金升a↗.2栅.Bc龙管栅.主,7,7,28,354,True
2026/5/22,0.61,0.61,3.19,a甲↗上8.A8,2栅.Fa震正〇.主,跌.尾反孕Wo,,金升a↗.2栅.Fa震正〇.主,8,8,29,355,True
2026/5/29,2.38,2.38,5.27,a甲↗上9.A9,2栅.Fa震正〇.主,升.尾连oQ.Q2,,金升a↗.2栅.Fa震正〇.主,9,9,30,356,True
2026/6/5,-2.37,-2.37,2.69,a甲↗上10.A10,2栅.Fa震正〇.主,升.尾反孕Qv,,金升a↗.2栅.Fa震正〇.主,10,10,31,357,True
2026/6/12,2.57,2.57,3.08,a甲↗上11.A11,0橅.Fa震正〇.主,升.尾吞vO,,金升a↗.0橅.Fa震正〇.主,11,11,32,358,True
2026/6/18,-6.09,-6.09,1.5,b乙→中12.Y,5蛀.Fe震正根.主,(升)人.吞吞vOV,,金升b→.5蛀.Fe震正根.主,-1,12,33,359,True
2026/6/26,0.39,0.39,8.77,c丙↘下13.Z-2,5蛀.Fe震正根.破,(升)人.吞吞vOVo,,金升c↘.被3v,-2,-1,34,360,True
2026/7/3,-1.35,-1.35,6.13,c丙↘下14.Z-3,5蛀.Fe震正根.破,跌.尾吞oV,,金升c↘.被3v,-3,-2,35,361,True
2026/7/10,4.4,4.4,6.75,b乙↗上15.I暂,4暂.Dd头正芽.再B,(跌)人.吞吞oVO,,金升b↗.4暂.Dd头正芽.再B,1,1,36,362,True
2026/7/16,-17.05,-17.05,3.51,z丁↘忑-1.Y暂,5暂.__Aa龙猪._破,(人)人.吞吞* OV,,嘘待z↘,-1,-1,-1,363,True
