日期,收,开,高,低,涨幅,高幅,DXEF,DXCD,DXAB,柱排,波型,盈提示,日ZA,日ZC,日ZE,日段,日机警,四域,BSHA,BSAC,脸哼JA,宽哼JC,偏顶JC,上身,叠幅,次日高幅
2015/4/22,6.32,6.32,6.32,6.32,0,0,屎E0上.盈,上,a甲↗上1.I,错.未赋值.Q1,4蛀.Aa龙猪.初,a,1,1,1,持主,,多被,0,0,0,0,
0,0,,9.97
2015/4/23,6.95,6.95,6.95,6.95,9.97,9.97,屎E0上.盈,上,a甲↗上2.B2,升.尾连QQ.Q2,4蛀.Aa龙猪.初,a高,2,2,2,持主,,多长,7.6,1.7,7.6,9,
9,100,,10.07
2015/4/24,7.65,7.65,7.65,7.65,10.07,10.07,金E0上.盈,上,a甲↗上3.B3,升.尾连QQ.Q3,4蛀.Aa龙猪.初,a连3高,3,3,3,持主,,多长,13.2,5.2,13.2,19,
19,100,,9.93
2015/4/27,8.41,8.41,8.41,8.41,9.93,9.93,金E0上.盈,上,a甲↗上4.A4,升.尾连QQ.Q4,0橅.Aa龙猪.初,a宽连4高,4,4,4,持主,,多长,17,9.8,17,28,
28,100,,9.99
2015/4/28,9.25,9.25,9.25,9.25,9.99,9.99,金E0上.盈,上,a甲↗上5.A5,升.尾连QQ.Q5,0橅.Aa龙猪.主,a宽连5高,5,5,5,持主,,多长,19.5,15.3,19.5,37,
37,100,46,9.95
2015/4/29,10.17,10.17,10.17,10.17,9.95,9.95,金E0上.盈,上,a甲↗上6.A6,升.尾连QQ.Q6,0橅.Aa龙猪.主,a宽连6高,6,6,6,持主,,多长,21,21.1,21,46,
46,100,46,10.03
2015/4/30,11.19,11.19,11.19,11.19,10.03,10.03,金E0上.盈,上,a甲↗上7.A7,升.尾连QQ.Q7,0橅.Aa龙猪.主,a宽连7高,7,7,7,持主,,多长,22,27.1,22,55,
55,100,46,10.01
2015/5/4,12.31,12.31,12.31,12.31,10.01,10.01,金E0上.盈,上,a甲↗上8.A8,升.尾连QQ.Q8,0橅.Aa龙猪.主,a宽连8高,8,8,8,持主,,多长,22.6,32.9,22.6,62,
62,100,46,9.99
2015/5/5,13.54,13.54,13.54,13.54,9.99,9.99,金E0上.盈,上,a甲↗上9.A9,升.尾连QQ.Q9,0橅.Aa龙猪.主,a宽连9高,9,9,9,持主,,多长,23,38.4,23,70,
70,100,46,9.9
2015/5/6,13.68,14.88,14.88,13.54,1.03,9.9,金E0上.盈,上,a甲↗上10.A10,升.尾连QQ.Q10,0橅.Aa龙猪.主,a宽连10高,10,10,10,持主,,多长,25.9,41.4,25.9,77,
77,10,46,-3.87
2015/5/7,12.31,12.76,13.15,12.31,-10.01,-3.87,金E0上.盈,上,a甲↗上11.A11,(升)人.连后吞QV,1柜.Aa龙猪.主,宽偏,11,11,11,持主,,多长,8.6,39.5,22.9,71,
71,0,33,6.99
2015/5/8,12.95,12.25,13.17,12.12,5.2,6.99,金E0上.盈,上,a甲↗上12.A12,(人)人.吞吞* VO,1柜.Aa龙猪.主,宽高,12,12,12,持主,,多长,6.6,37.5,20.4,65,
65,74,23,9.5
2015/5/11,14.06,12.94,14.18,12.52,8.57,9.5,金E0上.盈,上,a甲↗上13.A13,升.尾连OQ.Q2,1柜.Fa震正〇.主,宽高,13,13,13,持主,,多长,10.8,37,16.3,59,
59,90,23,3.84
2015/5/12,13.9,13.76,14.6,13.69,-1.14,3.84,金E0上.盈,上,a甲↗上14.A14,升.尾反孕Qv,1柜.Fa震正〇.主,宽偏,14,14,14,持主,,多长,11.1,35.8,13.3,53,
53,-30,23,5.11
2015/5/13,14.25,13.69,14.61,13.4,2.52,5.11,金E0上.盈,上,a甲↗上15.A15,升.尾吞vO,0橅.Fa震正〇.主,雀宽高,15,15,15,持主,,多长,8.5,34.6,8.5,46,
48,49,21,10.04
2015/5/14,15.68,14.25,15.68,14.25,10.04,10.04,金E0上.盈,上,a甲↗上16.A16,升.尾连OQ.Q2,0橅.Aa龙猪.主,a宽高,16,16,16,持主,,多长,11.8,35.1,11.8,51,
51,100,29,10.01
2015/5/15,17.25,17.23,17.25,16.57,10.01,10.01,金E0上.盈,上,a甲↗上17.A17,升.尾连QQ.Q3,0橅.Aa龙猪.主,a宽连3高,17,17,17,持主,,多长,16,37.2,16,59,
59,100,38,9.97
2015/5/18,18.97,18.97,18.97,18.97,9.97,9.97,金E0上.盈,上,a甲↗上18.A18,升.尾连QQ.Q4,0橅.Aa龙猪.主,a宽连4高,18,18,18,持主,,多长,18.8,40.3,18.8,66,
66,100,42,10.02
2015/5/19,20.87,20.87,20.87,17.61,10.02,10.02,金E0上.盈,上,a甲↗上19.A19,升.尾连QQ.Q5,0橅.Aa龙猪.主,a宽连5高,19,19,19,持主,,多长,20.6,44,20.6,73,
73,100,56,9.97
2015/5/20,22.42,20.53,22.95,19.29,7.43,9.97,金E0上.盈,上,a甲↗上20.A20,升.尾连QQ.Q6,0橅.Aa龙猪.主,a宽连6高,20,20,20,持主,,多长,22.5,47.2,22.5,80,
80,75,61,9.99
2015/5/21,24.66,22.23,24.66,21.26,9.99,9.99,金E0上.盈,上,a甲↗上21.A21,升.尾连QQ.Q7,0橅.Aa龙猪.主,a宽连7高,21,21,21,持主,,多长,21.1,50.5,21.1,82,
82,100,49,10.02
2015/5/22,27.13,26.98,27.13,25.93,10.02,10.02,金E0上.盈,上,a甲↗上22.A22,升.尾连QQ.Q8,0橅.Aa龙猪.主,a宽连8高,22,22,22,持主,,多长,22,53.8,22,87,
87,100,54,9.99
2015/5/25,29.84,29.67,29.84,28.35,9.99,9.99,金E0上.盈,上,a甲↗上23.A23,升.尾连QQ.Q9,0橅.Aa龙猪.主,a宽连9高,23,23,23,持主,,多长,22.6,57,22.6,92,
92,100,69,10.02
2015/5/26,32.83,32.83,32.83,32.83,10.02,10.02,金E0上.盈,上,a甲↗上24.A24,升.尾连QQ.Q10,0橅.Aa龙猪.主,a宽连10高,24,24,24,持主,,多长,23,60.1,23,96,
96,100,70,9.99
2015/5/27,36.11,36.11,36.11,36.11,9.99,9.99,金E0上.盈,上,a甲↗上25.A25,升.尾连QQ.Q11,0橅.Aa龙猪.主,a宽连11高,25,25,25,持主,,多长,23.2,62.8,23.2,100,
100,100,70,10.02
2015/5/28,32.5,39.73,39.73,32.5,-10,10.02,金E0上.盈,上,a甲↗上26.A26,(升)人.连后吞QV,1柜.Aa龙猪.主,a宽高,26,26,26,持主,,多长,29.8,60,29.8,107,
107,-100,53,10
2015/5/29,35.75,29.25,35.75,29.25,10,10,金E0上.盈,上,a甲↗上27.A27,(升)人.连后吞QVo,1柜.Aa龙猪.主,宽高,27,27,27,持主,,多长,11.6,57.8,24,95,
95,100,40,-0.87
2015/6/1,32.18,34.22,35.44,32.18,-9.99,-0.87,金E0上.盈,上,a甲↗上28.A28,(人)人.孕孕vo,1柜.Aa龙猪.主,宽偏,28,28,28,持主,,多长,9.4,52.5,22.7,87,
87,0,36,-4.29
2015/6/2,28.96,29.29,30.8,28.96,-10.01,-4.29,金E2上,上,b乙→中29.Y,跌.尾连vW.W2,5蛀.Fe震正根.主,,-1,29,29,持被,,多长,-2.8,44.6,25.3,81,
81,0,37,2.87
2015/6/3,27.52,26.3,29.79,26.1,-4.97,2.87,金E2上,上,b乙→中30.Z-2,跌.尾连WW.W3,5蛀.Fe震正根.主,,-2,30,30,持被,,多长,-2.7,36.7,29.8,77,
77,-173,52,-1.27
2015/6/4,24.77,26.59,27.17,24.77,-9.99,-1.27,金E1上.被,上,c丙↘下31.Z-3,跌.尾连WW.W4,5蛀.Fe震正根.破,,-3,31,31,持被,,多长,-6.6,28.3,22.9,57,
75,0,44,3.51
2015/6/5,25.08,24.93,25.64,23.95,1.25,3.51,金E1上.被,上,c丙↘下32.Z-4,跌.尾反孕Wo,9妩.Fe震正根.破,,-4,32,32,持被,,多长,-7.9,21.8,27.3,54,
73,36,48,-0.64
2015/6/8,22.78,24.92,24.92,22.57,-9.17,-0.64,金E3上.警,上,z丁↘忑-1.Z-5,跌.尾吞oV,9妩.Ff震负.破,,-5,33,33,持被,,多长,-5.8,15.4,16.5,34,
73,0,36,4.87
2015/6/9,23.26,22.75,23.89,21.76,2.11,4.87,金E3上.警,上,z丁↘忑-2.Z-6,跌.尾反孕oVo,9妩.Ff震负.破,,-6,34,34,持被,,多长,-6.1,10.8,17.1,29,
73,43,37,10.02
2015/6/10,25.59,22.73,25.59,22.46,10.02,10.02,金E3上.警.盈,上,z丁↘忑-3.Z-7,升.尾连oQ.Q2,7姗.Ff震负.破,高,-7,35,35,持被,,多长,1.4,9.3,7.7,17,
71,100,25,10
2015/6/11,28.15,24.44,28.15,24.44,10,10,金E3上.盈,上,r己↗忐-4.I,升.尾连QQ.Q3,4蛀.Df头负.再C,雀连3高,1,36,36,持主,,多长,8.9,10.5,8.9,20,
52,100,29,7.67
2015/6/12,26.31,29.13,30.31,25.92,-6.54,7.67,金E3上.盈,上,r己↗忐-5.B2,升.尾反孕Qv,4蛀.Df头负.再C,雀高,2,37,37,持主,,多长,16.2,10.4,16.2,28,
49,-85,39,-4.94
2015/6/15,23.68,25.01,25.01,23.68,-10,-4.94,金E3上.警,上,y戊↘忑-6.Y暂,跌.尾连vW.W2,5暂.Ff震负.破,,-1,38,38,持被,,多长,-2.3,8,18.4,27,
29,0,39,5.03
2015/6/16,24.02,22.45,24.87,21.66,1.44,5.03,金E3上.警.盈,上,y戊↘忑-7.Z-2暂,跌.尾反孕Wo,5暂.Ff震负.破,高,-2,39,39,持被,,多长,-1.1,5.9,20.6,27,
27,29,40,0.33
2015/6/17,23.69,23.51,24.1,22.24,-1.37,0.33,金E3上.警,上,y戊↘忑-8.Z-3暂,(跌)人.孕孕ov,5暂.Ff震负.破,,-3,40,40,持被,,多长,-2.5,4.1,22.6,27,
27,-412,40,0.42
2015/6/18,21.51,23.22,23.79,21.32,-9.2,0.42,金e5中.警,中,y戊↘忑-9.Z-4,跌.尾连vW.W2,9妩.__Aa龙猪._破,,-4,-1,41,卖浮,,多长,-0.5,1.1,26.8,,
,-2180,42,-2.28
2015/6/19,19.36,20.09,21.02,19.36,-10,-2.28,金e5中.警,中,y戊↘忑-10.Z-5,跌.尾连WW.W3,9妩.__Aa龙猪._初,,-5,-2,42,卖浮,,多长,-7.5,-2.9,10.1,,
,0,29,7.08
2015/6/23,20.68,18.99,20.73,18.04,6.82,7.08,金e5中.警,中,y戊↘忑-11.Z-6,(跌)人.连后吞WO,8姖.__Aa龙猪._初,,-6,-3,43,卖浮,,多长,-5.8,-5.1,13,,
,96,38,1.35
2015/6/24,20.47,20.87,20.96,19.8,-1.02,1.35,金e5中.警,中,y戊↘忑-12.Z-7,(跌)人.连后吞WOv,8姖.__Aa龙猪._初,,-7,-4,44,卖浮,,多长,-2.5,-6.5,12.1,,
,-75,34,0.05
2015/6/25,18.81,20.48,20.48,18.62,-8.11,0.05,金e5中.警,中,y戊↘忑-13.Z-8,跌.尾连vW.W2,8姖.__Aa龙猪._初,,-8,-5,45,卖浮,,多长,-1.5,-8.5,14.4,,
,-16600,32,-2.6
2015/6/26,16.93,18.32,18.32,16.93,-9.99,-2.6,金e6下.警,下,y戊↘忑-14.Z-9,跌.尾连WW.W3,8姖.__Aa龙猪._初,,-9,-6,46,卖浮,,多被,-7.4,-11.5,6.3,,
,0,24,2.01
2015/6/29,15.24,17.26,17.27,15.24,-9.98,2.01,金e6下.警,下,y戊↘忑-15.Z-10,跌.尾连WW.W4,9妩.__Aa龙猪._初,,-10,-7,47,卖浮,,多被,-6.9,-15.3,13,,
,-497,38,6.82
2015/6/30,15.98,14.42,16.28,13.71,4.86,6.82,金e6下.警,下,y戊↘忑-16.Z-11,跌.尾反孕Wo,9妩.__Aa龙猪._初,,-11,-8,48,卖浮,,多被,-8,-17.5,18.4,,
,71,53,3.13
2015/7/1,14.38,15.64,16.48,14.38,-10.01,3.13,金e6下.警,下,y戊↘忑-17.Z-12,跌.尾吞oV,9妩.__Aa龙猪._主,,-12,-9,49,卖浮,,多被,-1.8,-20,22.1,,
,-320,49,5.91
2015/7/2,13.69,13.93,15.23,13.2,-4.8,5.91,金v9下.警,下,y戊↘忑-18.Z-13,跌.尾连VW.W2,9妩.__Aa龙猪._主,,-13,-10,-1,NA,,空看,-4.1,-22.4,15.3,,
,-81,39,3.87
2015/7/3,12.46,13.09,14.22,12.32,-8.98,3.87,金v9下.警,下,y戊↘忑-19.Z-14,跌.尾连WW.W3,9妩.__Aa龙猪._主,,-14,-11,-2,NA,,空看,-4.7,-25,15.7,,
,-232,40,10.03
2015/7/6,12.23,13.71,13.71,11.32,-1.85,10.03,金v9下.警,下,y戊↘忑-20.Z-15,跌.尾连WW.W4,9妩.__Aa龙猪._主,,-15,-12,-3,NA,,空看,-2.8,-27.1,16.8,,
,-18,46,-3.11
2015/7/7,11,11.49,11.85,11,-10.06,-3.11,金v9下.警,下,y戊↘忑-21.Z-16,跌.尾连WW.W5,9妩.__Aa龙猪._主,,-16,-13,-4,NA,,空看,-10.5,-29.5,24.5,,
,0,50,-10
2015/7/8,9.9,9.9,9.9,9.9,-10,-10,嘘v9下.警,下,y戊↘忑-22.Z-17,跌.尾连WW.W6,9妩.__Aa龙猪._主,,-17,-14,-5,NA,,空看,-19.5,-32.2,23.8,,
,0,54,10.1
2015/7/13,10.9,10.9,10.9,10.9,10.1,10.1,嘘v9下.警,下,y戊↘忑-23.Z-18,(跌)人.连后吞WO,8姖.__Aa龙猪._主,,-18,-15,-6,NA,,空看,-7.5,-33.1,20.7,,
,100,44,10
2015/7/14,11.99,11.99,11.99,11.99,10,10,嘘v9下.警,下,y戊↘忑-24.Z-19,升.尾连OQ.Q2,7姗.__Bb龙管杂._主,,-19,-16,-7,NA,,空看,2.4,-31.7,17,,
,100,38,9.92
2015/7/15,12.27,13.18,13.18,12.03,2.34,9.92,嘘v1忑.警,忑,y戊↘忠-25.I,升.尾连QQ.Q3,4蛀.__Fe震正根._主,,1,-17,-8,NA,,空看,11.5,-29.6,11.5,,
,24,33,10.02
2015/7/16,13.07,11.12,13.5,11.12,6.52,10.02,嘘v1忑.警,忑,y戊↘忠-26.B2,升.尾连QQ.Q4,4蛀.__Fe震正根._主,,2,-18,-9,NA,,空看,11.4,-26.4,11.4,,
,65,36,10.02
2015/7/17,14.3,13.08,14.38,12.8,9.41,10.02,嘘v2忑,忑,r己↗忐-27.B3,升.尾连QQ.Q5,4蛀.__Fe震正根.储,,3,-19,-10,NA,,空看,13.5,-22.2,13.5,,
,94,32,4.9
2015/7/20,14.31,14.34,15,13.83,0.07,4.9,嘘e7忑,忑,r己↗忐-28.A4,升.尾连QQ.Q6,0橅.__Fe震正根.储,,4,-20,1,卖浮,,多被,14,-18.4,14,,
,1,35,7.97
2015/7/21,15.4,13.92,15.45,13.7,7.62,7.97,嘘e7忑,忑,r己↗忐-29.A5,升.尾连QQ.Q7,0橅.__Fe震正根.储,,5,-21,2,卖浮,,多被,12.2,-14.2,12.2,,
,96,39,1.1
2015/7/22,15.14,15.35,15.57,14.6,-1.69,1.1,嘘e7忑,忑,a甲↗上1.A6,升.尾反孕Qv,0橅.__Ff震负.储,,6,-22,3,卖浮,,多被,9.6,-11,9.6,,
,-153,40,9.31
2015/7/23,16.33,15.01,16.55,14.67,7.86,9.31,嘘e7忑,忑,a甲↗上2.A7,升.尾吞vO,0橅.__Ff震负.储,,7,-23,4,卖浮,,多被,12,-7.4,12,,
,84,29,4.1
2015/7/24,15.95,16.13,17,15.56,-2.33,4.1,金e7忑,忑,a甲↗上3.A8,升.尾反孕vOv,0橅.__Ff震负.储,,8,-24,5,卖浮,,多被,12.1,-5,12.1,,
,-57,24,1.44
2015/7/27,14.36,15.19,16.18,14.36,-9.97,1.44,金e7忑,忑,b乙→中4.Y,跌.尾连vW.W2,5蛀.__Ff震负._再C,,-1,-25,6,卖浮,,多被,7.4,-5.1,12.8,,
,-691,24,1.18
2015/7/28,12.94,13.34,14.53,12.92,-9.89,1.18,金v3忑.被,忑,c丙↘下5.Z-2,跌.尾连WW.W3,5蛀.__Df头负._再C,,-2,-26,-1,NA,,空看,-0.3,-7.2,16.6,,
,-835,32,9.97
2015/7/29,14.21,13.17,14.23,12.16,9.81,9.97,金v0忑.警,忑,z丁↘忑-1.Z-3,(跌)人.连后吞WO,5蛀.__Fa震正〇._再C,,-3,-27,-2,NA,,空看,-1.1,-7.7,18.2,,
,98,40,5.49
2015/7/30,14.02,13.93,14.99,13.69,-1.34,5.49,金v0忑.警,忑,z丁↘忑-2.Z-4,(跌)人.连后吞WOv,8姖.__Fa震正〇._再C,,-4,-28,-3,NA,,空看,5.1,-7.8,19.2,,
,-24,40,7.06
2015/7/31,14.4,13.69,15.01,13.53,2.71,7.06,金e7忑.警,忑,y戊↘忠-3.I,升.尾吞vO,4蛀.__Fe震正根._再C,,1,-29,1,卖浮,,多被,5.2,-7.2,13.4,,
,38,33,6.94
2015/8/3,15.29,14.32,15.4,13.34,6.18,6.94,金e7忑,忑,a甲↗上1.B2,升.尾连OQ.Q2,4蛀.__Ff震负.储,,2,-30,2,卖浮,,多被,6.3,-5.6,6.3,,
,89,27,5.82
2015/8/4,16.13,15.33,16.18,14.76,5.49,5.82,金e8忠.盈,忠,a甲↗上2.B3,升.尾连QQ.Q3,4蛀.Dd头正芽.储,雀连3高,3,1,3,持主,,多被,8.5,-3,8.5,5,
10,94,33,6.01
2015/8/5,16.52,15.64,17.1,15.4,2.42,6.01,金E9忐.盈,忐,a甲↗上3.A4,升.尾连QQ.Q4,0橅.Aa龙猪.储,a连4高,4,2,4,持主,,多长,11.3,-0.5,11.3,10,
10,40,28,-1.51
2015/8/6,15.27,15.84,16.27,15.01,-7.57,-1.51,金e8忠,忠,a甲↗上4.A5,(升)人.连后吞QV,1柜.Aa龙猪.储,,5,3,5,持主,,多被,5.4,-0.1,10.8,10,
10,0,28,3.41
2015/8/7,15.48,15.15,15.79,15.15,1.38,3.41,金e8忠,忠,a甲↗上5.A6,(升)人.连后吞QVo,1柜.Aa龙猪.初,,6,4,6,持主,,多被,2.1,0.1,10.6,10,
10,40,28,6.33
2015/8/10,16.2,15.44,16.46,15.33,4.65,6.33,金e8忠.盈,忠,a甲↗上6.A7,升.尾连oQ.Q2,1柜.Fa震正〇.初,高,7,5,7,持主,,多被,5.3,0.9,9.4,10,
10,73,16,1.48
2015/8/11,15.95,16.25,16.44,15.77,-1.54,1.48,金e8忠,忠,a甲↗上7.A8,升.尾反孕Qv,1柜.Fa震正〇.初,,8,6,8,持主,,多被,4.4,1.4,8.6,10,
10,-104,14,-0.82
2015/8/12,15.05,15.54,15.82,14.93,-5.64,-0.82,金e7忑,忑,b乙→中8.Y,跌.尾连vW.W2,5蛀.__Ff震负._再D,,-1,-1,9,卖浮,,多被,1.3,0.6,5.4,,
,0,10,1.93
2015/8/13,15.29,14.96,15.34,14.77,1.59,1.93,金e7忑.被,忑,c丙↘下9.Z-2,跌.尾反孕Wo,5蛀.__Df头负._再D,,-2,-2,10,卖浮,,多被,-1.1,0.1,6.1,,
,83,11,6.28
2015/8/14,15.99,15.44,16.25,15.17,4.58,6.28,金e8忠.盈,忠,b乙↗上10.I暂,升.尾连oQ.Q2,4暂.Dd头正芽.初,高,1,1,11,持主,,多被,4.2,0.5,5.5,6,
10,73,11,-0.63
2015/8/17,15.48,15.89,15.89,15.24,-3.19,-0.63,金e8忠,忠,b乙→中11.Y暂,升.尾反孕Qv,5暂.De头正根.初,,-1,2,12,持被,,多被,1.9,0.4,5.5,5,
10,0,11,2.58
2015/8/18,13.93,15.26,15.88,13.93,-10.01,2.58,金e7忑.警,忑,z丁↘忑-1.Z-2暂,跌.尾连vW.W2,5暂.__Aa龙猪._再D,,-2,-1,13,卖浮,,多被,4.3,-1.5,6.8,,
,-387,17,2.15
2015/8/19,14.19,13.37,14.23,12.58,1.87,2.15,金v0忑.警,忑,z丁↘忑-2.Z-3暂,跌.尾反孕Wo,5暂.__Aa龙猪._再D,,-3,-2,-1,NA,,空看,-4.5,-2.9,9,,
,87,29,10.01
2015/8/20,15.61,15.01,15.61,14.71,10.01,10.01,金e7忑,忑,r己↗忐-3.I暂,升.尾连oQ.Q2,4暂.__Fe震正根.储,,1,-3,1,卖浮,,多被,4.1,-2.3,8.4,,
,100,29,9.29
2015/8/21,16.01,15.7,17.06,15.49,2.56,9.29,金e8忠.盈,忠,a甲↗上1.B2暂,升.尾连QQ.Q3,4暂.Aa龙猪.储,a连3高,2,1,2,持主,,多被,11.9,-0.9,11.9,10,
10,28,36,-5.93
2015/8/24,14.41,14.41,15.06,14.41,-9.99,-5.93,金e7忑.警,忑,z丁↘忑-1.Y暂,(升)人.连后吞QV,5暂.__Fa震正〇._再D,,-1,-1,3,卖浮,,多被,-0.3,-1.5,12.9,,
,0,36,-3.33
2015/8/25,12.97,12.97,13.93,12.97,-9.99,-3.33,金v0忑.警,忑,z丁↘忑-2.Z-2暂,跌.尾连VW.W2,5暂.__Fa震正〇._再D,,-2,-2,-1,NA,,空看,-4.6,-4,16.8,,
,0,36,6.17
2015/8/26,11.94,12.9,13.77,11.74,-7.94,6.17,金v0忑.警,忑,z丁↘忑-3.Z-3暂,跌.尾连WW.W3,5暂.__Aa龙猪._再D,,-3,-3,-2,NA,,空看,-0.9,-7.4,22.7,,
,-129,45,6.7
2015/8/27,11.76,12.15,12.74,10.75,-1.51,6.7,金v0忑.警,忑,z丁↘忑-4.Z-4,跌.尾连WW.W4,9妩.__Aa龙猪._再D,,-4,-4,-3,NA,,空看,-4,-10.2,28.6,,
,-22,59,8.93
2015/8/28,12.77,12.02,12.81,11.76,8.59,8.93,嘘v0忑.警,忑,z丁↘忑-5.Z-5,(跌)人.连后吞WO,8姖.__Aa龙猪._主,,-5,-5,-4,NA,,空看,-1.6,-10.9,15.7,,
,96,40,-0.94
2015/8/31,11.5,12.47,12.65,11.5,-9.95,-0.94,嘘v0忑.警,忑,z丁↘忑-6.Z-6,(人)人.吞吞* OV,8姖.__Aa龙猪._主,,-6,-6,-5,NA,,空看,0.2,-12.4,10.3,,
,0,30,-2.26
2015/9/1,10.35,11.24,11.24,10.35,-10,-2.26,嘘v0忑.警,忑,z丁↘忑-7.Z-7,跌.尾连VW.W2,8姖.__Aa龙猪._主,,-7,-7,-6,NA,,空看,-6.6,-14.9,14.4,,
,0,33,3.86
2015/9/2,9.6,9.78,10.75,9.45,-7.25,3.86,尿v0忑.警,忑,z丁↘忑-8.Z-8,跌.尾连WW.W3,8姖.__Aa龙猪._主,,-8,-8,-7,NA,,空看,-5.4,-17.9,12.8,,
,-187,36,7.81
2015/9/7,10.12,9.96,10.35,9.92,5.42,7.81,尿v0忑.警,忑,z丁↘忑-9.Z-9,(跌)人.连后吞WO,8姖.__Aa龙猪._主,,-9,-9,-8,NA,,空看,-5.3,-19.4,17.1,,
,69,36,9.49
2015/9/8,11.02,9.93,11.08,9.93,8.89,9.49,尿v0忑.警,忑,z丁↘忑-10.Z-10,升.尾连OQ.Q2,7姗.__Bb龙管杂._主,,-10,-10,-9,NA,,空看,2,-18.7,16.5,,
,94,34,6.35
2015/9/9,11.58,11.22,11.72,11.05,5.08,6.35,尿v1忑.警,忑,y戊↘忠-11.I,升.尾连QQ.Q3,4蛀.__Fe震正根._主,,1,-11,-10,NA,,空看,6.5,-16.6,6.5,,
,80,24,3.2
2015/9/10,11.52,11.25,11.95,11.15,-0.52,3.2,尿v1忑.警,忑,y戊↘忠-12.B2,升.尾反孕Qv,4蛀.__Fe震正根._主,,2,-12,-11,NA,,空看,7.2,-14.7,7.2,,
,-16,26,1.3
2015/9/11,11.49,11.4,11.67,11.3,-0.26,1.3,嘘v1忑.警,忑,y戊↘忠-13.B3,跌.尾连vW.W2,4蛀.__Fe震正根._主,,3,-13,-12,NA,,空看,3.7,-13.1,6.2,,
,-20,20,5.05
2015/9/14,10.34,11.95,12.07,10.34,-10.01,5.05,嘘v0忑.警,忑,y戊↘忑-14.Y暂,跌.尾连WW.W3,5暂.__Fa震正〇._主,,-1,-14,-13,NA,,空看,9,-13.4,9,,
,-198,22,2.32
2015/9/15,9.52,9.94,10.58,9.31,-7.93,2.32,嘘v0忑.警,忑,y戊↘忑-15.Z-2暂,跌.尾连WW.W4,5暂.__Aa龙猪._主,,-2,-15,-14,NA,,空看,-1,-15,12.9,,
,-342,30,9.98
2015/9/16,10.47,9.72,10.47,9.69,9.98,9.98,嘘v0忑.警,忑,y戊↘忑-16.Z-3暂,(跌)人.连后吞WO,5暂.__Aa龙猪._主,,-3,-16,-15,NA,,空看,-0.8,-14.9,14.3,,
,100,30,10.03
2015/9/17,11.52,10.78,11.52,10.56,10.03,10.03,嘘v1忑.警,忑,y戊↘忠-17.I暂,升.尾连OQ.Q2,4暂.__Be龙管根._主,,1,-17,-16,NA,,空看,7.3,-12.7,12.4,,
,100,30,5.12
2015/9/18,12.07,11.67,12.11,11.15,4.77,5.12,嘘v2忑,忑,r己↗忐-18.B2暂,升.尾连QQ.Q3,4暂.__Fe震正根.储,,2,-18,-17,NA,,空看,9.3,-9.7,9.3,,
,93,30,10.11
2015/9/21,13.29,12.25,13.29,12.02,10.11,10.11,嘘V5忠.盈,忠,a甲↗上1.B3暂,升.尾连QQ.Q4,4暂.Aa龙猪.储,a连4高,3,1,-18,NA,,空看,14.1,-5.4,14.1,8,
8,100,43,1.66
2015/9/22,12.7,12.89,13.51,12.51,-4.44,1.66,嘘V5忠.盈,忠,a甲↗上2.A4,升.尾反孕Qv,0橅.Aa龙猪.储,a偏,4,2,-19,NA,,空看,12.5,-2.7,12.5,9,
9,-268,39,10
2015/9/23,13.97,12.08,13.97,12.02,10,10,嘘V5忠.盈,忠,a甲↗上3.A5,升.尾吞vO,0橅.Aa龙猪.初,a高,5,3,-20,NA,,空看,11.6,0.8,11.6,12,
12,100,32,8.45
2015/9/24,14.66,13.93,15.15,13.7,4.94,8.45,嘘E9忐.盈,忐,a甲↗上4.A6,升.尾连OQ.Q2,0橅.Aa龙猪.初,a高,6,4,1,持主,,多长,15.5,4.4,15.5,20,
20,58,36,-1.3
2015/9/25,13.2,14.21,14.47,13.2,-9.96,-1.3,嘘V5忠.盈,忠,a甲↗上5.A7,(升)人.连后吞QV,1柜.Aa龙猪.初,偏,7,5,-1,NA,,空看,9.1,4.9,14.2,19,
19,0,26,3.64
2015/9/28,13.4,12.93,13.68,12.71,1.52,3.64,嘘V5忠,忠,a甲↗上6.A8,(升)人.连后吞QVo,1柜.Aa龙猪.初,,8,6,-2,NA,,空看,2.6,5,13.7,19,
19,42,26,-0.07
2015/9/29,12.76,13.05,13.39,12.7,-4.78,-0.07,嘘V5忠,忠,b乙→中7.Y,跌.尾吞oV,5蛀.Fe震正根.初,,-1,7,-3,NA,,空看,1.3,3.9,14.6,19,
19,0,26,3.84
2015/9/30,12.81,12.79,13.25,12.74,0.39,3.84,嘘V5忠,忠,b乙→中8.Z-2,跌.尾反孕oVo,5蛀.Fe震正根.初,,-2,8,-4,NA,,空看,1.1,2.9,15.6,19,
19,10,19,9.99
2015/10/8,13.87,13.49,14.09,13,8.27,9.99,嘘V5忠.盈,忠,b乙↗上9.I暂,升.尾连oQ.Q2,4暂.Fd震正芽.初,高,1,9,-5,NA,,空看,6.4,3.6,9.2,13,
18,83,14,1.8
2015/10/9,13.67,13.84,14.12,13.49,-1.44,1.8,嘘e8忠.盈,忠,b乙↗上10.B2暂,升.尾反孕Qv,4暂.Fd震正芽.初,雀,2,10,1,持主,,多被,5.6,4,5.6,9,
17,-80,11,7.17
2015/10/12,14.47,13.86,14.65,13.76,5.85,7.17,嘘E9忐.盈,忐,b乙↗上11.B3暂,升.尾吞vO,4暂.Fd震正芽.初,雀高,3,11,2,持主,,多长,7.4,5.4,7.4,13,
16,82,15,2.56
2015/10/13,14.79,14.37,14.84,14.08,2.21,2.56,嘘E9忐.盈,忐,b乙↗上12.A4,升.尾连OQ.Q2,0橅.Fd震正芽.主,雀偏,4,12,3,持主,,多长,6.3,6.8,6.3,13,
15,86,16,0.2
2015/10/14,14.1,14.57,14.82,14.08,-4.67,0.2,嘘E9忐,忐,b乙↗上13.A5,(升)人.连后吞QV,1柜.Fd震正芽.主,,5,13,4,持主,,多长,5.4,6.8,5.5,12,
15,-2300,14,5.67
2015/10/15,14.67,14.14,14.9,13.94,4.04,5.67,嘘E9忐.盈,忐,b乙↗上14.A6,(人)人.吞吞* VO,1柜.Aa龙猪.主,a高,6,14,5,持主,,多长,4.8,7.2,4.8,12,
12,71,10,5.86
2015/10/16,15.32,14.79,15.53,14.42,4.43,5.86,金E9忐.盈,忐,b乙↗上15.A7,升.尾连OQ.Q2,1柜.Aa龙猪.主,a高,7,15,6,持主,,多长,7.1,8.2,7.1,15,
15,76,13,5.29
2015/10/19,15.63,15.4,16.13,15.07,2.02,5.29,金E9忐.盈,忐,b乙↗上16.A8,升.尾连QQ.Q3,1柜.Aa龙猪.主,a连3高,8,16,7,持主,,多长,8.9,9.3,8.9,19,
19,38,16,1.09
2015/10/20,15.66,15.64,15.8,15.07,0.19,1.09,金E9忐.盈,忐,b乙↗上17.A9,升.尾连QQ.Q4,0橅.Aa龙猪.主,连4,9,17,8,持主,,多长,4.8,10,7,17,
17,18,16,0.06
2015/10/21,14.1,15.66,15.67,14.1,-9.96,0.06,金E9忐,忐,b乙→中18.Y,(升)人.连后吞QV,5蛀.Be龙管根.主,,-1,18,9,持被,,多长,5.1,8.3,8.2,17,
17,-15600,16,2.91
2015/10/22,14.38,13.73,14.51,13.57,1.99,2.91,金E9忐,忐,b乙→中19.Z-2,(升)人.连后吞QVo,5蛀.Fe震正根.主,,-2,19,10,持被,,多长,-1.7,6.8,9.3,16,
16,68,19,3.2
2015/10/23,14.68,14.49,14.84,14.13,2.09,3.2,金E9忐,忐,b乙→中20.Z-3,升.尾连oQ.Q2,5蛀.Fe震正根.主,,-3,20,11,持被,,多长,0.9,6,9.7,16,
16,65,19,5.65
2015/10/26,15.15,15.03,15.51,14.67,3.2,5.65,金E9忐.盈,忐,b乙↗上21.I暂,升.尾连QQ.Q3,4暂.Fd震正芽.主,连3高,1,21,12,持主,,多长,4.8,6,6.8,13,
15,57,16,3.83
2015/10/27,15.65,15.18,15.73,14.37,3.3,3.83,金E0上.盈,上,b乙↗上22.B2暂,升.尾连QQ.Q4,4暂.Fd震正芽.主,雀连4,2,22,13,持主,,多长,4.8,6.7,4.8,11,
14,86,16,3
2015/10/28,15.12,15.75,16.12,15.04,-3.39,3,金E0上.盈,上,b乙↗上23.B3暂,(升)人.连后吞QV,4暂.Fd震正芽.主,雀偏,3,23,14,持主,,多长,6.9,6.6,6.9,13,
14,-113,19,1.92
2015/10/29,15.15,15.17,15.41,14.85,0.2,1.92,金E0上,上,b乙↗上24.A4,(升)人.连后吞QVo,1柜.Fd震正芽.主,,4,24,15,持主,,多长,2,6.2,6.7,13,
13,10,14,0.26
2015/10/30,14.79,15.1,15.19,14.55,-2.38,0.26,金E2上,上,b乙→中25.Y,跌.尾吞oV,5蛀.Fe震正根.主,,-1,25,16,持被,,多长,1,5.4,7.1,12,
12,-900,12,8.25
2015/11/2,15.1,14.47,16.01,14.19,2.1,8.25,金E2上.盈,上,b乙→中26.Z-2,(跌)人.吞吞oVO,5蛀.Fe震正根.主,高,-2,26,17,持被,,多长,6.4,5,7.2,12,
12,25,14,10.07
2015/11/3,16.62,15.45,16.62,15.15,10.07,10.07,金E0上.盈,上,b乙↗上27.I暂,升.尾连OQ.Q2,4暂.Aa龙猪.主,a高,1,27,18,持主,,多长,8,6.4,8,14,
14,100,17,9.39
2015/11/4,17.83,17.4,18.18,17.11,7.28,9.39,金E0上.盈,上,b乙↗上28.B2暂,升.尾连QQ.Q3,4暂.Aa龙猪.主,a宽连3高,2,28,19,持主,,多长,13.5,9.1,13.5,23,
23,78,28,9.98
2015/11/5,19.61,17.48,19.61,17.35,9.98,9.98,金E0上.盈,上,b乙↗上29.B3暂,升.尾连QQ.Q4,4暂.Aa龙猪.主,a宽连4高,3,29,20,持主,,多长,15.7,13.2,15.7,30,
30,100,38,9.69
2015/11/6,20.79,19.82,21.51,19.14,6.02,9.69,金E0上.盈,上,b乙↗上30.A4,升.尾连QQ.Q5,0橅.Aa龙猪.主,a宽连5高,4,30,21,持主,,多长,19.4,17.3,19.4,40,
40,62,52,6.11
2015/11/9,21.34,20.04,22.06,19.56,2.65,6.11,金E0上.盈,上,b乙↗上31.A5,升.尾连QQ.Q6,0橅.Aa龙猪.主,a宽连6高,5,31,22,持主,,多长,16.2,20.4,16.2,39,
39,43,46,1.69
2015/11/10,20.76,20.81,21.7,20.41,-2.72,1.69,金E0上.盈,上,b乙↗上32.A6,升.尾反孕Qv,0橅.Aa龙猪.主,宽偏,6,32,23,持主,,多长,10.7,21.4,12.6,36,
36,-161,29,5.97
2015/11/11,21.56,20.47,22,20.33,3.85,5.97,金E0上.盈,上,b乙↗上33.A7,升.尾吞vO,0橅.Aa龙猪.主,宽高,7,33,24,持主,,多长,9.1,22,9.4,33,
33,65,27,10.02
2015/11/12,23.45,21.31,23.72,21.27,8.77,10.02,金E0上.盈,上,b乙↗上34.A8,升.尾连OQ.Q2,0橅.Aa龙猪.主,a宽高,8,34,25,持主,,多长,12.8,23.8,12.8,39,
39,88,24,3.41
2015/11/13,21.35,22.9,24.25,21.26,-8.96,3.41,金E0上.盈,上,b乙↗上35.A9,升.尾反孕Qv,0橅.Aa龙猪.主,a宽偏,9,35,26,持主,,多长,13.9,22.7,13.9,39,
39,-262,24,0.05
2015/11/16,21.01,20.37,21.36,19.67,-1.59,0.05,金E2上.盈,上,b乙→中36.Y,跌.尾连vW.W2,5蛀.Be龙管根.主,宽,-1,36,27,持被,,多长,0.4,20.7,13.9,37,
37,-3400,23,4.66
2015/11/17,20.43,21.41,21.99,20.34,-2.76,4.66,金E2上,上,b乙→中37.Z-2,跌.尾连WW.W3,5蛀.Be龙管根.主,,-2,37,28,持被,,多长,4.2,18.1,15,35,
35,-59,23,1.91
2015/11/18,19.97,20.16,20.82,19.88,-2.25,1.91,金E2上,上,b乙→中38.Z-3,跌.尾连WW.W4,5蛀.Fe震正根.主,,-3,38,29,持被,,多长,0.1,15.3,16.6,34,
34,-118,23,5.91
2015/11/19,20.99,19.98,21.15,19.98,5.11,5.91,金E2上.盈,上,b乙→中39.Z-4,(跌)人.连后吞WO,8姖.Fe震正根.主,高,-4,39,30,持被,,多长,1.8,13.9,16.7,32,
32,86,23,2.57
2015/11/20,20.99,21.09,21.53,20.55,0,2.57,金E0上,上,b乙↗上40.I,升.尾连OQ.Q2,4蛀.Fd震正芽.主,,1,40,31,持主,,多长,3.4,12.9,5.6,19,
31,0,12,1.52
2015/11/23,20.56,20.76,21.31,20.42,-2.05,1.52,金E2上,上,b乙→中41.Y暂,(升)人.连后吞QV,5暂.Fe震正根.主,,-1,41,32,持被,,多长,2.6,11.7,5.9,18,
30,-134,11,8.66
2015/11/24,22.04,20.58,22.34,20.21,7.2,8.66,金E0上.盈,上,b乙↗上42.I暂,(人)人.吞吞* VO,4暂.Fd震正芽.主,雀高,1,42,33,持主,,多长,6.2,11.8,6.2,18,
28,83,12,0.59
2015/11/25,21.78,21.9,22.17,21.32,-1.18,0.59,金E0上,上,b乙↗上43.B2暂,(人)人.吞吞* VO,4暂.Fd震正芽.主,,2,43,34,持主,,多长,4.2,11.7,5,17,
27,-200,12,2.71
2015/11/26,21.69,21.78,22.37,21.65,-0.41,2.71,金E0上.盈,上,b乙↗上44.B3暂,跌.尾连vW.W2,4暂.Fd震正芽.主,雀,3,44,35,持主,,多长,4.5,11.3,4.5,16,
26,-15,11,-0.92
2015/11/27,20.39,21,21.49,19.63,-5.99,-0.92,金E2上,上,b乙→中45.Y暂,跌.尾连WW.W3,5暂.Fe震正根.主,,-1,45,36,持被,,多长,1.3,9.6,5.4,15,
15,0,14,3.83
2015/11/30,21.15,20.07,21.17,18.77,3.73,3.83,金E2上,上,b乙→中46.Z-2暂,(跌)人.连后吞WO,5暂.Fe震正根.主,,-2,46,37,持被,,多长,0.1,8.6,5.7,14,
14,97,19,4.02
2015/12/1,21.14,21.08,22,20.54,-0.05,4.02,金E2上,上,b乙→中47.Z-3暂,(跌)人.连后吞WOv,5暂.Fe震正根.主,,-3,47,38,持被,,多长,4.1,7.9,5.8,14,
14,-1,19,-0.85
2015/12/2,20.31,20.96,20.96,19.56,-3.93,-0.85,金E1上.被,上,c丙↘下48.Z-4,跌.尾连vW.W2,8姖.Fe震正根.破,,-4,48,39,持被,,多长,0,6.5,6.8,13,
13,0,19,3.3
2015/12/3,20.74,20.31,20.98,20.31,2.12,3.3,金E1上.被,上,c丙↘下49.Z-5,跌.尾反孕Wo,8姖.Fe震正根.破,,-5,49,40,持被,,多长,0.6,5.7,5.4,11,
13,64,17,9.35
2015/12/4,22.15,20.78,22.68,20.52,6.8,9.35,金E0上.盈,上,b乙↗上50.I,升.尾连oQ.Q2,4蛀.Aa龙猪.再B,a高,1,50,41,持主,,多长,7.3,6.3,7.3,14,
14,73,21,2.35
2015/12/7,22.35,21.93,22.67,21.51,0.9,2.35,金E0上.盈,上,b乙↗上51.B2,升.尾连QQ.Q3,4蛀.Aa龙猪.再B,连3,2,51,42,持主,,多长,5.6,7,5.7,13,
13,38,16,0.45
2015/12/8,21.28,22.45,22.45,21.21,-4.79,0.45,金E0上,上,b乙↗上52.B3,(升)人.连后吞QV,4蛀.Aa龙猪.再B,,3,52,43,持主,,多长,4.5,6.6,5.5,12,
12,-1070,16,-1.22
2015/12/9,20.65,20.98,21.02,20.33,-2.96,-1.22,金E1上.被,上,c丙↘下53.Y暂,跌.尾连VW.W2,5暂.Fe震正根.破,,-1,53,44,持被,,多长,-1.4,5.4,6.4,12,
12,0,12,1.79
2015/12/10,20.21,20.75,21.02,20.14,-2.13,1.79,金E3上.警,上,z丁↘忑-1.Z-2暂,跌.尾连WW.W3,5暂.Ff震负.破,,-2,54,45,持被,,多长,0,3.9,7.9,12,
12,-119,13,-0.84
2015/12/11,19.66,20.04,20.04,19.41,-2.72,-0.84,金e5中.警,中,z丁↘忑-2.Z-3暂,跌.尾连WW.W4,5暂.__Fa震正〇._破,,-3,-1,46,卖浮,,多长,-3,2.2,9.7,,
,0,17,3.41
2015/12/14,20.11,19.19,20.33,19.19,2.29,3.41,金e5中.警,中,z丁↘忑-3.Z-4,(跌)人.连后吞WO,8姖.__Aa龙猪._破,,-4,-2,47,卖浮,,多长,-0.6,1.3,9.7,,
,67,17,3.03
2015/12/15,20.27,20.06,20.72,20.06,0.8,3.03,金e5中.警,中,z丁↘忑-4.Z-5,升.尾连OQ.Q2,7姗.__Bb龙管杂._破,,-5,-3,48,卖浮,,多长,1.7,0.8,3.2,,
,26,10,2.12
2015/12/16,20.24,20.58,20.7,20.14,-0.15,2.12,金E3上.警,上,z丁↘忑-5.Z-6,升.尾反孕Qv,7姗.Ff震负.破,,-6,1,49,持被,,多长,1.9,0.6,3.4,4,
12,-7,10,6.27
2015/12/17,21.4,20.25,21.51,20.25,5.73,6.27,金E3上.盈,上,r己↗忐-6.I,升.尾吞vO,4蛀.Df头负.再C,雀高,1,2,50,持主,,多长,4.7,1.4,4.7,6,
11,91,12,4.16
2015/12/18,21.43,21.42,22.29,21.17,0.14,4.16,金E0上.盈,上,a甲↗上1.B2,升.尾连OQ.Q2,4蛀.Dd头正芽.再C,雀偏,2,3,51,持主,,多长,7.2,2.2,7.2,9,
11,3,16,2.57
2015/12/21,21.21,21.6,21.98,21.03,-1.03,2.57,金E0上,上,a甲↗上2.B3,(升)人.连后吞QV,4蛀.Dd头正芽.再C,,3,4,52,持主,,多长,5,2.6,6.4,9,
10,-40,11,0.99
2015/12/22,21.07,21.2,21.42,20.65,-0.66,0.99,金E0上,上,a甲↗上3.A4,跌.尾连VW.W2,2栅.Dd头正芽.再C,,4,5,53,持主,,多长,2,2.7,6.1,8,
8,-67,11,2.04
2015/12/23,21.17,21.19,21.5,20.85,0.47,2.04,金E0上,上,a甲↗上4.A5,跌.尾反孕Wo,2栅.Dd头正芽.再C,,5,6,54,持主,,多长,2.1,2.6,5.9,8,
8,23,10,7.75
2015/12/24,22.3,20.92,22.81,20.85,5.34,7.75,金E0上.盈,上,a甲↗上5.A6,升.尾连oQ.Q2,2栅.Bc龙管栅.主,a高,6,7,55,持主,,多长,6.9,3.5,6.9,10,
10,69,10,3.45
2015/12/25,21.92,22.39,23.07,21.61,-1.7,3.45,金E0上.盈,上,a甲↗上6.A7,升.尾反孕Qv,2栅.Bc龙管栅.主,a偏,7,8,56,持主,,多长,7.1,4,7.1,11,
11,-49,12,1.55
2015/12/28,21.34,21.92,22.26,21.27,-2.65,1.55,金E2上,上,b乙→中7.Y,跌.尾连vW.W2,5蛀.Be龙管根.主,,-1,9,57,持被,,多长,3.4,3.7,7.1,11,
11,-171,12,-0.14
2015/12/29,21.21,21.12,21.31,20.54,-0.61,-0.14,金E2上,上,b乙→中8.Z-2,跌.尾连WW.W3,5蛀.Be龙管根.主,,-2,10,58,持被,,多长,-0.7,3.1,7.5,10,
10,0,12,0.47
2015/12/30,21.19,21.1,21.31,20.77,-0.09,0.47,金E1上.被,上,c丙↘下9.Z-3,跌.尾连WW.W4,5蛀.Fe震正根.破,,-3,11,59,持被,,多长,-0.4,2.6,7.9,10,
10,-20,12,0.99
2015/12/31,20.12,21.2,21.4,20.04,-5.05,0.99,金e5中.警,中,z丁↘忑-1.Z-4,跌.尾连WW.W5,9妩.__Aa龙猪._破,,-4,-1,60,卖浮,,多长,1.5,1.3,9.4,,
,-510,15,-0.4
2016/1/4,18.19,19.8,20.04,18.18,-9.59,-0.4,金e6下.警,下,z丁↘忑-2.Z-5,跌.尾连WW.W6,9妩.__Aa龙猪._初,,-5,-2,61,卖浮,,多被,-1.7,-1.5,9.2,,
,0,22,-0.82
2016/1/5,17.27,16.99,18.04,16.45,-5.06,-0.82,金e6下.警,下,z丁↘忑-3.Z-6,跌.尾连WW.W7,9妩.__Aa龙猪._初,,-6,-3,62,卖浮,,多被,-7.6,-4.6,9.6,,
,0,30,3.01
2016/1/6,17.72,17.5,17.79,17.02,2.61,3.01,金e6下.警,下,z丁↘忑-4.Z-7,(跌)人.连后吞WO,8姖.__Aa龙猪._初,,-7,-4,63,卖浮,,多被,-6.1,-6.6,13,,
,87,30,-0.96
2016/1/7,15.99,17.26,17.55,15.95,-9.76,-0.96,金v9下.警,下,z丁↘忑-5.Z-8,(人)人.吞吞* OV,8姖.__Aa龙猪._初,,-8,-5,-1,NA,,空看,-3.3,-9.2,17.9,,
,0,34,5.07
2016/1/8,15.81,16.59,16.8,14.61,-1.13,5.07,金v9下.警,下,z丁↘忑-6.Z-9,跌.尾连VW.W2,8姖.__Aa龙猪._初,,-9,-6,-2,NA,,空看,-3.8,-11.4,14.8,,
,-22,37,-1.39
2016/1/11,14.22,15.54,15.59,14.22,-10.06,-1.39,金v9下.警,下,z丁↘忑-7.Z-10,跌.尾连WW.W3,8姖.__Aa龙猪._主,,-10,-7,-3,NA,,空看,-6,-14.3,8.8,,
,0,27,1.62
2016/1/12,14.12,13.69,14.45,13.55,-0.7,1.62,金v9下.警,下,z丁↘忑-8.Z-11,跌.尾连WW.W4,9妩.__Aa龙猪._主,,-11,-8,-4,NA,,空看,-8.8,-16.5,12.3,,
,-43,31,2.41
2016/1/13,13.34,14.35,14.46,13.23,-5.52,2.41,金v0忑.警,忑,z丁↘忑-9.Z-12,跌.尾连WW.W5,9妩.__Aa龙猪._主,,-12,-9,-5,NA,,空看,-4.4,-18.6,16.1,,
,-229,33,9.75
2016/1/14,14.61,12.9,14.64,12.72,9.52,9.75,金v0忑.警,忑,z丁↘忑-10.Z-13,(跌)人.连后吞WO,8姖.__Aa龙猪._主,,-13,-10,-6,NA,,空看,-1.4,-18.7,13.2,,
,98,32,3.22
2016/1/15,14.51,14.44,15.08,14.19,-0.68,3.22,嘘v0忑.警,忑,z丁↘忑-11.Z-14,(跌)人.连后吞WOv,8姖.__Aa龙猪._主,,-14,-11,-7,NA,,空看,2.5,-18.2,6,,
,-21,23,3.65
2016/1/18,14.67,13.88,15.04,13.74,1.1,3.65,嘘v0忑.警,忑,z丁↘忑-12.Z-15,升.尾吞vO,6娝.__Bc龙管栅._主,,-15,-12,-8,NA,,空看,2.5,-17.3,2.8,,
,30,19,4.43
2016/1/19,15.22,14.64,15.32,14.48,3.75,4.43,嘘v1忑.警,忑,y戊↘忠-13.I,升.尾连OQ.Q2,4蛀.__Fe震正根._主,,1,-13,-9,NA,,空看,3.6,-15.7,3.6,,
,85,20,0
2016/1/20,14.75,14.97,15.22,14.66,-3.09,0,嘘v1忑.警,忑,y戊↘忠-14.B2,升.尾反孕Qv,4蛀.__Fe震正根._主,,2,-14,-10,NA,,空看,2.8,-14.6,3.5,,
,0,20,0.68
2016/1/21,13.79,14.48,14.85,13.77,-6.51,0.68,嘘v0忑.警,忑,y戊↘忑-15.Y暂,跌.尾连vW.W2,5暂.__Fa震正〇._主,,-1,-15,-11,NA,,空看,1.8,-14.7,5.1,,
,-960,11,3.41
2016/1/22,13.98,14.07,14.26,13.48,1.38,3.41,嘘v0忑.警,忑,y戊↘忑-16.Z-2暂,跌.尾反孕Wo,5暂.__Fa震正〇._主,,-2,-16,-12,NA,,空看,-1,-14.6,6.4,,
,40,14,3.29
2016/1/25,14.22,14.11,14.44,14.03,1.72,3.29,嘘v0忑.警,忑,y戊↘忑-17.Z-3暂,升.尾连oQ.Q2,5暂.__Fa震正〇._主,,-3,-17,-13,NA,,空看,0.9,-14.1,7,,
,52,14,-1.27
2016/1/26,12.81,14.04,14.04,12.81,-9.92,-1.27,嘘v0忑.警,忑,y戊↘忑-18.Z-4,(升)人.连后吞QV,7姗.__Fa震正〇._主,,-4,-18,-14,NA,,空看,0.5,-14.9,9,,
,0,19,3.43
2016/1/27,12.68,12.87,13.25,11.74,-1.01,3.43,嘘v0忑.警,忑,y戊↘忑-19.Z-5,跌.尾连VW.W2,7姗.__Bb龙管杂._主,,-5,-19,-15,NA,,空看,-2.6,-15.8,9.2,,
,-30,26,-0.16
2016/1/28,11.69,12.39,12.66,11.63,-7.81,-0.16,嘘v0忑.警,忑,y戊↘忑-20.Z-6,跌.尾连WW.W3,7姗.__Bb龙管杂._主,,-6,-20,-16,NA,,空看,-3.3,-17.4,10.3,,
,0,24,5.47
2016/1/29,12.11,11.71,12.33,11.69,3.59,5.47,尿v0忑.警,忑,y戊↘忑-21.Z-7,跌.尾反孕Wo,9妩.__Aa龙猪._主,,-7,-21,-17,NA,,空看,-3.4,-18,13.1,,
,66,24,0.58
2016/2/1,11.81,12.11,12.18,11.39,-2.48,0.58,尿v0忑.警,忑,y戊↘忑-22.Z-8,(跌)人.孕孕ov,9妩.__Aa龙猪._主,,-8,-22,-18,NA,,空看,-2.4,-18.5,12.5,,
,-429,23,4.74
2016/2/2,12.27,11.73,12.37,11.73,3.9,4.74,尿v0忑.警,忑,y戊↘忑-23.Z-9,升.尾吞vO,8姖.__Aa龙猪._主,,-9,-23,-19,NA,,空看,0,-17.9,7.1,,
,82,16,0.73
2016/2/3,12.25,11.93,12.36,11.89,-0.16,0.73,尿v0忑.警,忑,y戊↘忑-24.Z-10,升.尾反孕vOv,8姖.__Aa龙猪._主,,-10,-24,-20,NA,,空看,0.3,-17.1,2.8,,
,-22,11,9.96
2016/2/4,13.47,12.31,13.47,12.31,9.96,9.96,尿v1忑.警,忑,y戊↘忠-25.I,升.尾吞vO,4蛀.__Fe震正根._主,,1,-25,-21,NA,,空看,7.2,-14.7,7.2,,
,100,18,4.16
2016/2/5,13.41,13.78,14.03,13.37,-0.45,4.16,尿v2忑,忑,r己↗忐-26.B2,升.尾反孕vOv,4蛀.__Fe震正根.储,,2,-26,-22,NA,,空看,9.6,-12.4,9.6,,
,-11,23,-1.19
2016/2/15,13.1,12.72,13.25,12.18,-2.31,-1.19,尿v2忑,忑,r己↗忐-27.B3,跌.尾连vW.W2,4蛀.__Fe震正根.储,,3,-27,-23,NA,,空看,2.5,-10.9,8.5,,
,0,20,6.72
2016/2/16,13.77,13.1,13.98,13.1,5.11,6.72,尿v2忑,忑,r己↗忐-28.A4,(跌)人.连后吞WO,2栅.__Fe震正根.储,,4,-28,-24,NA,,空看,6.4,-9,6.8,,
,76,18,0.73
2016/2/17,13.82,13.49,13.87,13.41,0.36,0.73,尿v3忑,忑,a甲↗上1.A5,升.尾连OQ.Q2,2栅.__Ff震负.储,,5,-29,-25,NA,,空看,4,-7.3,5.2,,
,50,15,1.16
2016/2/18,13.6,13.97,13.98,13.52,-1.59,1.16,尿v3忑,忑,a甲↗上2.A6,升.尾反孕Qv,2栅.__Ff震负.储,,6,-30,-26,NA,,空看,4,-6.2,4.4,,
,-138,15,2.43
2016/2/19,13.8,13.6,13.93,13.37,1.47,2.43,尿v3忑,忑,a甲↗上3.A7,(升)人.孕孕vo,0橅.__Ff震负.储,,7,-31,-27,NA,,空看,2.9,-5.2,3.2,,
,61,15,5.51
2016/2/22,14.3,13.94,14.56,13.85,3.62,5.51,尿v3忑,忑,a甲↗上4.A8,升.尾连oQ.Q2,0橅.__Ff震负.储,,8,-32,-28,NA,,空看,6,-3.8,6,,
,66,11,0
2016/2/23,13.98,14.2,14.3,13.7,-2.24,0,尿v3忑,忑,a甲↗上5.A9,升.尾反孕Qv,0橅.__Ff震负.储,,9,-33,-29,NA,,空看,3.4,-3,5.3,,
,0,9,0.5
2016/2/24,13.9,13.84,14.05,13.5,-0.57,0.5,尿v3忑,忑,a甲↗上6.A10,跌.尾连vW.W2,2栅.__Ff震负.储,,10,-34,-30,NA,,空看,1.3,-2.6,5,,
,-114,9,0
2016/2/25,12.51,13.9,13.9,12.51,-10,0,尿v3忑.被,忑,c丙↘下7.Y,跌.尾连WW.W3,5蛀.__Df头负._再C,,-1,-35,-31,NA,,空看,2.4,-4,7.3,,
,0,16,2.4
2016/2/26,12.32,12.65,12.81,11.89,-1.52,2.4,尿v0忑.警,忑,z丁↘忑-1.Z-2,跌.尾连WW.W4,5蛀.__Aa龙猪._再C,,-2,-36,-32,NA,,空看,-3.2,-5.7,10.1,,
,-63,22,0
2016/2/29,11.57,12.32,12.32,11.34,-6.09,0,尿v0忑.警,忑,z丁↘忑-2.Z-3,跌.尾连WW.W5,5蛀.__Aa龙猪._再C,,-3,-37,-33,NA,,空看,-3.6,-7.8,11.8,,
,0,26,3.8
2016/3/1,11.98,11.61,12.01,11.48,3.54,3.8,尿v0忑.警,忑,z丁↘忑-3.Z-4,跌.尾反孕Wo,9妩.__Aa龙猪._再C,,-4,-38,-34,NA,,空看,-4,-8.9,12.3,,
,93,24,9.18
2016/3/2,12.84,11.88,13.08,11.86,7.18,9.18,尿v1忑.警,忑,y戊↘忠-4.I,升.尾连oQ.Q2,4蛀.__Be龙管根._再C,,1,-39,-35,NA,,空看,4.5,-8.2,11,,
,78,23,2.65
2016/3/3,12.72,12.81,13.18,12.68,-0.93,2.65,尿v1忑.警,忑,y戊↘忠-5.B2,升.尾反孕Qv,4蛀.__Fe震正根._主,,2,-40,-36,NA,,空看,4.9,-7.4,4.9,,
,-35,16,0.55
2016/3/4,12.47,12.55,12.79,11.76,-1.97,0.55,尿v0忑.警,忑,y戊↘忑-6.Y暂,跌.尾连vW.W2,5暂.__Fa震正〇._主,,-1,-41,-37,NA,,空看,1.9,-6.9,5,,
,-357,16,4.65
2016/3/7,12.77,12.62,13.05,12.51,2.41,4.65,尿v1忑.警,忑,y戊↘忠-7.I暂,(跌)人.连后吞WO,4暂.__Fe震正根._主,,1,-42,-38,NA,,空看,3.6,-6.2,4.6,,
,52,15,-0.55
2016/3/8,12.64,12.61,12.7,11.96,-1.02,-0.55,尿v1忑.警,忑,y戊↘忠-8.B2暂,(跌)人.连后吞WOv,4暂.__Fe震正根._主,,2,-43,-39,NA,,空看,0.6,-5.6,4.4,,
,0,12,-0.55
2016/3/9,12.29,12.23,12.57,12.12,-2.77,-0.55,尿v0忑.警,忑,y戊↘忑-9.Y暂,跌.尾连vW.W2,5暂.__Fa震正〇._主,,-1,-44,-40,NA,,空看,0.2,-5.7,5,,
,0,12,1.38
2016/3/10,12.04,12.34,12.46,12.02,-2.03,1.38,尿v0忑.警,忑,y戊↘忑-10.Z-2暂,跌.尾连WW.W3,5暂.__Fa震正〇._主,,-2,-45,-41,NA,,空看,0.3,-6,5.1,,
,-147,11,6.4
2016/3/11,12.51,12.02,12.81,11.8,3.9,6.4,尿v0忑.警,忑,y戊↘忑-11.Z-3暂,(跌)人.连后吞WO,5暂.__Fa震正〇._主,,-3,-46,-42,NA,,空看,3.2,-5.7,5.1,,
,61,11,6.08
2016/3/14,13.09,12.95,13.27,12.72,4.64,6.08,尿v2忑,忑,r己↗忐-12.I暂,升.尾连OQ.Q2,4暂.__Fe震正根.储,,1,-47,-43,NA,,空看,5.6,-4.4,5.6,,
,76,12,-0.53
2016/3/15,12.69,12.82,13.02,12.57,-3.06,-0.53,尿v2忑,忑,r己↗忐-13.B2暂,(升)人.连后吞QV,4暂.__Fe震正根.储,,2,-48,-44,NA,,空看,3.1,-3.7,5.1,,
,0,12,1.81
2016/3/16,12.46,12.78,12.92,12.32,-1.81,1.81,尿v0忑.警,忑,y戊↘忑-14.Y暂,跌.尾连VW.W2,5暂.__Fa震正〇._再B,,-1,-49,-45,NA,,空看,2.5,-3.6,5.3,,
,-100,12,6.58
2016/3/17,13.19,12.51,13.28,12.46,5.86,6.58,尿v3忑,忑,a甲↗上1.I暂,(跌)人.连后吞WO,4暂.__Ff震负.储,,1,-50,-46,NA,,空看,4.4,-2.5,4.4,,
,89,13,4.17
2016/3/18,13.57,13.2,13.74,13.13,2.88,4.17,尿V5忠.盈,忠,a甲↗上2.B2暂,升.尾连OQ.Q2,4暂.Aa龙猪.储,a偏,2,1,-47,NA,,空看,6.2,-1.1,6.2,5,
5,69,12,3.46
2016/3/21,13.9,13.84,14.04,13.46,2.43,3.46,尿V5忠.盈,忠,a甲↗上3.B3暂,升.尾连QQ.Q3,4暂.Aa龙猪.初,a连3偏,3,2,-48,NA,,空看,6.3,0.6,6.3,6,
6,70,14,0.86
2016/3/22,13.75,13.57,14.02,13.51,-1.08,0.86,尿V5忠,忠,a甲↗上4.A4,(升)人.连后吞QV,1柜.Aa龙猪.初,,4,3,-49,NA,,空看,4.8,1.6,4.9,6,
6,-125,14,9.96
2016/3/23,15.12,13.59,15.12,13.59,9.96,9.96,尿V6忐.盈,忐,a甲↗上5.A5,(人)人.吞吞* VO,1柜.Aa龙猪.初,a高,5,4,-50,NA,,空看,9.5,3.9,9.5,13,
13,100,21,10.05
2016/3/24,16.64,15.81,16.64,15.21,10.05,10.05,尿E9忐.盈,忐,a甲↗上6.A6,升.尾连OQ.Q2,1柜.Aa龙猪.初,a宽高,6,5,1,持主,,多长,14.5,7.8,14.5,23,
23,100,27,0.42
2016/3/25,15.73,16.64,16.71,15.45,-5.47,0.42,嘘E9忐.盈,忐,a甲↗上7.A7,(升)人.连后吞QV,3桮.Bd龙管杂.初,a宽偏,7,6,2,持主,,多长,11.7,9.5,11.7,22,
22,-1300,24,1.84
2016/3/28,15.27,15.78,16.02,15.15,-2.92,1.84,嘘E9忐.盈,忐,a甲↗上8.A8,跌.尾连VW.W2,2栅.Bc龙管栅.初,宽,8,7,3,持主,,多长,5.9,9.7,10.5,21,
21,-159,24,0.33
2016/3/29,14.87,15.19,15.32,14.58,-2.62,0.33,嘘V6忐,忐,b乙→中9.Y,跌.尾连WW.W3,5蛀.Be龙管根.主,,-1,8,-1,NA,,空看,1.4,8.8,10.6,20,
20,-800,23,4.37
2016/3/30,15.5,15.02,15.52,14.92,4.24,4.37,嘘E9忐,忐,b乙↗上10.I暂,(跌)人.连后吞WO,4暂.Fd震正芽.主,,1,9,1,持主,,多长,2.2,8.5,10,19,
19,97,15,1.61
2016/3/31,15.23,15.64,15.75,15.15,-1.74,1.61,嘘E9忐,忐,b乙↗上11.B2暂,(跌)人.连后吞WOv,4暂.Fd震正芽.主,,2,10,2,持主,,多长,3.5,8,9.8,18,
18,-108,15,-0.39
2016/4/1,14.94,15.13,15.17,14.64,-1.9,-0.39,嘘V6忐,忐,b乙→中12.Y暂,跌.尾连vW.W2,5暂.Fe震正根.主,,-1,11,-1,NA,,空看,0.1,7.1,5.7,13,
18,0,10,3.75
2016/4/5,15.49,14.94,15.5,14.84,3.68,3.75,嘘E9忐,忐,b乙↗上13.I暂,(跌)人.连后吞WO,4暂.Fd震正芽.主,,1,12,1,持主,,多长,1.8,6.8,3.5,10,
17,98,8,-0.06
2016/4/6,15.28,15.48,15.48,15.04,-1.36,-0.06,嘘E9忐,忐,b乙↗上14.B2暂,(跌)人.连后吞WOv,4暂.Fd震正芽.主,,2,13,2,持主,,多长,1.5,6.4,3.3,9,
16,0,8,0.59
2016/4/7,15.07,15.26,15.37,14.88,-1.37,0.59,嘘V6忐,忐,b乙→中15.Y暂,跌.尾连vW.W2,5暂.Fe震正根.主,,-1,14,-1,NA,,空看,1,5.8,3.5,9,
16,-233,8,-1.39
2016/4/8,14.82,14.84,14.86,14.56,-1.66,-1.39,嘘V6忐,忐,b乙→中16.Z-2暂,跌.尾连WW.W3,5暂.Fe震正根.主,,-2,15,-2,NA,,空看,-1.7,4.8,2.5,7,
15,0,6,3.17
2016/4/11,15.08,14.94,15.29,14.94,1.75,3.17,嘘V6忐,忐,b乙→中17.Z-3暂,(跌)人.连后吞WO,5暂.Fe震正根.主,,-3,16,-3,NA,,空看,1.3,4.3,2.7,7,
10,55,6,4.97
2016/4/12,15.64,15.14,15.83,15.02,3.71,4.97,嘘E9忐.盈,忐,b乙↗上18.I暂,升.尾连OQ.Q2,4暂.Aa龙猪.主,a高,1,17,1,持主,,多长,4.1,4.6,4.1,8,
8,75,9,2.49
2016/4/13,15.63,15.92,16.03,15.45,-0.06,2.49,嘘E9忐.盈,忐,b乙↗上19.B2暂,升.尾反孕Qv,4暂.Aa龙猪.主,a,2,18,2,持主,,多长,4.6,4.8,4.6,9,
9,-3,10,0.96
2016/4/14,15.74,15.66,15.78,15.43,0.7,0.96,嘘E9忐,忐,b乙↗上20.B3暂,(升)人.孕孕vo,4暂.Aa龙猪.主,,3,19,3,持主,,多长,2.2,5.1,3.8,9,
9,73,10,0.19
2016/4/15,15.52,15.72,15.77,15.4,-1.4,0.19,金E9忐,忐,b乙↗上21.A4,跌.尾吞oV,1柜.Aa龙猪.主,,4,20,4,持主,,多长,1.8,4.9,3.5,8,
8,-733,7,-0.9
2016/4/18,14.89,15.36,15.38,14.86,-4.06,-0.9,金V7上.被,上,c丙↘下22.Y,跌.尾连VW.W2,5蛀.Fe震正根.破,,-1,21,-1,NA,,空看,0.1,3.9,4.3,8,
8,0,8,1.14
2016/4/19,15.02,14.89,15.06,14.69,0.87,1.14,金V7上.被,上,c丙↘下23.Z-2,跌.尾反孕Wo,5蛀.Fe震正根.破,,-2,22,-2,NA,,空看,-1.3,3,5,8,
8,76,9,0.47
2016/4/20,13.86,15.04,15.09,13.51,-7.72,0.47,金v4忑.警,忑,z丁↘忑-1.Z-3,跌.尾吞oV,5蛀.__Aa龙猪._破,,-3,-1,-3,NA,,空看,1.1,1.1,5.7,,
,-1657,17,1.3
2016/4/21,13.53,13.85,14.04,13.47,-2.38,1.3,金v4忑.警,忑,z丁↘忑-2.Z-4,跌.尾连VW.W2,9妩.__Aa龙猪._初,,-4,-2,-4,NA,,空看,-3.5,-1,8.4,,
,-183,17,1.77
2016/4/22,13.73,13.41,13.77,13.3,1.48,1.77,嘘v4忑.警,忑,z丁↘忑-3.Z-5,跌.尾反孕Wo,9妩.__Aa龙猪._初,,-5,-3,-5,NA,,空看,-3.5,-2.4,7.7,,
,83,16,-0.29
2016/4/25,13.53,13.57,13.69,13.22,-1.46,-0.29,嘘v0忑.警,忑,z丁↘忑-4.Z-6,(跌)人.孕孕ov,9妩.__Aa龙猪._初,,-6,-4,-6,NA,,空看,-2.6,-3.4,7.4,,
,0,14,3.77
2016/4/26,14.01,13.43,14.04,13.42,3.55,3.77,嘘v0忑.警,忑,z丁↘忑-5.Z-7,升.尾吞vO,8姖.__Aa龙猪._初,,-7,-5,-7,NA,,空看,0.3,-3.5,7.8,,
,94,14,1.07
2016/4/27,13.87,13.99,14.16,13.83,-1,1.07,嘘v0忑.警,忑,z丁↘忑-6.Z-8,升.尾反孕vOv,8姖.__Aa龙猪._初,,-8,-6,-8,NA,,空看,1.5,-3.5,1.5,,
,-93,7,0.72
2016/4/28,13.81,13.97,13.97,13.44,-0.43,0.72,嘘v0忑.警,忑,z丁↘忑-7.Z-9,跌.尾连vW.W2,8姖.__Fa震正〇._初,,-9,-7,-9,NA,,空看,0.4,-3.4,1.8,,
,-60,7,0.87
2016/4/29,13.68,13.74,13.93,13.59,-0.94,0.87,尿v0忑.警,忑,z丁↘忑-8.Z-10,跌.尾连WW.W3,8姖.__Fa震正〇._主,,-10,-8,-10,NA,,空看,0.6,-3.5,2.2,,
,-108,7,4.46
2016/5/3,14.27,13.77,14.29,12.71,4.31,4.46,尿v1忑.警,忑,y戊↘忠-9.I,(跌)人.连后吞WO,4蛀.__Be龙管根._主,,1,-9,-11,NA,,空看,2.6,-2.8,2.6,,
,97,12,1.82
2016/5/4,14.26,14.18,14.53,14.08,-0.07,1.82,尿v2忑,忑,r己↗忐-10.B2,(跌)人.连后吞WOv,4蛀.__Fe震正根.储,,2,-10,-12,NA,,空看,3.6,-2.1,3.6,,
,-4,14,2.17
2016/5/5,14.43,14.26,14.57,14.26,1.19,2.17,尿V5忠.盈,忠,r己↗忐-11.B3,升.尾吞vO,4蛀.Df头负.储,a,3,1,-13,NA,,空看,3.1,-1.4,3.1,1,
1,55,15,0.62
2016/5/6,13.62,14.44,14.52,13.57,-5.61,0.62,尿v0忑.警,忑,y戊↘忑-12.Y暂,(升)人.吞吞vOV,5暂.__Fa震正〇._再B,,-1,-1,-14,NA,,空看,3.4,-1.7,3.7,,
,-900,15,-1.47
2016/5/9,12.84,13.34,13.42,12.73,-5.73,-1.47,尿v0忑.警,忑,y戊↘忑-13.Z-2暂,跌.尾连VW.W2,5暂.__Fa震正〇._再B,,-2,-2,-15,NA,,空看,-2.4,-3.2,5.9,,
,0,15,1.32
2016/5/10,12.98,12.87,13.01,12.71,1.09,1.32,尿v0忑.警,忑,y戊↘忑-14.Z-3暂,跌.尾反孕Wo,5暂.__Aa龙猪._再B,,-3,-3,-16,NA,,空看,-3.8,-4.3,7.8,,
,82,15,1
2016/5/11,12.8,13,13.11,12.78,-1.39,1,尿v0忑.警,忑,y戊↘忑-15.Z-4,跌.尾吞oV,9妩.__Aa龙猪._再B,,-4,-4,-17,NA,,空看,-1.5,-5.2,9.5,,
,-138,15,0.31
2016/5/12,12.8,12.81,12.84,12.37,0,0.31,尿v0忑.警,忑,y戊↘忑-16.Z-5,跌.尾反孕oVo,9妩.__Aa龙猪._主,,-5,-5,-18,NA,,空看,-2.3,-5.7,10.4,,
,0,17,1.33
2016/5/13,12.78,12.71,12.97,12.61,-0.16,1.33,尿v0忑.警,忑,y戊↘忑-17.Z-6,跌.尾吞oV,9妩.__Aa龙猪._主,,-6,-6,-19,NA,,空看,-0.5,-6,3,,
,-12,8,3.05
2016/5/16,13.16,12.78,13.17,12.66,2.97,3.05,尿v1忑.警,忑,y戊↘忠-18.I,(跌)人.吞吞oVO,4蛀.__Be龙管根._主,,1,-7,-20,NA,,空看,1.1,-5.6,1.1,,
,97,6,1.22
2016/5/17,13.05,13.11,13.32,12.92,-0.84,1.22,尿v1忑.警,忑,y戊↘忠-19.B2,(跌)人.吞吞oVOv,4蛀.__Fe震正根._主,,2,-8,-21,NA,,空看,2.2,-5.1,2.2,,
,-69,8,-1
2016/5/18,12.58,12.87,12.92,12.35,-3.6,-1,尿v0忑.警,忑,y戊↘忑-20.Y暂,跌.尾连vW.W2,5暂.__Aa龙猪._主,,-1,-9,-22,NA,,空看,-0.1,-5.4,3,,
,0,8,3.34
2016/5/19,12.83,12.59,13,12.56,1.99,3.34,尿v0忑.警,忑,y戊↘忑-21.Z-2暂,跌.尾反孕Wo,5暂.__Aa龙猪._主,,-2,-10,-23,NA,,空看,0.9,-5.2,3.3,,
,60,8,1.25
2016/5/20,12.97,12.63,12.99,12.59,1.09,1.25,尿v1忑.警,忑,y戊↘忠-22.I暂,升.尾连oQ.Q2,4暂.__Be龙管根._主,,1,-11,-24,NA,,空看,0.7,-4.8,3.3,,
,88,8,2.54
2016/5/23,13.11,13.02,13.3,12.97,1.08,2.54,尿v1忑.警,忑,y戊↘忠-23.B2暂,升.尾连QQ.Q3,4暂.__Fe震正根._主,,2,-12,-25,NA,,空看,2.7,-4.2,2.9,,
,42,8,0
2016/5/24,12.92,13.11,13.11,12.77,-1.45,0,尿v1忑.警,忑,y戊↘忠-24.B3暂,(升)人.连后吞QV,4暂.__Fe震正根._主,,3,-13,-26,NA,,空看,1.2,-3.9,2.7,,
,0,8,9.98
2016/5/25,14.21,13.05,14.21,13.05,9.98,9.98,尿V5忠.盈,忠,a甲↗上1.A4,(人)人.吞吞* VO,1柜.Aa龙猪.储,a高,4,1,-27,NA,,空看,7.4,-2,7.4,5,
5,100,13,0
2016/5/26,13.98,14.2,14.21,13.43,-1.62,0,尿V5忠.盈,忠,a甲↗上2.A5,(人)人.吞吞* VO,1柜.Aa龙猪.储,a,5,2,-28,NA,,空看,5.6,-0.5,5.6,5,
5,0,13,3.86
2016/5/27,13.95,13.77,14.52,13.74,-0.21,3.86,尿V5忠.盈,忠,a甲↗上3.A6,跌.尾连vW.W2,2栅.Bc龙管栅.初,a偏,6,3,-29,NA,,空看,6.6,0.4,6.6,7,
7,-6,14,3.58
2016/5/30,14.13,13.8,14.45,13.47,1.29,3.58,尿V6忐,忐,a甲↗上4.A7,(跌)人.连后吞WO,2栅.Bc龙管栅.初,,7,4,-30,NA,,空看,4.9,1.3,5.5,6,
6,36,14,4.88
2016/5/31,14.66,14.13,14.82,14.09,3.75,4.88,尿V6忐.盈,忐,a甲↗上5.A8,升.尾连OQ.Q2,2栅.Bc龙管栅.初,a,8,5,-31,NA,,空看,5.9,2.5,5.9,8,
8,77,14,5.93
2016/6/1,15.07,14.57,15.53,14.46,2.8,5.93,尿E9忐.盈,忐,a甲↗上6.A9,升.尾连QQ.Q3,2栅.Bc龙管栅.初,a连3高,9,6,1,持主,,多长,8.7,3.9,8.7,12,
12,47,16,1.19
2016/6/2,14.99,14.98,15.25,14.7,-0.53,1.19,尿E9忐,忐,a甲↗上7.A10,升.尾反孕Qv,0橅.Aa龙猪.初,,10,7,2,持主,,多长,5.1,4.8,7,12,
12,-44,15,0
2016/6/3,14.74,14.96,14.99,14.66,-1.67,0,嘘E9忐,忐,a甲↗上8.A11,跌.尾连vW.W2,2栅.Bc龙管栅.初,,11,8,3,持主,,多长,2.6,5,6.3,11,
11,0,15,1.22
2016/6/6,14.88,14.75,14.92,14.47,0.95,1.22,嘘E9忐,忐,a甲↗上9.A12,跌.尾反孕Wo,2栅.Fa震正〇.初,,12,9,4,持主,,多长,1.6,5.1,5.7,11,
11,78,10,0.2
2016/6/7,14.8,14.85,14.91,14.64,-0.54,0.2,嘘E9忐,忐,a甲↗上10.A13,(跌)人.孕孕ov,2栅.Fa震正〇.主,,13,10,5,持主,,多长,1.2,4.9,5.4,10,
10,-267,7,0.14
2016/6/8,14.5,14.73,14.82,14.38,-2.03,0.14,嘘E9忐,忐,b乙→中11.Y,跌.尾连vW.W2,5蛀.Fe震正根.主,,-1,11,6,持被,,多长,0.9,4.3,3.8,8,
10,-1500,6,-1.93
2016/6/13,13.21,14.2,14.22,13.15,-8.9,-1.93,嘘v4忑.被,忑,c丙↘下12.Z-2,跌.尾连WW.W3,5蛀.__Df头负._破,,-2,-1,-1,NA,,空看,-0.9,2.1,4.4,,
,0,14,0.91
2016/6/14,13.26,13.2,13.33,13.04,0.38,0.91,嘘v4忑.警,忑,z丁↘忑-1.Z-3,跌.尾反孕Wo,5蛀.__Aa龙猪._破,,-3,-2,-2,NA,,空看,-5,0.2,6.3,,
,42,14,3.92
2016/6/15,13.68,13.08,13.78,12.99,3.17,3.92,嘘v4忑.警,忑,z丁↘忑-2.Z-4,升.尾连oQ.Q2,7姗.__Bb龙管杂._初,,-4,-3,-3,NA,,空看,-0.8,-0.6,7.4,,
,81,15,3.22
2016/6/16,13.73,13.67,14.12,13.59,0.37,3.22,嘘v4忑.警,忑,z丁↘忑-3.Z-5,升.尾连QQ.Q3,6娝.__Bc龙管栅._初,,-5,-4,-4,NA,,空看,2.2,-1,7.3,,
,11,14,5.03
2016/6/17,14.29,13.78,14.42,13.77,4.08,5.03,嘘V6忐.盈,忐,r己↗忐-4.I,升.尾连QQ.Q4,4蛀.Df头负.再D,雀连4高,1,1,-5,NA,,空看,3.7,-0.4,3.7,3,
9,81,11,8.61
2016/6/20,15.41,14.24,15.52,14.18,7.84,8.61,嘘E9忐.盈,忐,a甲↗上1.B2,升.尾连QQ.Q5,4蛀.Aa龙猪.再D,a连5高,2,2,1,持主,,多长,8.8,1.6,8.8,10,
10,91,19,0.45
2016/6/21,14.89,15.48,15.48,14.79,-3.37,0.45,嘘E9忐.盈,忐,a甲↗上2.B3,升.尾反孕Qv,4蛀.Aa龙猪.再D,偏,3,3,2,持主,,多长,6.9,2.7,7.2,10,
10,-743,19,4.3
2016/6/22,15.06,14.86,15.53,14.76,1.14,4.3,嘘E0上.盈,上,a甲↗上3.A4,(升)人.孕孕vo,0橅.Aa龙猪.再D,a偏,4,4,3,持主,,多长,6,3.4,6,9,
9,27,14,-0.07
2016/6/23,14.73,14.88,15.05,14.59,-2.19,-0.07,嘘E0上,上,a甲↗上4.A5,跌.尾吞oV,1柜.Aa龙猪.再D,,5,5,4,持主,,多长,2.3,3.5,5.6,9,
9,0,13,1.36
2016/6/24,14.45,14.66,14.93,13.86,-1.9,1.36,嘘E2上,上,b乙→中5.Y,跌.尾连VW.W2,5蛀.Be龙管根.主,,-1,6,5,持被,,多长,1.8,3,5.9,9,
9,-140,12,6.71
2016/6/27,15.25,14.37,15.42,14.27,5.54,6.71,嘘E0上.盈,上,b乙↗上6.I暂,(跌)人.连后吞WO,4暂.Fd震正芽.主,高,1,7,6,持主,,多长,4.3,3.4,5,8,
8,82,12,2.1
2016/6/28,15.47,15.17,15.57,15.02,1.44,2.1,嘘E0上.盈,上,b乙↗上7.B2暂,升.尾连OQ.Q2,4暂.Aa龙猪.主,a,2,8,7,持主,,多长,4,4.1,4,8,
8,69,12,4.46
2016/6/29,15.91,15.38,16.16,15.16,2.84,4.46,嘘E0上.盈,上,b乙↗上8.B3暂,升.尾连QQ.Q3,4暂.Aa龙猪.主,a连3偏,3,9,8,持主,,多长,6.2,5.1,6.2,11,
11,64,17,-0.44
2016/6/30,15.69,15.82,15.84,15.3,-1.38,-0.44,嘘E0上,上,b乙↗上9.A4,升.尾反孕Qv,0橅.Aa龙猪.主,,4,10,9,持主,,多长,3,5.6,5.1,10,
10,0,17,6.82
2016/7/1,16.26,15.59,16.76,15.59,3.63,6.82,金E0上.盈,上,b乙↗上10.A5,升.尾吞vO,0橅.Aa龙猪.主,a高,5,11,10,持主,,多长,7.4,6.3,7.4,14,
14,53,17,3.08
2016/7/4,16.54,16.08,16.76,15.83,1.72,3.08,金E0上.盈,上,b乙↗上11.A6,升.尾连OQ.Q2,0橅.Aa龙猪.主,a,6,12,11,持主,,多长,5.6,7.2,5.6,13,
13,56,12,2.42
2016/7/5,16.35,16.43,16.94,16.21,-1.15,2.42,金E0上.盈,上,b乙↗上12.A7,升.尾反孕Qv,0橅.Aa龙猪.主,a,7,13,12,持主,,多长,5.7,7.5,5.7,13,
13,-47,12,3.49
2016/7/6,16.7,16.28,16.92,16.06,2.14,3.49,金E0上,上,b乙↗上13.A8,升.尾吞vO,0橅.Aa龙猪.主,,8,14,13,持主,,多长,4.3,7.8,4.5,12,
12,61,11,0.78
2016/7/7,16.48,16.52,16.83,16.44,-1.32,0.78,金E0上,上,b乙↗上14.A9,升.尾反孕vOv,0橅.Aa龙猪.主,,9,15,14,持主,,多长,3.1,7.7,3.8,11,
11,-169,9,0.3
2016/7/8,16.18,16.43,16.53,16.08,-1.82,0.3,金E2上,上,b乙→中15.Y,跌.尾连vW.W2,5蛀.Fe震正根.主,,-1,16,15,持被,,多长,1.4,7,3.9,11,
11,-600,7,2.35
2016/7/11,16.41,16.19,16.56,16.19,1.42,2.35,金E0上,上,b乙↗上16.I暂,跌.尾反孕Wo,4暂.Fd震正芽.主,,1,17,16,持主,,多长,1.4,6.6,3.7,10,
10,61,5,5.36
2016/7/12,17.06,16.4,17.29,16.2,3.96,5.36,金E0上.盈,上,b乙↗上17.B2暂,升.尾连oQ.Q2,4暂.Aa龙猪.主,a高,2,18,17,持主,,多长,4.8,6.9,4.8,12,
12,74,8,1.35
2016/7/13,17.04,17.16,17.29,16.82,-0.12,1.35,金E0上.盈,上,b乙↗上18.B3暂,升.尾反孕Qv,4暂.Aa龙猪.主,a,3,19,18,持主,,多长,3.8,7.1,3.8,11,
11,-9,8,0.65
2016/7/14,17.12,17.04,17.15,16.87,0.47,0.65,金E0上,上,b乙↗上19.A4,(升)人.孕孕vo,0橅.Aa龙猪.主,,4,20,19,持主,,多长,2.1,7.2,3,10,
10,73,8,0.58
2016/7/15,16.68,17.16,17.22,16.67,-2.57,0.58,金E0上,上,b乙↗上20.A5,跌.尾吞oV,1柜.Aa龙猪.主,,5,21,20,持主,,多长,2.5,6.7,2.9,9,
9,-440,7,0.54
2016/7/18,16.34,16.68,16.77,16.2,-2.04,0.54,金E2上,上,b乙→中21.Y,跌.尾连VW.W2,5蛀.Fe震正根.主,,-1,22,21,持被,,多长,0.4,5.7,3.5,9,
9,-378,7,1.77
2016/7/19,16.63,16.5,16.63,16.19,1.77,1.77,金E2上,上,b乙→中22.Z-2,跌.尾反孕Wo,5蛀.Fe震正根.主,,-2,23,22,持被,,多长,-0.2,5.1,3.8,9,
9,100,7,3.79
2016/7/20,16.92,16.53,17.26,16.48,1.74,3.79,金E0上.盈,上,b乙↗上23.I暂,升.尾连oQ.Q2,4暂.Fd震正芽.主,雀,1,24,23,持主,,多长,3.3,4.9,3.3,8,
8,46,7,1.36
2016/7/21,16.75,16.92,17.15,16.69,-1,1.36,金E0上,上,b乙↗上24.B2暂,升.尾反孕Qv,4暂.Fd震正芽.主,,2,25,24,持主,,多长,2.5,4.6,3.2,7,
8,-74,7,0.06
2016/7/22,16.26,16.76,16.76,16.25,-2.93,0.06,金E1上.被,上,c丙↘下25.Y暂,跌.尾连vW.W2,5暂.Fe震正根.破,,-1,26,25,持被,,多长,0.8,3.8,3.8,7,
7,-4900,7,2.28
2016/7/25,16.33,16.23,16.63,16.15,0.43,2.28,金E1上.被,上,c丙↘下26.Z-2暂,跌.尾反孕Wo,5暂.Fe震正根.破,,-2,27,26,持被,,多长,0.5,3.1,4.3,7,
7,19,7,5.08
2016/7/26,17,16.46,17.16,16.38,4.1,5.08,金E0上.盈,上,b乙↗上27.I暂,升.尾连oQ.Q2,4暂.Dd头正芽.再B,高,1,28,27,持主,,多长,3.2,3.2,3.8,7,
7,81,7,1.53
2016/7/27,16.17,17.05,17.26,15.84,-4.88,1.53,金E1上.被.盈,上,c丙↘下28.Y暂,(升)人.连后吞QV,5暂.Fe震正根.破,a,-1,29,28,持被,,多长,4.3,2.6,4.3,7,
7,-319,9,1.11
2016/7/28,15.86,16.14,16.35,15.07,-1.92,1.11,金e5中.警,中,z丁↘忑-1.Z-2暂,跌.尾连VW.W2,5暂.__Aa龙猪._破,,-2,-1,29,卖浮,,多长,-0.1,1.6,5.4,,
,-172,15,0
2016/7/29,15.73,15.85,15.86,15.59,-0.82,0,金e5中.警,中,z丁↘忑-2.Z-3暂,跌.尾连WW.W3,5暂.__Aa龙猪._破,,-3,-2,30,卖浮,,多长,-2,0.6,6.6,,
,0,15,1.97
2016/8/1,15.92,15.59,16.04,15.32,1.21,1.97,金e5中.警,中,z丁↘忑-3.Z-4,(跌)人.连后吞WO,8姖.__Aa龙猪._破,,-4,-3,31,卖浮,,多长,-0.3,0.1,7.3,,
,61,15,1.26
2016/8/2,15.96,15.82,16.12,15.7,0.25,1.26,金e5中.警,中,z丁↘忑-4.Z-5,升.尾连OQ.Q2,7姗.__Fa震正〇._初,,-5,-4,32,卖浮,,多长,0.5,-0.2,7.6,,
,20,15,1.07
2016/8/3,15.95,15.98,16.13,15.8,-0.06,1.07,金e5中.警,中,z丁↘忑-5.Z-6,升.尾反孕Qv,7姗.__Fa震正〇._初,,-6,-5,33,卖浮,,多长,0.8,-0.3,2.1,,
,-6,8,0.5
2016/8/4,15.87,15.82,16.03,15.65,-0.5,0.5,金e5中.警,中,z丁↘忑-6.Z-7,跌.尾连vW.W2,7姗.__Fa震正〇._初,,-7,-6,34,卖浮,,多长,0.4,-0.5,1,,
,-100,5,4.1
2016/8/5,16.48,15.75,16.52,15.74,3.84,4.1,金E3上.盈,上,r己↗忐-7.I,(跌)人.连后吞WO,4蛀.Df头负.再D,雀,1,1,35,持主,,多长,2.8,0.1,2.8,2,
7,94,8,2.97
2016/8/8,16.88,16.52,16.97,16.5,2.43,2.97,金E0上.盈,上,a甲↗上1.B2,升.尾连OQ.Q2,4蛀.Dd头正芽.再D,雀,2,2,36,持主,,多长,4.3,1,4.3,5,
7,82,8,9.95
2016/8/9,18.56,17.35,18.56,17.17,9.95,9.95,金E0上.盈,上,a甲↗上2.B3,升.尾连QQ.Q3,4蛀.Aa龙猪.再D,a连3高,3,3,37,持主,,多长,10.3,3.6,10.3,14,
14,100,19,3.23
2016/8/10,18.28,18.88,19.16,18.17,-1.51,3.23,金E0上.盈,上,a甲↗上3.A4,升.尾反孕Qv,0橅.Aa龙猪.再D,a偏,4,4,38,持主,,多长,10.9,5.4,10.9,16,
16,-47,22,7.82
2016/8/11,19.6,18.4,19.71,17.77,7.22,7.82,金E0上.盈,上,a甲↗上4.A5,升.尾吞vO,0橅.Aa龙猪.再D,a高,5,5,39,持主,,多长,10.2,7.8,10.2,18,
18,92,25,0.05
2016/8/12,19.41,19.17,19.61,19.01,-0.97,0.05,金E0上.盈,上,a甲↗上5.A6,升.尾反孕vOv,0橅.Aa龙猪.主,偏,6,6,40,持主,,多长,6.8,9.4,7.3,17,
17,-1900,19,3.97
2016/8/15,19.74,19.42,20.18,18.68,1.7,3.97,金E0上.盈,上,a甲↗上6.A7,升.尾吞vO,0橅.Aa龙猪.主,a偏,7,7,41,持主,,多长,7.5,10.4,7.5,18,
18,43,18,-1.17
2016/8/16,19.02,19.48,19.51,18.97,-3.65,-1.17,金E0上,上,a甲↗上7.A8,(升)人.吞吞vOV,1柜.Aa龙猪.主,,8,8,42,持主,,多长,3.1,10.2,6.6,17,
17,0,14,4.68
2016/8/17,19.75,18.97,19.91,18.7,3.84,4.68,金E0上,上,a甲↗上8.A9,(人)人.吞吞* VO,1柜.Aa龙猪.主,,9,9,43,持主,,多长,4,10.3,5.4,16,
16,82,14,-0.05
2016/8/18,19.32,19.44,19.74,19.03,-2.18,-0.05,金E0上,上,a甲↗上9.A10,(人)人.吞吞* VO,1柜.Fa震正〇.主,,10,10,44,持主,,多长,2.7,9.9,5,15,
15,0,8,2.28
2016/8/19,19.45,19.22,19.76,19.09,0.67,2.28,金E0上,上,a甲↗上10.A11,升.尾吞vO,1柜.Fa震正〇.主,,11,11,45,持主,,多长,2.4,9.4,4.6,14,
14,30,8,5.86
2016/8/22,19.72,19.51,20.59,19.32,1.39,5.86,金E0上.盈,上,a甲↗上11.A12,升.尾连OQ.Q2,0橅.Aa龙猪.主,a高,12,12,46,持主,,多长,6.1,9.1,6.1,15,
15,24,10,6.8
2016/8/23,20.78,19.69,21.06,19.61,5.38,6.8,金E0上.盈,上,a甲↗上12.A13,升.尾连QQ.Q3,0橅.Aa龙猪.主,a连3高,13,13,47,持主,,多长,6.7,9.8,6.7,17,
17,79,13,-0.48
2016/8/24,20.23,20.68,20.68,18.96,-2.65,-0.48,金E0上,上,a甲↗上13.A14,升.尾反孕Qv,0橅.Aa龙猪.主,,14,14,48,持主,,多长,3.8,9.7,5.7,16,
16,0,11,-1.14
2016/8/25,19.56,19.92,20,19.37,-3.31,-1.14,金E2上,上,b乙→中14.Y,跌.尾连vW.W2,5蛀.Be龙管根.主,,-1,15,49,持被,,多长,0.6,8.8,5.9,15,
15,0,11,6.54
2016/8/26,20.29,19.82,20.84,19.66,3.73,6.54,金E0上.盈,上,b乙↗上15.I暂,(跌)人.连后吞WO,4暂.Fd震正芽.主,高,1,16,50,持主,,多长,4.4,8.4,5.5,14,
14,57,11,0.05
2016/8/29,19.85,20.27,20.3,19.57,-2.17,0.05,金E2上,上,b乙→中16.Y暂,(跌)人.连后吞WOv,5暂.Fe震正根.主,,-1,17,51,持被,,多长,1.7,7.7,5.5,13,
13,-4400,11,0.2
2016/8/30,19.52,19.76,19.89,19.28,-1.66,0.2,金E2上,上,b乙→中17.Z-2暂,跌.尾连vW.W2,5暂.Fe震正根.主,,-2,18,52,持被,,多长,0.2,6.7,5,11,
13,-825,10,2.97
2016/8/31,19.54,19.73,20.1,19.32,0.1,2.97,金E2上,上,b乙→中18.Z-3暂,跌.尾反孕Wo,5暂.Fe震正根.主,,-3,19,53,持被,,多长,1.7,5.8,5.4,11,
12,3,8,1.64
2016/9/1,19.29,19.51,19.86,19.27,-1.28,1.64,金E1上.被,上,c丙↘下19.Z-4,跌.尾吞oV,9妩.Fe震正根.破,,-4,20,54,持被,,多长,1.1,4.8,6.1,11,
12,-78,8,-0.41
2016/9/2,18.59,19.12,19.21,18.39,-3.63,-0.41,金E3上.警,上,z丁↘忑-1.Z-5,跌.尾连VW.W2,9妩.Ff震负.破,,-5,21,55,持被,,多长,-0.9,3.4,4.8,8,
12,0,10,1.94
2016/9/5,18.72,18.63,18.95,18.42,0.7,1.94,金E3上.警,上,z丁↘忑-2.Z-6,跌.尾反孕Wo,9妩.Ff震负.破,,-6,22,56,持被,,多长,-1.2,2.3,4.8,7,
12,36,9,6.09
2016/9/6,19.6,18.6,19.86,18.42,4.7,6.09,金E3上.盈,上,r己↗忐-3.I,升.尾连oQ.Q2,4蛀.Df头负.再C,高,1,23,57,持主,,多长,3.3,2.3,4.6,6,
10,77,9,1.12
2016/9/7,19.33,19.56,19.82,19.22,-1.38,1.12,金E3上,上,r己↗忐-4.B2,升.尾反孕Qv,4蛀.Df头负.再C,,2,24,58,持主,,多长,2.9,2.3,3.1,5,
10,-123,8,0.88
2016/9/8,19.12,19.32,19.5,19.03,-1.09,0.88,金E3上.警,上,y戊↘忑-5.Y暂,跌.尾连vW.W2,5暂.Ff震负.破,,-1,25,59,持被,,多长,1.4,2,3.2,5,
10,-124,8,0.99
2016/9/9,18.76,19.12,19.31,18.73,-1.88,0.99,金E3上.警,上,y戊↘忑-6.Z-2暂,跌.尾连WW.W3,5暂.Ff震负.破,,-2,26,60,持被,,多长,1,1.4,3.8,5,
7,-189,8,2.4
2016/9/12,18.53,18.34,19.21,18.14,-1.23,2.4,金e5中.警,中,y戊↘忑-7.Z-3暂,跌.尾连WW.W4,5暂.__Aa龙猪._破,,-3,-1,61,卖浮,,多长,1.3,0.7,4.7,,
,-51,9,2.7
2016/9/13,18.89,18.63,19.03,18.53,1.94,2.7,金e5中.警,中,y戊↘忑-8.Z-4,(跌)人.连后吞WO,8姖.__Aa龙猪._破,,-4,-2,62,卖浮,,多长,0.6,0.4,4.8,,
,72,9,2.06
2016/9/14,18.78,18.64,19.28,18.63,-0.58,2.06,金e5中.警,中,y戊↘忑-9.Z-5,(跌)人.连后吞WOv,8姖.__Aa龙猪._破,,-5,-3,63,卖浮,,多长,2.2,0.2,3.3,,
,-28,7,2.08
2016/9/19,19.12,18.94,19.17,18.85,1.81,2.08,金E3上.警,上,y戊↘忠-10.I,升.尾吞vO,4蛀.Ff震负.再C,,1,1,64,持主,,多长,1.3,0.4,2.1,2,
5,87,6,4.29
2016/9/20,19.92,19.12,19.94,19.07,4.18,4.29,金E0上.盈,上,a甲↗上1.B2,升.尾连OQ.Q2,4蛀.Aa龙猪.再C,a,2,2,65,持主,,多长,4.1,1.3,4.1,5,
5,98,10,0.65
2016/9/21,19.8,19.92,20.05,19.54,-0.6,0.65,金E0上.盈,上,a甲↗上2.B3,升.尾反孕Qv,4蛀.Aa龙猪.再C,a,3,3,66,持主,,多长,3.6,2,3.6,5,
5,-92,8,1.06
2016/9/22,19.83,19.79,20.01,19.62,0.15,1.06,金E0上,上,a甲↗上3.A4,(升)人.孕孕vo,0橅.Aa龙猪.再C,,4,4,67,持主,,多长,2.6,2.5,2.8,5,
5,14,8,2.92
2016/9/23,20.03,19.83,20.41,19.71,1.01,2.92,金E0上.盈,上,a甲↗上4.A5,升.尾连oQ.Q2,0橅.Aa龙猪.再C,a,5,5,68,持主,,多长,3.9,2.9,3.9,6,
6,34,8,-0.7
2016/9/26,19.35,19.89,19.89,19.25,-3.39,-0.7,金E2上,上,b乙→中5.Y,(升)人.连后吞QV,5蛀.Be龙管根.再B,,-1,6,69,持被,,多长,1.4,2.5,4,6,
6,0,7,0.26
2016/9/27,19.37,19.16,19.4,18.65,0.1,0.26,金E1上.被,上,c丙↘下6.Z-2,(升)人.连后吞QVo,5蛀.Fe震正根.破,,-2,7,70,持被,,多长,-0.8,2.1,4.4,6,
6,40,9,2.48
2016/9/28,19.81,19.2,19.85,19.02,2.27,2.48,金E0上,上,b乙↗上7.I暂,升.尾连oQ.Q2,4暂.Dd头正芽.再B,,1,8,71,持主,,多长,1.3,2.1,4.1,6,
6,92,9,1.41
2016/9/29,19.87,19.81,20.09,19.62,0.3,1.41,金E0上.盈,上,b乙↗上8.B2暂,升.尾连QQ.Q3,4暂.Dd头正芽.再B,连3,2,9,72,持主,,多长,2.1,2.2,3.8,6,
6,21,9,1.56
2016/9/30,19.92,19.87,20.18,19.72,0.25,1.56,金E0上.盈,上,b乙↗上9.B3暂,升.尾连QQ.Q4,4暂.Dd头正芽.再B,雀连4,3,10,73,持主,,多长,2.2,2.3,2.2,4,
5,16,8,1.96
2016/10/10,19.52,19.77,20.31,19.03,-2.01,1.96,金E2上.盈,上,b乙→中10.Y暂,(升)人.连后吞QV,5暂.De头正根.再B,雀,-1,11,74,持被,,多长,3.1,2,3.1,5,
5,-103,9,-0.51
2016/10/11,18.95,19.41,19.42,18.75,-2.92,-0.51,金e5中.被,中,c丙↘下11.Z-2暂,跌.尾连VW.W2,5暂.__Df头负._破,,-2,-1,75,卖浮,,多长,-0.6,1.2,4,,
,0,8,0.69
2016/10/12,18.98,18.84,19.08,18.7,0.16,0.69,金e5中.警,中,z丁↘忑-1.Z-3暂,跌.尾反孕Wo,5暂.__Fa震正〇._破,,-3,-2,76,卖浮,,多长,-1.5,0.4,4.9,,
,23,9,0.26
2016/10/13,18.96,18.92,19.03,18.63,-0.11,0.26,金e5中.警,中,z丁↘忑-2.Z-4,(跌)人.孕孕ov,9妩.__Aa龙猪._初,,-4,-3,77,卖浮,,多长,-1.1,-0.1,5.5,,
,-40,9,6.01
2016/10/14,18.93,18.92,20.1,18.73,-0.16,6.01,金e5中.警,中,z丁↘忑-3.Z-5,跌.尾连vW.W2,9妩.__Aa龙猪._初,,-5,-4,78,卖浮,,多长,5,-0.5,6.1,,
,-3,9,-0.11
2016/10/17,18.32,18.88,18.91,18.29,-3.22,-0.11,金e5中.警,中,z丁↘忑-4.Z-6,跌.尾连WW.W3,9妩.__Aa龙猪._初,,-6,-5,79,卖浮,,多长,-0.2,-1.3,6.1,,
,0,10,1.04
2016/10/18,18.44,18.31,18.51,18.19,0.66,1.04,金e5中.警,中,z丁↘忑-5.Z-7,跌.尾反孕Wo,9妩.__Aa龙猪._初,,-7,-6,80,卖浮,,多长,-1.5,-1.8,7,,
,63,11,0.49
2016/10/19,18.33,18.52,18.53,18.21,-0.6,0.49,金e6下.警,下,z丁↘忑-6.Z-8,(跌)人.孕孕ov,9妩.__Aa龙猪._初,,-8,-7,81,卖浮,,多被,-0.6,-2.2,7.8,,
,-122,11,3
2016/10/20,18.78,18.36,18.88,18.16,2.45,3,金e5中.警,中,z丁↘忑-7.Z-9,升.尾吞vO,8姖.__Aa龙猪._初,,-9,-8,82,卖浮,,多长,1.2,-2.1,7.8,,
,82,11,1.6
2016/10/21,18.92,18.7,19.08,18.49,0.75,1.6,金e5中.警,中,y戊↘忠-8.I,升.尾连OQ.Q2,4蛀.__Be龙管根._初,,1,-9,83,卖浮,,多长,2,-1.7,2,,
,47,5,1.16
2016/10/24,18.91,18.9,19.14,18.78,-0.05,1.16,金e5中.警,中,y戊↘忠-9.B2,升.尾反孕Qv,4蛀.__Be龙管根._主,,2,-10,84,卖浮,,多长,2,-1.3,2,,
,-5,5,0.42
2016/10/25,18.9,18.78,18.99,18.73,-0.05,0.42,金e5中.警,中,y戊↘忠-10.B3,跌.尾连vW.W2,4蛀.__Fe震正根._主,,3,-11,85,卖浮,,多长,1,-1.1,1.8,,
,-13,5,0.42
2016/10/26,18.03,18.96,18.98,17.85,-4.6,0.42,金e6下.警,下,y戊↘忑-11.Y暂,跌.尾连WW.W3,5暂.__Aa龙猪._主,,-1,-12,86,卖浮,,多被,1.8,-1.7,2.7,,
,-1087,7,0.5
2016/10/27,17.89,17.98,18.12,17.72,-0.78,0.5,金e6下.警,下,y戊↘忑-12.Z-2暂,跌.尾连WW.W4,5暂.__Aa龙猪._主,,-2,-13,87,卖浮,,多被,-1.7,-2.4,3.8,,
,-156,8,3.35
2016/10/28,18.26,17.9,18.49,17.89,2.07,3.35,金e6下.警,下,y戊↘忑-13.Z-3暂,(跌)人.连后吞WO,5暂.__Aa龙猪._主,,-3,-14,88,卖浮,,多被,0.7,-2.6,4.3,,
,62,8,1.26
2016/10/31,18.26,18.13,18.49,18.13,0,1.26,金e6下.警,下,y戊↘忑-14.Z-4,升.尾连OQ.Q2,7姗.__Bb龙管杂._主,,-4,-15,89,卖浮,,多被,1,-2.5,3.7,,
,0,7,1.81
2016/11/1,18.4,18.16,18.59,18.16,0.77,1.81,金e6下.警,下,y戊↘忠-15.I,升.尾连QQ.Q3,4蛀.__Fe震正根._主,,1,-16,90,卖浮,,多被,1.4,-2.3,3.6,,
,42,7,1.25
2016/11/2,18.48,18.31,18.63,18.29,0.43,1.25,金e6下.警,下,y戊↘忠-16.B2,升.尾连QQ.Q4,4蛀.__Fe震正根._主,,2,-17,91,卖浮,,多被,1.5,-2,1.5,,
,35,5,8.71
2016/11/3,19.56,18.49,20.09,18.49,5.84,8.71,金E4上.盈,上,a甲↗上1.B3,升.尾连QQ.Q5,4蛀.Aa龙猪.储,a连5高,3,1,92,持主,,多长,7.8,-0.7,7.8,7,
7,67,12,3.27
2016/11/4,19.85,19.42,20.2,19.18,1.48,3.27,金E4上.盈,上,a甲↗上2.A4,升.尾连QQ.Q6,0橅.Aa龙猪.初,a连6偏,4,2,93,持主,,多长,6.5,0.7,6.5,7,
7,45,11,0.96
2016/11/7,19.47,19.9,20.04,19.4,-1.91,0.96,金E0上,上,a甲↗上3.A5,升.尾反孕Qv,0橅.Aa龙猪.初,,5,3,94,持主,,多长,4.6,1.4,5.5,6,
6,-200,11,1.69
2016/11/8,19.66,19.53,19.8,19.39,0.98,1.69,金E0上,上,a甲↗上4.A6,(升)人.孕孕vo,0橅.Aa龙猪.初,,6,4,95,持主,,多长,2.6,1.9,4.6,6,
6,58,10,-0.51
2016/11/9,19.04,19.56,19.56,18.96,-3.15,-0.51,金E2上,上,b乙→中5.Y,跌.尾吞oV,5蛀.Fe震正根.初,,-1,5,96,持被,,多长,1.4,1.7,4.8,6,
6,0,9,2
2016/11/10,19.35,19.17,19.42,19.05,1.63,2,金E0上,上,b乙↗上6.I暂,跌.尾反孕oVo,4暂.Fd震正芽.初,,1,6,97,持主,,多长,0.7,1.6,4.7,6,
6,82,7,0.1
2016/11/11,19.09,19.32,19.37,19.01,-1.34,0.1,金E2上,上,b乙→中7.Y暂,跌.尾吞oV,5暂.Fe震正根.主,,-1,7,98,持被,,多长,0.6,1.3,4.1,5,
6,-1300,6,1.31
2016/11/14,19.13,19.09,19.34,19.01,0.21,1.31,金E2上,上,b乙→中8.Z-2暂,跌.尾反孕oVo,5暂.Fe震正根.主,,-2,8,99,持被,,多长,0.7,1.1,3.1,4,
6,16,4,1.05
2016/11/15,19.32,19.13,19.33,19.03,0.99,1.05,金E0上,上,b乙↗上9.I暂,升.尾连oQ.Q2,4暂.Fd震正芽.主,,1,9,100,持主,,多长,0.5,1.1,1.7,2,
6,95,3,2.17
2016/11/16,19.42,19.32,19.74,19.32,0.52,2.17,金E0上.盈,上,b乙↗上10.B2暂,升.尾连QQ.Q3,4暂.Fd震正芽.主,雀连3,2,10,101,持主,,多长,2.4,1.2,2.4,3,
6,24,4,0
2016/11/17,19.15,19.21,19.42,18.99,-1.39,0,金E2上,上,b乙→中11.Y暂,(升)人.连后吞QV,5暂.Fe震正根.主,,-1,11,102,持被,,多长,0.8,1,2.5,3,
5,0,4,0.63
2016/11/18,18.94,19.15,19.27,18.89,-1.1,0.63,金e5中.被,中,c丙↘下12.Z-2暂,跌.尾连VW.W2,5暂.__Df头负._破,,-2,-1,103,卖浮,,多长,0.5,0.6,2.9,,
,-175,4,1.74
2016/11/21,19.26,18.74,19.27,18.74,1.69,1.74,金E0上,上,b乙↗上13.I暂,(跌)人.连后吞WO,4暂.Dd头正芽.再B,,1,1,104,持主,,多长,0.4,0.6,2.9,3,
3,97,5,0.73
2016/11/22,19.23,19.26,19.4,19.12,-0.16,0.73,金E0上,上,b乙↗上14.B2暂,(跌)人.连后吞WOv,4暂.Dd头正芽.再B,,2,2,105,持主,,多长,1.1,0.6,2.8,3,
3,-21,5,0.42
2016/11/23,18.95,19.18,19.31,18.83,-1.46,0.42,金e5中.警,中,z丁↘忑-1.Y暂,跌.尾连vW.W2,5暂.__Aa龙猪._破,,-1,-1,106,卖浮,,多长,0.9,0.3,1.5,,
,-350,4,0.74
2016/11/24,18.64,18.95,19.09,18.49,-1.64,0.74,金e5中.警,中,z丁↘忑-2.Z-2暂,跌.尾连WW.W3,5暂.__Aa龙猪._初,,-2,-2,107,卖浮,,多长,0.4,-0.2,2,,
,-221,5,0.43
2016/11/25,18.18,18.64,18.72,18.14,-2.47,0.43,金e6下.警,下,z丁↘忑-3.Z-3暂,跌.尾连WW.W4,5暂.__Aa龙猪._初,,-3,-3,108,卖浮,,多被,-0.5,-1.1,3.2,,
,-575,7,1.87
2016/11/28,18.41,18.42,18.52,18.21,1.27,1.87,金e6下.警,下,z丁↘忑-4.Z-4,跌.尾反孕Wo,9妩.__Aa龙猪._初,,-4,-4,109,卖浮,,多被,-0.8,-1.5,3.9,,
,68,7,2.06
2016/11/29,18.56,18.44,18.79,18.43,0.81,2.06,金e6下.警,下,z丁↘忑-5.Z-5,升.尾连oQ.Q2,7姗.__Bb龙管杂._初,,-5,-5,110,卖浮,,多被,0.9,-1.7,3.7,,
,39,6,0.32
2016/11/30,18.28,18.34,18.62,18.18,-1.51,0.32,金e6下.警,下,z丁↘忑-6.Z-6,(升)人.连后吞QV,7姗.__Fa震正〇._初,,-6,-6,111,卖浮,,多被,0.5,-1.9,3,,
,-467,5,0.6
2016/12/1,18.15,18.25,18.39,18.08,-0.71,0.6,金e6下.警,下,z丁↘忑-7.Z-7,跌.尾连VW.W2,7姗.__Bb龙管杂._主,,-7,-7,112,卖浮,,多被,-0.2,-2.2,2,,
,-118,4,0.44
2016/12/2,18.01,18.15,18.23,17.95,-0.77,0.44,金e6下.警,下,z丁↘忑-8.Z-8,跌.尾连WW.W3,7姗.__Bb龙管杂._主,,-8,-8,113,卖浮,,多被,-0.4,-2.5,2.6,,
,-175,5,0.94
2016/12/5,18.14,17.86,18.18,17.75,0.72,0.94,金e6下.警,下,z丁↘忑-9.Z-9,跌.尾反孕Wo,9妩.__Aa龙猪._主,,-9,-9,114,卖浮,,多被,-0.4,-2.6,3,,
,76,6,1.27
2016/12/6,18.26,18.22,18.37,18.14,0.66,1.27,金e6下.警,下,z丁↘忑-10.Z-10,升.尾连oQ.Q2,7姗.__Bb龙管杂._主,,-10,-10,115,卖浮,,多被,0.7,-2.4,2.1,,
,52,5,1.1
2016/12/7,18.33,18.16,18.46,18.16,0.38,1.1,金e6下.警,下,y戊↘忠-11.I,升.尾连QQ.Q3,4蛀.__Be龙管根._主,,1,-11,116,卖浮,,多被,1.1,-2.2,1.1,,
,35,4,0.22
2016/12/8,18.02,18.37,18.37,18.01,-1.69,0.22,金e6下.警,下,y戊↘忑-12.Y暂,(升)人.连后吞QV,5暂.__Fa震正〇._主,,-1,-12,117,卖浮,,多被,0.9,-2.2,1.4,,
,-775,4,0.72
2016/12/9,17.73,18.02,18.15,17.65,-1.61,0.72,金v0忑.警,忑,y戊↘忑-13.Z-2暂,跌.尾连VW.W2,5暂.__Aa龙猪._主,,-2,-13,-1,NA,,空看,0.3,-2.6,2,,
,-223,5,1.13
2016/12/12,16.81,17.72,17.93,16.67,-5.19,1.13,金v0忑.警,忑,y戊↘忑-14.Z-3暂,跌.尾连WW.W3,5暂.__Aa龙猪._主,,-3,-14,-2,NA,,空看,0.8,-3.7,3.8,,
,-460,11,1.61
2016/12/13,17.08,16.77,17.08,16.7,1.61,1.61,金v0忑.警,忑,y戊↘忑-15.Z-4,跌.尾反孕Wo,9妩.__Aa龙猪._主,,-4,-15,-3,NA,,空看,-2.7,-4.4,5.2,,
,100,11,2.46
2016/12/14,17.14,17.16,17.5,16.82,0.35,2.46,金v0忑.警,忑,y戊↘忑-16.Z-5,升.尾连oQ.Q2,7姗.__Bb龙管杂._主,,-5,-16,-4,NA,,空看,0.5,-4.7,5.5,,
,14,10,2.39
2016/12/15,17.19,17.01,17.55,16.97,0.29,2.39,金v0忑.警,忑,y戊↘忑-17.Z-6,升.尾连QQ.Q3,6娝.__Fa震正〇._主,,-6,-17,-5,NA,,空看,1.3,-4.7,4.7,,
,12,9,1.4
2016/12/16,17.33,17.19,17.43,17.18,0.81,1.4,嘘v0忑.警,忑,y戊↘忑-18.Z-7,升.尾连QQ.Q4,6娝.__Fa震正〇._主,,-7,-18,-6,NA,,空看,0.7,-4.5,3.6,,
,58,8,2.71
2016/12/19,17.49,17.33,17.8,17.33,0.92,2.71,嘘v1忑.警,忑,y戊↘忠-19.I,升.尾连QQ.Q5,4蛀.__Fe震正根._主,,1,-19,-7,NA,,空看,2.6,-4,2.6,,
,34,7,1.26
2016/12/20,17.62,17.5,17.71,17.4,0.74,1.26,嘘v1忑.警,忑,y戊↘忠-20.B2,升.尾连QQ.Q6,4蛀.__Fe震正根._主,,2,-20,-8,NA,,空看,1.7,-3.4,2.2,,
,59,6,1.25
2016/12/21,17.6,17.58,17.84,17.44,-0.11,1.25,嘘v1忑.警,忑,y戊↘忠-21.B3,升.尾反孕Qv,4蛀.__Fe震正根._主,,3,-21,-9,NA,,空看,2.1,-2.9,2.1,,
,-9,5,0.68
2016/12/22,17.31,17.6,17.72,17.22,-1.65,0.68,嘘v0忑.警,忑,y戊↘忑-22.Y暂,跌.尾连vW.W2,5暂.__Fa震正〇._主,,-1,-22,-10,NA,,空看,1.6,-2.8,2.2,,
,-242,4,0.64
2016/12/23,17.13,17.18,17.42,17.06,-1.04,0.64,嘘v0忑.警,忑,y戊↘忑-23.Z-2暂,跌.尾连WW.W3,5暂.__Fa震正〇._主,,-2,-23,-11,NA,,空看,0.3,-2.9,2.7,,
,-164,5,1.52
2016/12/26,17.36,17.26,17.39,16.95,1.34,1.52,嘘v0忑.警,忑,y戊↘忑-24.Z-3暂,(跌)人.连后吞WO,5暂.__Fa震正〇._主,,-3,-24,-12,NA,,空看,0.2,-2.8,2.8,,
,88,5,1.21
2016/12/27,17.42,17.36,17.57,17.31,0.35,1.21,嘘v1忑.警,忑,y戊↘忠-25.I暂,升.尾连OQ.Q2,4暂.__Fe震正根._主,,1,-25,-13,NA,,空看,1.2,-2.6,2.7,,
,29,5,0.52
2016/12/28,17.28,17.51,17.51,17.17,-0.8,0.52,嘘v0忑.警,忑,y戊↘忑-26.Y暂,(升)人.连后吞QV,5暂.__Fa震正〇._主,,-1,-26,-14,NA,,空看,0.9,-2.5,2.2,,
,-156,5,0.69
2016/12/29,17.11,17.37,17.4,16.99,-0.98,0.69,嘘v0忑.警,忑,y戊↘忑-27.Z-2暂,跌.尾连VW.W2,5暂.__Fa震正〇._主,,-2,-27,-15,NA,,空看,0.6,-2.5,1.6,,
,-142,4,1.34
2016/12/30,17.11,17.11,17.34,17,0,1.34,嘘v0忑.警,忑,y戊↘忑-28.Z-3暂,跌.尾反孕Wo,5暂.__Fa震正〇._主,,-3,-28,-16,NA,,空看,0.6,-2.6,1.9,,
,0,4,3.16
2017/1/3,17.6,17.11,17.65,17.11,2.86,3.16,嘘v2忑,忑,r己↗忐-29.I暂,升.尾连oQ.Q2,4暂.__Fe震正根.储,,1,-29,-17,NA,,空看,2,-2.1,2,,
,91,4,1.02
2017/1/4,17.64,17.6,17.78,17.49,0.23,1.02,嘘v2忑,忑,r己↗忐-30.B2暂,升.尾连QQ.Q3,4暂.__Fe震正根.储,,2,-30,-18,NA,,空看,2.2,-1.5,2.2,,
,22,5,2.72
2017/1/5,17.82,17.65,18.12,17.65,1.02,2.72,嘘V5忠.盈,忠,a甲↗上1.B3暂,升.尾连QQ.Q4,4暂.Aa龙猪.储,a连4,3,1,-19,NA,,空看,3.5,-0.9,3.5,2,
2,37,7,1.12
2017/1/6,17.41,17.75,18.02,17.37,-2.3,1.12,嘘v3忑,忑,a甲↗上2.A4,(升)人.连后吞QV,1柜.__Ff震负.储,,4,-1,-20,NA,,空看,2.9,-0.8,3.5,,
,-205,7,1.55
2017/1/9,17.67,17.42,17.68,17.22,1.49,1.55,嘘v3忑,忑,a甲↗上3.A5,(升)人.连后吞QVo,1柜.__Ff震负.储,,5,-2,-21,NA,,空看,0.7,-0.6,3.3,,
,96,6,0.17
2017/1/10,17.47,17.68,17.7,17.22,-1.13,0.17,嘘v3忑,忑,b乙→中4.Y,(人)人.孕孕vo,5蛀.__Ff震负._再C,,-1,-3,-22,NA,,空看,0.9,-0.6,3.3,,
,-667,5,0.63
2017/1/11,17.36,17.46,17.58,17.26,-0.63,0.63,嘘v3忑.被,忑,c丙↘下5.Z-2,跌.尾连vW.W2,5蛀.__Df头负._再C,,-2,-4,-23,NA,,空看,0.5,-0.8,3.6,,
,-100,5,0.06
2017/1/12,17.18,17.36,17.37,17.13,-1.04,0.06,嘘v0忑.警,忑,z丁↘忑-1.Z-3,跌.尾连WW.W3,5蛀.__Fa震正〇._再C,,-3,-5,-24,NA,,空看,-0.3,-1.1,3.5,,
,-1800,5,0.7
2017/1/13,16.71,17.19,17.3,16.67,-2.74,0.7,嘘v0忑.警,忑,z丁↘忑-2.Z-4,跌.尾连WW.W4,9妩.__Aa龙猪._再C,,-4,-6,-25,NA,,空看,0.3,-1.8,2.7,,
,-392,6,4.79
2017/1/16,16.23,16.71,17.51,15.57,-2.87,4.79,嘘v0忑.警,忑,z丁↘忑-3.Z-5,跌.尾连WW.W5,9妩.__Aa龙猪._再C,,-5,-7,-26,NA,,空看,3.1,-2.8,4.3,,
,-60,14,-0.12
2017/1/17,16.09,16.21,16.21,15.12,-0.86,-0.12,嘘v0忑.警,忑,z丁↘忑-4.Z-6,跌.尾连WW.W6,9妩.__Aa龙猪._再C,,-6,-8,-27,NA,,空看,-3.1,-3.8,5.1,,
,0,16,-0.44
2017/1/18,15.39,15.72,16.02,15.35,-4.35,-0.44,嘘v0忑.警,忑,z丁↘忑-5.Z-7,跌.尾连WW.W7,9妩.__Aa龙猪._主,,-7,-9,-28,NA,,空看,-2.1,-5.1,7,,
,0,16,0.65
2017/1/19,15.07,15.49,15.49,14.97,-2.08,0.65,嘘v0忑.警,忑,z丁↘忑-6.Z-8,跌.尾连WW.W8,9妩.__Aa龙猪._主,,-8,-10,-29,NA,,空看,-3.2,-6.4,9.4,,
,-320,17,2.39
2017/1/20,15.3,15.1,15.43,15.1,1.53,2.39,尿v0忑.警,忑,z丁↘忑-7.Z-9,跌.尾反孕Wo,9妩.__Aa龙猪._主,,-9,-11,-30,NA,,空看,-2.1,-7.1,11.1,,
,64,17,1.76
2017/1/23,15.53,15.3,15.57,15.3,1.5,1.76,尿v0忑.警,忑,z丁↘忑-8.Z-10,升.尾连oQ.Q2,7姗.__Bb龙管杂._主,,-10,-12,-31,NA,,空看,-0.6,-7.1,3.5,,
,85,8,0.26
2017/1/24,15.24,15.57,15.57,15.08,-1.87,0.26,尿v0忑.警,忑,z丁↘忑-9.Z-11,(升)人.连后吞QV,7姗.__Fa震正〇._主,,-11,-13,-32,NA,,空看,0.2,-7.2,3.1,,
,-725,7,1.05
2017/1/25,15.35,15.27,15.4,15.05,0.72,1.05,尿v0忑.警,忑,z丁↘忑-10.Z-12,(升)人.连后吞QVo,7姗.__Fa震正〇._主,,-12,-14,-33,NA,,空看,-0.5,-7,0.6,,
,69,4,1.04
2017/1/26,15.39,15.39,15.51,15.19,0.26,1.04,尿v0忑.警,忑,z丁↘忑-11.Z-13,升.尾连oQ.Q2,6娝.__Fa震正〇._主,,-13,-15,-34,NA,,空看,0.5,-6.7,0.8,,
,25,3,1.04
2017/2/3,15.44,15.4,15.55,15.3,0.32,1.04,尿v0忑.警,忑,z丁↘忑-12.Z-14,升.尾连QQ.Q3,6娝.__Fa震正〇._主,,-14,-16,-35,NA,,空看,0.8,-6.2,0.9,,
,31,3,3.11
2017/2/6,15.77,15.37,15.92,15.37,2.14,3.11,尿v1忑.警,忑,y戊↘忠-13.I,升.尾连QQ.Q4,4蛀.__Fe震正根._主,,1,-17,-36,NA,,空看,2.7,-5.5,2.7,,
,69,6,0.57
2017/2/7,15.7,15.77,15.86,15.64,-0.44,0.57,尿v1忑.警,忑,y戊↘忠-14.B2,升.尾反孕Qv,4蛀.__Fe震正根._主,,2,-18,-37,NA,,空看,1.9,-4.8,2.3,,
,-78,6,1.02
2017/2/8,15.83,15.7,15.86,15.59,0.83,1.02,尿v2忑,忑,r己↗忐-15.B3,升.尾吞vO,4蛀.__Fe震正根.储,,3,-19,-38,NA,,空看,1.4,-4.1,1.8,,
,81,5,0.76
2017/2/9,15.85,15.86,15.95,15.79,0.13,0.76,尿v2忑,忑,r己↗忐-16.A4,升.尾连OQ.Q2,0橅.__Fe震正根.储,,4,-20,-39,NA,,空看,1.6,-3.5,1.6,,
,17,4,0.25
2017/2/10,15.79,15.87,15.89,15.7,-0.38,0.25,尿v2忑,忑,r己↗忐-17.A5,(升)人.连后吞QV,1柜.__Fe震正根.储,,5,-21,-40,NA,,空看,1,-3.1,1.4,,
,-150,4,0.51
2017/2/13,15.85,15.78,15.87,15.62,0.38,0.51,尿v2忑,忑,r己↗忐-18.A6,(升)人.连后吞QVo,1柜.__Fe震正根.储,,6,-22,-41,NA,,空看,0.7,-2.7,1.2,,
,75,2,-0.06
2017/2/14,15.59,15.81,15.84,15.48,-1.64,-0.06,尿v0忑.警,忑,y戊↘忑-19.Y,跌.尾吞oV,5蛀.__Fa震正〇._再B,,-1,-23,-42,NA,,空看,0.7,-2.7,1.4,,
,0,3,0.71
2017/2/15,15.51,15.6,15.7,15.48,-0.51,0.71,尿v0忑.警,忑,y戊↘忑-20.Z-2,跌.尾连VW.W2,5蛀.__Fa震正〇._再B,,-2,-24,-43,NA,,空看,0.1,-2.7,1.7,,
,-73,3,0.84
2017/2/16,15.52,15.59,15.64,15.47,0.06,0.84,尿v0忑.警,忑,y戊↘忑-21.Z-3,跌.尾反孕Wo,5蛀.__Fa震正〇._再B,,-3,-25,-44,NA,,空看,0.1,-2.8,1.7,,
,8,3,1.87
2017/2/17,15.64,15.51,15.81,15.51,0.77,1.87,尿v0忑.警,忑,y戊↘忑-22.Z-4,升.尾连oQ.Q2,7姗.__Fa震正〇._再B,,-4,-26,-45,NA,,空看,1.2,-2.6,1.6,,
,41,3,0.06
2017/2/20,15.5,15.59,15.65,15.35,-0.9,0.06,尿v0忑.警,忑,y戊↘忑-23.Z-5,(升)人.连后吞QV,7姗.__Bb龙管杂._主,,-5,-27,-46,NA,,空看,0.4,-2.6,1.6,,
,-1400,3,2.26
2017/2/21,15.83,15.56,15.85,15.4,2.13,2.26,尿v2忑,忑,r己↗忐-24.I,(人)人.吞吞* VO,4蛀.__Fe震正根.储,,1,-28,-47,NA,,空看,1.3,-2.2,1.3,,
,94,3,0.19
2017/2/22,15.82,15.86,15.86,15.66,-0.06,0.19,尿v2忑,忑,r己↗忐-25.B2,(人)人.吞吞* VO,4蛀.__Fe震正根.储,,2,-29,-48,NA,,空看,1.1,-1.8,1.1,,
,-33,3,0
2017/2/23,15.66,15.74,15.82,15.48,-1.01,0,尿v2忑,忑,r己↗忐-26.B3,跌.尾连vW.W2,4蛀.__Fe震正根.储,,3,-30,-49,NA,,空看,0.8,-1.6,1.1,,
,0,3,4.66
2017/2/24,16.23,15.94,16.39,15.74,3.64,4.66,尿V5忠.盈,忠,a甲↗上1.A4,(跌)人.连后吞WO,2栅.Bc龙管栅.储,a,4,1,-50,NA,,空看,3.6,-0.9,3.6,2,
2,78,7,1.48
2017/2/27,16.11,16.21,16.47,16.06,-0.74,1.48,尿V5忠.盈,忠,a甲↗上2.A5,(跌)人.连后吞WOv,2栅.Bc龙管栅.储,a,5,2,-51,NA,,空看,3.5,-0.4,3.5,3,
3,-50,7,0.31
2017/2/28,16.03,15.99,16.16,15.96,-0.5,0.31,尿V5忠,忠,a甲↗上3.A6,跌.尾连vW.W2,3桮.Bd龙管杂.储,,6,3,-52,NA,,空看,1.3,-0.1,3.2,3,
3,-160,6,0.44
2017/3/1,15.94,16.1,16.1,15.88,-0.56,0.44,尿V5忠,忠,a甲↗上4.A7,跌.尾连WW.W3,3桮.Bd龙管杂.储,,7,4,-53,NA,,空看,0.9,-0.1,3.2,3,
3,-129,6,0.56
2017/3/2,15.87,15.97,16.03,15.7,-0.44,0.56,尿v3忑,忑,b乙→中5.Y,跌.尾连WW.W4,5蛀.__Ff震负._再C,,-1,-1,-54,NA,,空看,0.5,-0.2,3.3,,
,-78,5,-0.06
2017/3/3,15.79,15.86,15.86,15.65,-0.5,-0.06,尿v3忑.被,忑,c丙↘下6.Z-2,跌.尾连WW.W5,5蛀.__Df头负._再C,,-2,-2,-55,NA,,空看,-0.3,-0.3,3.6,,
,0,5,7.47
2017/3/6,16.74,15.84,16.97,15.7,6.02,7.47,尿V5忠.盈,忠,b乙↗上7.I暂,(跌)人.连后吞WO,4暂.Aa龙猪.初,a高,1,1,-56,NA,,空看,5.5,0.6,5.5,6,
6,81,8,1.37
2017/3/7,16.78,16.75,16.97,16.58,0.24,1.37,尿V6忐.盈,忐,b乙↗上8.B2暂,升.尾连OQ.Q2,4暂.Aa龙猪.初,a,2,2,-57,NA,,空看,4.3,1.4,4.3,5,
5,17,8,1.97
2017/3/8,16.94,16.78,17.11,16.62,0.95,1.97,尿V6忐.盈,忐,b乙↗上9.B3暂,升.尾连QQ.Q3,4暂.Aa龙猪.初,a连3,3,3,-58,NA,,空看,3.9,2.3,3.9,6,
6,48,9,-0.12
2017/3/9,16.68,16.87,16.92,16.53,-1.53,-0.12,尿V6忐,忐,b乙↗上10.A4,(升)人.连后吞QV,1柜.Aa龙猪.初,,4,4,-59,NA,,空看,2.2,2.5,3.3,5,
5,0,9,3.66
2017/3/10,17.16,16.58,17.29,16.49,2.88,3.66,嘘E9忐.盈,忐,b乙↗上11.A5,(人)人.吞吞* VO,1柜.Aa龙猪.初,a,5,5,1,持主,,多长,3.5,3.1,3.5,6,
6,79,10,2.74
2017/3/13,17.28,17.11,17.63,16.77,0.7,2.74,嘘E9忐.盈,忐,b乙↗上12.A6,升.尾连OQ.Q2,1柜.Aa龙猪.主,a,6,6,2,持主,,多长,4.5,3.6,4.5,8,
8,26,7,2.08
2017/3/14,17.21,17.2,17.64,17.08,-0.41,2.08,嘘E9忐.盈,忐,b乙↗上13.A7,升.尾反孕Qv,1柜.Aa龙猪.主,a,7,7,3,持主,,多长,3.9,3.8,3.9,7,
7,-19,7,1.28
2017/3/15,17.31,17.21,17.43,17.12,0.58,1.28,嘘E9忐,忐,b乙↗上14.A8,升.尾吞vO,0橅.Aa龙猪.主,,8,8,4,持主,,多长,2,4,3.3,7,
7,45,7,0.92
2017/3/16,17.24,17.41,17.47,17.17,-0.4,0.92,嘘E9忐,忐,b乙↗上15.A9,升.尾反孕vOv,0橅.Aa龙猪.主,,9,9,5,持主,,多长,1.9,4,2.9,7,
7,-44,7,0.7
2017/3/17,16.77,17.24,17.36,16.7,-2.73,0.7,嘘V6忐,忐,b乙→中16.Y,跌.尾连vW.W2,5蛀.Fe震正根.主,,-1,10,-1,NA,,空看,1.7,3.3,3.4,6,
6,-392,6,0.6
2017/3/20,16.85,16.78,16.87,16.6,0.48,0.6,嘘V6忐,忐,b乙→中17.Z-2,跌.尾反孕Wo,5蛀.Fe震正根.主,,-2,11,-2,NA,,空看,-0.8,2.8,3.7,6,
6,80,6,1.54
2017/3/21,17.1,16.84,17.11,16.67,1.48,1.54,嘘E9忐,忐,b乙↗上18.I暂,升.尾连oQ.Q2,4暂.Fd震正芽.主,,1,12,1,持主,,多长,0.6,2.6,2.7,5,
6,96,5,-0.35
2017/3/22,16.88,17.01,17.04,16.69,-1.29,-0.35,嘘V6忐,忐,b乙→中19.Y暂,升.尾反孕Qv,5暂.Fe震正根.主,,-1,13,-1,NA,,空看,0.3,2.3,2.9,5,
6,0,5,6.75
2017/3/23,17.62,16.77,18.02,16.77,4.38,6.75,嘘E9忐.盈,忐,b乙↗上20.I暂,升.尾吞vO,4暂.Aa龙猪.主,a高,1,14,1,持主,,多长,5.3,2.7,5.3,8,
8,65,9,1.76
2017/3/24,17.54,17.49,17.93,17.31,-0.45,1.76,金E9忐,忐,b乙↗上21.B2暂,升.尾反孕vOv,4暂.Aa龙猪.主,,2,15,2,持主,,多长,4,3.1,4.5,7,
7,-26,9,1.48
2017/3/27,17.35,17.39,17.8,17.29,-1.08,1.48,金E0上,上,b乙↗上22.B3暂,跌.尾连vW.W2,4暂.Aa龙猪.主,,3,16,3,持主,,多长,2.9,3.1,4.2,7,
7,-73,8,1.38
2017/3/28,17.52,17.26,17.59,17.07,0.98,1.38,金E0上,上,b乙↗上23.A4,(跌)人.连后吞WO,2栅.Fa震正〇.主,,4,17,4,持主,,多长,1.3,3.1,3.8,7,
7,71,8,1.31
2017/3/29,17.12,17.52,17.75,16.77,-2.28,1.31,金E2上,上,b乙→中24.Y,(人)人.吞吞* OV,5蛀.Fe震正根.主,,-1,18,5,持被,,多长,2.5,2.7,4.1,6,
6,-174,7,-1.46
2017/3/30,16.57,16.87,16.87,16.47,-3.21,-1.46,金v9下.被,下,c丙↘下25.Z-2,跌.尾连VW.W2,5蛀.__Df头负._破,,-2,-1,-1,NA,,空看,-1.6,1.7,4.6,,
,0,9,1.21
2017/3/31,16.37,16.57,16.77,16.19,-1.21,1.21,嘘v9下.警,下,z丁↘忑-1.Z-3,跌.尾连WW.W3,5蛀.__Aa龙猪._破,,-3,-2,-2,NA,,空看,-1,0.6,5.1,,
,-100,10,4.09
2017/4/5,16.99,16.67,17.04,16.48,3.79,4.09,嘘V7上.警,上,z丁↘忑-2.Z-4,(跌)人.连后吞WO,8姖.Ff震负.破,,-4,1,-3,NA,,空看,0.8,0.4,5,5,
7,93,10,1.29
2017/4/6,16.98,17,17.21,16.88,-0.06,1.29,嘘V7上.警,上,y戊↘忠-3.I,(跌)人.连后吞WOv,4蛀.Ff震负.再C,,1,2,-4,NA,,空看,1.8,0.4,5,5,
7,-5,10,-0.06
2017/4/7,16.63,16.97,16.97,16.58,-2.06,-0.06,嘘v9下.警,下,y戊↘忑-4.Y暂,跌.尾连vW.W2,5暂.__Fa震正〇._破,,-1,-1,-5,NA,,空看,0.7,0.1,2.1,,
,0,6,2.04
2017/4/10,16.8,16.57,16.97,16.39,1.02,2.04,嘘v9下.警,下,y戊↘忑-5.Z-2暂,跌.尾反孕Wo,5暂.__Fa震正〇._破,,-2,-2,-6,NA,,空看,0.9,0,2.3,,
,50,6,-0.83
2017/4/11,16.43,16.63,16.66,16.18,-2.2,-0.83,嘘v9下.警,下,y戊↘忑-6.Z-3暂,跌.尾吞oV,5暂.__Aa龙猪._初,,-3,-3,-7,NA,,空看,-0.4,-0.4,2.9,,
,0,6,-0.49
2017/4/12,16.12,16.21,16.35,15.89,-1.89,-0.49,嘘v4忑.警,忑,y戊↘忑-7.Z-4,跌.尾连VW.W2,9妩.__Aa龙猪._初,,-4,-4,-8,NA,,空看,-1.4,-1.1,3.8,,
,0,8,2.23
2017/4/13,16.19,16.12,16.48,15.99,0.43,2.23,嘘v0忑.警,忑,y戊↘忑-8.Z-5,跌.尾反孕Wo,9妩.__Aa龙猪._初,,-5,-5,-9,NA,,空看,0.2,-1.6,3.1,,
,19,7,3.58
2017/4/14,16.29,16.26,16.77,16.09,0.62,3.58,尿v0忑.警,忑,y戊↘忑-9.Z-6,升.尾连oQ.Q2,7姗.__Bb龙管杂._初,,-6,-6,-10,NA,,空看,2.3,-1.8,3.5,,
,17,7,1.04
2017/4/17,15.85,16.28,16.46,15.49,-2.7,1.04,尿v0忑.警,忑,y戊↘忑-10.Z-7,(升)人.连后吞QV,7姗.__Bb龙管杂._初,,-7,-7,-11,NA,,空看,1.2,-2.3,3.2,,
,-259,8,3.03
2017/4/18,15.95,15.85,16.33,15.72,0.63,3.03,尿v0忑.警,忑,y戊↘忑-11.Z-8,(升)人.连后吞QVo,7姗.__Bb龙管杂._初,,-8,-8,-12,NA,,空看,1.1,-2.6,3.8,,
,21,8,1.44
2017/4/19,16.1,15.74,16.18,15.72,0.94,1.44,尿v0忑.警,忑,y戊↘忑-12.Z-9,升.尾连oQ.Q2,6娝.__Bc龙管栅._主,,-9,-9,-13,NA,,空看,0.3,-2.6,4,,
,65,8,1.3
2017/4/20,16.3,16.1,16.31,16.02,1.24,1.3,尿v1忑.警,忑,y戊↘忠-13.I,升.尾连QQ.Q3,4蛀.__Fe震正根._主,,1,-10,-14,NA,,空看,1,-2.2,3.8,,
,95,8,1.35
2017/4/21,16.37,16.3,16.52,16.2,0.43,1.35,尿v1忑.警,忑,y戊↘忠-14.B2,升.尾连QQ.Q4,4蛀.__Fe震正根._主,,2,-11,-15,NA,,空看,1.9,-1.8,1.9,,
,32,7,0.98
2017/4/24,16.29,16.53,16.53,15.79,-0.49,0.98,尿v1忑.警,忑,y戊↘忠-15.B3,(升)人.连后吞QV,4蛀.__Fe震正根._主,,3,-12,-16,NA,,空看,1.8,-1.5,1.8,,
,-50,5,5.46
2017/4/25,17.06,16.28,17.18,16.18,4.73,5.46,尿V6忐.盈,忐,a甲↗上1.A4,(人)人.吞吞* VO,1柜.Aa龙猪.储,a高,4,1,-17,NA,,空看,4.6,-0.5,4.6,4,
4,87,9,4.34
2017/4/26,17.52,17.31,17.8,17.09,2.7,4.34,尿E9忐.盈,忐,a甲↗上2.A5,升.尾连OQ.Q2,1柜.Aa龙猪.初,a偏,5,2,1,持主,,多长,6.5,0.8,6.5,7,
7,62,13,1.31
2017/4/27,17.7,17.26,17.75,16.9,1.03,1.31,尿E9忐.盈,忐,a甲↗上3.A6,升.尾连QQ.Q3,1柜.Aa龙猪.初,连3,6,3,2,持主,,多长,4.4,2.1,4.7,6,
6,78,13,0.28
2017/4/28,17.46,17.46,17.75,17.26,-1.36,0.28,金E9忐,忐,a甲↗上4.A7,升.尾反孕Qv,0橅.Aa龙猪.初,,7,4,3,持主,,多长,3.4,2.7,3.7,6,
6,-480,13,0.52
2017/5/2,17.53,17.36,17.55,16.82,0.4,0.52,金E0上,上,a甲↗上5.A8,升.尾吞vO,0橅.Fa震正〇.初,,8,5,4,持主,,多长,1.6,3.1,3,6,
6,78,10,-0.17
2017/5/3,17.34,17.26,17.5,17.08,-1.08,-0.17,金E0上,上,a甲↗上6.A9,(升)人.吞吞vOV,1柜.Fa震正〇.初,,9,6,5,持主,,多长,1,3,2.8,5,
5,0,6,0.69
2017/5/4,17.34,17.3,17.46,17.11,0,0.69,金E0上,上,a甲↗上7.A10,(人)人.吞吞* VO,1柜.Fa震正〇.主,,10,7,6,持主,,多长,0.7,2.8,2.4,5,
5,0,6,0.35
2017/5/5,16.83,17.35,17.4,16.74,-2.94,0.35,金E1上.被,上,c丙↘下8.Y,(人)人.吞吞* OV,5蛀.Fe震正根.破,,-1,8,7,持被,,多长,1,2.1,3.1,5,
5,-850,6,0.65
2017/5/8,16.49,16.68,16.94,15.8,-2.02,0.65,金v9下.被,下,c丙↘下9.Z-2,跌.尾连VW.W2,5蛀.__Df头负._破,,-2,-1,-1,NA,,空看,-0.6,1.1,3,,
,-309,11,0.73
2017/5/9,16.48,16.27,16.61,15.97,-0.06,0.73,金v9下.警,下,z丁↘忑-1.Z-3,跌.尾连WW.W3,5蛀.__Fa震正〇._破,,-3,-2,-2,NA,,空看,-1.6,0.3,3.7,,
,-8,11,0.73
2017/5/10,16.4,16.49,16.6,16.24,-0.49,0.73,金v9下.警,下,z丁↘忑-2.Z-4,跌.尾连WW.W4,9妩.__Fa震正〇._初,,-4,-3,-3,NA,,空看,-0.8,-0.4,4.4,,
,-67,11,0.18
2017/5/11,16.32,16.43,16.43,15.98,-0.49,0.18,金v9下.警,下,z丁↘忑-3.Z-5,跌.尾连WW.W5,9妩.__Fa震正〇._初,,-5,-4,-4,NA,,空看,-1.1,-1,4.8,,
,-267,10,-0.31
2017/5/12,15.99,16.12,16.27,15.69,-2.02,-0.31,尿v0忑.警,忑,z丁↘忑-4.Z-6,跌.尾连WW.W6,9妩.__Aa龙猪._初,,-6,-5,-5,NA,,空看,-1.1,-1.7,3,,
,0,8,0.69
2017/5/15,15.91,15.89,16.1,15.89,-0.5,0.69,尿v0忑.警,忑,z丁↘忑-5.Z-7,跌.尾连WW.W7,9妩.__Aa龙猪._初,,-7,-6,-6,NA,,空看,-1.2,-2.3,2,,
,-73,6,2.51
2017/5/16,16.24,15.87,16.31,15.59,2.07,2.51,尿v0忑.警,忑,z丁↘忑-6.Z-8,(跌)人.连后吞WO,8姖.__Aa龙猪._初,,-8,-7,-7,NA,,空看,0.4,-2.3,2.2,,
,82,6,0.74
2017/5/17,16.11,16.25,16.36,16.04,-0.8,0.74,尿v0忑.警,忑,z丁↘忑-7.Z-9,(跌)人.连后吞WOv,8姖.__Aa龙猪._初,,-9,-8,-8,NA,,空看,1,-2.3,1.4,,
,-108,5,0.12
2017/5/18,15.95,15.98,16.13,15.89,-0.99,0.12,尿v0忑.警,忑,z丁↘忑-8.Z-10,跌.尾连vW.W2,8姖.__Aa龙猪._主,,-10,-9,-9,NA,,空看,0,-2.5,1.4,,
,-800,5,0.44
2017/5/19,15.98,15.94,16.02,15.87,0.19,0.44,尿v0忑.警,忑,z丁↘忑-9.Z-11,(跌)人.连后吞WO,6娝.__Fa震正〇._主,,-11,-10,-10,NA,,空看,-0.4,-2.5,1.7,,
,43,5,1
2017/5/22,15.67,15.97,16.14,15.67,-1.94,1,尿v0忑.警,忑,z丁↘忑-10.Z-12,(人)人.吞吞* OV,8姖.__Fa震正〇._主,,-12,-11,-11,NA,,空看,1,-2.8,2.4,,
,-194,5,-0.13
2017/5/23,15,15.65,15.65,14.94,-4.28,-0.13,尿v0忑.警,忑,z丁↘忑-11.Z-13,跌.尾连VW.W2,8姖.__Aa龙猪._主,,-13,-12,-12,NA,,空看,-0.6,-3.8,3.9,,
,0,10,2.73
2017/5/24,15.27,14.94,15.41,14.46,1.8,2.73,尿v0忑.警,忑,z丁↘忑-12.Z-14,跌.尾反孕Wo,8姖.__Aa龙猪._主,,-14,-13,-13,NA,,空看,-1.1,-4.3,3.6,,
,66,12,1.96
2017/5/25,15.34,15.22,15.57,14.93,0.46,1.96,尿v0忑.警,忑,z丁↘忑-13.Z-15,升.尾连oQ.Q2,7姗.__Bb龙管杂._主,,-15,-14,-14,NA,,空看,0.5,-4.4,4.2,,
,23,12,0.52
2017/5/26,15.26,15.27,15.42,15.18,-0.52,0.52,尿v0忑.警,忑,z丁↘忑-14.Z-16,升.尾反孕Qv,7姗.__Bb龙管杂._主,,-16,-15,-15,NA,,空看,0,-4.5,4.7,,
,-100,12,2.69
2017/5/31,15.34,15.59,15.67,15.25,0.52,2.69,尿v0忑.警,忑,z丁↘忑-15.Z-17,升.尾吞vO,7姗.__Fa震正〇._主,,-17,-16,-16,NA,,空看,1.8,-4.3,1.8,,
,20,8,-0.07
2017/6/1,14.93,15.33,15.33,14.9,-2.67,-0.07,尿v0忑.警,忑,z丁↘忑-16.Z-18,(升)人.吞吞vOV,7姗.__Fa震正〇._主,,-18,-17,-17,NA,,空看,0.3,-4.5,2.6,,
,0,8,0.67
2017/6/2,15.02,14.78,15.03,14.33,0.6,0.67,尿v0忑.警,忑,z丁↘忑-17.Z-19,(升)人.吞吞vOVo,8姖.__Aa龙猪._主,,-19,-18,-18,NA,,空看,-1.1,-4.6,3.1,,
,90,9,0.53
2017/6/5,14.94,14.9,15.1,14.8,-0.53,0.53,尿v0忑.警,忑,z丁↘忑-18.Z-20,(人)人.孕孕vo,8姖.__Aa龙猪._主,,-20,-19,-19,NA,,空看,-0.1,-4.7,3.6,,
,-100,9,1.27
2017/6/6,14.98,14.84,15.13,14.78,0.27,1.27,尿v0忑.警,忑,z丁↘忑-19.Z-21,升.尾吞vO,8姖.__Aa龙猪._主,,-21,-20,-20,NA,,空长,0.4,-4.6,4,,
,21,9,2.8
2017/6/7,15.37,15.1,15.4,14.83,2.6,2.8,尿v1忑.警,忑,y戊↘忠-20.I,升.尾连OQ.Q2,4蛀.__Fe震正根._主,,1,-21,-21,NA,,空长,1.8,-4,1.8,,
,93,7,2.6
2017/6/8,15.72,15.37,15.77,15.37,2.28,2.6,尿v2忑,忑,r己↗忐-21.B2,升.尾连QQ.Q3,4蛀.__Fe震正根.储,,2,-22,-22,NA,,空长,3.3,-3,3.3,,
,88,10,0.89
2017/6/9,15.79,15.67,15.86,15.3,0.45,0.89,尿v2忑,忑,r己↗忐-22.B3,升.尾连QQ.Q4,4蛀.__Fe震正根.储,,3,-23,-23,NA,,空长,2.9,-2,2.9,,
,50,7,-0.25
2017/6/12,15.44,15.68,15.75,15.42,-2.22,-0.25,尿v3忑,忑,a甲↗上1.A4,(升)人.连后吞QV,1柜.__Ff震负.储,,4,-24,-24,NA,,空长,1.9,-1.7,2.6,,
,0,7,1.17
2017/6/13,15.35,15.29,15.62,15.28,-0.58,1.17,尿v3忑.被,忑,c丙↘下2.Y,跌.尾连VW.W2,5蛀.__Df头负._再C,,-1,-25,-25,NA,,空长,1.2,-1.7,2.7,,
,-50,7,0.33
2017/6/14,15.35,15.18,15.4,15.05,0,0.33,尿v0忑.警,忑,z丁↘忑-1.Z-2,(跌)人.连后吞WO,5蛀.__Fa震正〇._再C,,-2,-26,-26,NA,,空长,-0.1,-1.7,2.9,,
,0,5,0.39
2017/6/15,15.28,15.27,15.41,15.17,-0.46,0.39,尿v0忑.警,忑,z丁↘忑-2.Z-3,(跌)人.连后吞WOv,5蛀.__Fa震正〇._再C,,-3,-27,-27,NA,,空长,0.2,-1.7,3.1,,
,-117,5,0.26
2017/6/16,15.07,15.27,15.32,15.03,-1.37,0.26,尿v0忑.警,忑,z丁↘忑-3.Z-4,跌.尾连vW.W2,8姖.__Fa震正〇._再C,,-4,-28,-28,NA,,空长,0.1,-2,2.9,,
,-525,5,1.79
2017/6/19,15.29,14.97,15.34,14.97,1.46,1.79,尿v0忑.警,忑,z丁↘忑-4.Z-5,(跌)人.连后吞WO,6娝.__Fa震正〇._再C,,-5,-29,-29,NA,,空长,0.4,-1.9,2.2,,
,81,4,0.59
2017/6/20,15.18,15.38,15.38,15.15,-0.72,0.59,尿v0忑.警,忑,z丁↘忑-5.Z-6,(跌)人.连后吞WOv,8姖.__Fa震正〇._主,,-6,-30,-30,NA,,空长,0.8,-1.9,1,,
,-122,3,1.12
2017/6/21,15.15,15.35,15.35,15.1,-0.2,1.12,尿v0忑.警,忑,z丁↘忑-6.Z-7,跌.尾连vW.W2,8姖.__Fa震正〇._主,,-7,-31,-31,NA,,空长,0.8,-1.9,1.2,,
,-18,3,1.58
2017/6/22,15.19,15.09,15.39,15.09,0.26,1.58,尿v0忑.警,忑,z丁↘忑-7.Z-8,跌.尾反孕Wo,8姖.__Fa震正〇._主,,-8,-32,-32,NA,,空长,1.2,-1.9,1.2,,
,17,3,0.53
2017/6/23,15.25,15.18,15.27,14.78,0.39,0.53,尿v1忑.警,忑,y戊↘忠-8.I,升.尾连oQ.Q2,4蛀.__Be龙管根._主,,1,-33,-33,NA,,空长,0.4,-1.7,1.1,,
,75,4,-0.26
2017/6/26,15.14,15.06,15.21,15.02,-0.72,-0.26,尿v0忑.警,忑,y戊↘忑-9.Y暂,(升)人.连后吞QV,5暂.__Aa龙猪._主,,-1,-34,-34,NA,,空长,0.1,-1.7,1.3,,
,0,4,0
2017/6/27,14.94,15.07,15.14,14.84,-1.32,0,尿v0忑.警,忑,y戊↘忑-10.Z-2暂,跌.尾连VW.W2,5暂.__Aa龙猪._主,,-2,-35,-35,NA,,空长,0,-1.9,1.7,,
,0,4,-0.27
2017/6/28,14.78,14.83,14.9,14.5,-1.07,-0.27,尿v0忑.警,忑,y戊↘忑-11.Z-3暂,跌.尾连WW.W3,5暂.__Aa龙猪._主,,-3,-36,-36,NA,,空长,-1,-2.2,2.3,,
,0,6,1.01
2017/6/29,14.8,14.76,14.93,14.64,0.14,1.01,尿v0忑.警,忑,y戊↘忑-12.Z-4,跌.尾反孕Wo,9妩.__Aa龙猪._主,,-4,-37,-37,NA,,空长,-0.3,-2.4,2,,
,13,5,6.49
2017/6/30,15.7,14.81,15.76,14.67,6.08,6.49,屎V5忠.盈,忠,r己↗忐-13.I,升.尾连oQ.Q2,4蛀.Df头负.储,a高,1,1,-38,NA,,空长,4.3,-1.5,4.3,2,
2,94,9,0.76
2017/7/3,15.71,15.67,15.82,15.45,0.06,0.76,屎V5忠.盈,忠,a甲↗上1.B2,升.尾连QQ.Q3,4蛀.Aa龙猪.储,a连3,2,2,-39,NA,,空长,3.5,-0.6,3.5,2,
2,8,9,1.59
2017/7/4,15.62,15.71,15.96,15.52,-0.57,1.59,屎V5忠.盈,忠,a甲↗上2.B3,(升)人.连后吞QV,4蛀.Aa龙猪.初,a,3,3,-40,NA,,空长,3.7,0,3.7,3,
3,-36,10,2.05
2017/7/5,15.85,15.62,15.94,15.54,1.47,2.05,屎V6忐,忐,a甲↗上3.A4,(人)人.吞吞* VO,1柜.Aa龙猪.初,,4,4,-41,NA,,空看,2.7,0.7,2.8,3,
3,72,9,1.39
2017/7/6,16.04,15.77,16.07,15.58,1.2,1.39,屎V6忐.盈,忐,a甲↗上4.A5,升.尾连OQ.Q2,1柜.Aa龙猪.初,a,5,5,-42,NA,,空看,2.6,1.4,2.6,3,
3,86,10,0.37
2017/7/7,16.05,15.96,16.1,15.88,0.06,0.37,屎V6忐.盈,忐,a甲↗上5.A6,升.尾连QQ.Q3,1柜.Aa龙猪.初,a连3,6,6,-43,NA,,空看,2,1.8,2,3,
3,17,4,0.19
2017/7/10,15.76,16.05,16.08,15.57,-1.81,0.19,屎V6忐,忐,a甲↗上6.A7,(升)人.连后吞QV,1柜.Aa龙猪.初,,7,7,-44,NA,,空看,1.8,1.8,1.9,3,
3,-967,4,0.63
2017/7/11,15.65,15.63,15.86,15.12,-0.7,0.63,屎V5忠,忠,b乙→中7.Y,跌.尾连VW.W2,5蛀.Be龙管根.初,,-1,8,-45,NA,,空长,0.5,1.5,2.1,3,
3,-110,6,-0.45
2017/7/12,15.52,15.52,15.58,15.22,-0.83,-0.45,屎V5忠.被,忠,c丙↘下8.Z-2,跌.尾连WW.W3,5蛀.Fe震正根.破,,-2,9,-46,NA,,空长,-0.8,1.1,2.5,3,
3,0,6,0.26
2017/7/13,15.37,15.37,15.56,15.27,-0.97,0.26,屎v4忑.被,忑,c丙↘下9.Z-3,跌.尾连WW.W4,5蛀.__Df头负._破,,-3,-1,-47,NA,,空长,-0.4,0.6,3.1,,
,-375,6,1.17
2017/7/14,15.49,15.19,15.55,15.19,0.78,1.17,屎v4忑.被,忑,c丙↘下10.Z-4,(跌)人.连后吞WO,8姖.__Df头负._破,,-4,-2,-48,NA,,空长,-0.1,0.3,3.3,,
,67,6,-0.06
2017/7/17,15.16,15.37,15.48,14.8,-2.13,-0.06,屎v4忑.警,忑,z丁↘忑-1.Z-5,(人)人.吞吞* OV,8姖.__Aa龙猪._初,,-5,-3,-49,NA,,空长,0.1,-0.3,2.5,,
,0,7,0.73
2017/7/18,15.19,14.98,15.27,14.88,0.2,0.73,屎v0忑.警,忑,z丁↘忑-2.Z-6,(人)人.吞吞* OV,8姖.__Aa龙猪._初,,-6,-4,-50,NA,,空长,-0.7,-0.7,1.3,,
,27,5,0.72
2017/7/19,15.1,15.05,15.3,14.8,-0.59,0.72,屎v0忑.警,忑,z丁↘忑-3.Z-7,(人)人.孕孕vo,8姖.__Aa龙猪._初,,-7,-5,-51,NA,,空长,0,-1,1.7,,
,-82,5,0.46
2017/7/20,15.07,15.1,15.17,14.99,-0.2,0.46,屎v0忑.警,忑,z丁↘忑-4.Z-8,跌.尾连vW.W2,9妩.__Aa龙猪._初,,-8,-6,-52,NA,,空长,-0.4,-1.3,2.1,,
,-43,5,1
2017/7/21,15.2,15.07,15.22,14.96,0.86,1,屎v0忑.警,忑,z丁↘忑-5.Z-9,(跌)人.连后吞WO,8姖.__Aa龙猪._初,,-9,-7,-53,NA,,空长,0.1,-1.3,1.8,,
,87,5,-0.07
2017/7/24,15.16,15.1,15.19,15.03,-0.26,-0.07,屎v0忑.警,忑,z丁↘忑-6.Z-10,(跌)人.连后吞WOv,8姖.__Fa震正〇._主,,-10,-8,-54,NA,,空长,0,-1.3,0.7,,
,0,3,0.4
2017/7/25,15.11,15.14,15.22,15.06,-0.33,0.4,屎v0忑.警,忑,z丁↘忑-7.Z-11,跌.尾连vW.W2,8姖.__Fa震正〇._主,,-11,-9,-55,NA,,空长,0.3,-1.3,0.8,,
,-83,3,0.33
2017/7/26,14.93,15.08,15.16,14.88,-1.19,0.33,屎v0忑.警,忑,z丁↘忑-8.Z-12,跌.尾连WW.W3,8姖.__Fa震正〇._主,,-12,-10,-56,NA,,空长,0.3,-1.5,0.7,,
,-360,2,1.67
2017/7/27,15.12,14.88,15.18,14.86,1.27,1.67,屎v0忑.警,忑,z丁↘忑-9.Z-13,(跌)人.连后吞WO,8姖.__Fa震正〇._主,,-13,-11,-57,NA,,空长,0.5,-1.5,0.8,,
,76,2,0.73
2017/7/28,15.04,15.06,15.23,15.04,-0.53,0.73,屎v0忑.警,忑,z丁↘忑-10.Z-14,(跌)人.连后吞WOv,8姖.__Fa震正〇._主,,-14,-12,-58,NA,,空长,1,-1.4,1,,
,-73,2,1.33
2017/7/31,15.22,15.04,15.24,14.93,1.2,1.33,屎v1忑.警,忑,y戊↘忠-11.I,升.尾吞vO,4蛀.__Fe震正根._主,,1,-13,-59,NA,,空长,0.8,-1.2,0.8,,
,90,3,0.66
2017/8/1,15.26,15.28,15.32,15.02,0.26,0.66,屎v2忑,忑,r己↗忐-12.B2,升.尾连OQ.Q2,4蛀.__Fe震正根.储,,2,-14,-60,NA,,空长,1.1,-0.9,1.1,,
,40,3,0.13
2017/8/2,15.03,15.27,15.28,14.93,-1.51,0.13,屎v0忑.警,忑,y戊↘忑-13.Y暂,(升)人.连后吞QV,5暂.__Fa震正〇._再B,,-1,-15,-61,NA,,空长,1,-0.9,1.2,,
,-1150,3,0.6
2017/8/3,15.01,14.94,15.12,14.82,-0.13,0.6,屎v0忑.警,忑,y戊↘忑-14.Z-2暂,跌.尾连VW.W2,5暂.__Aa龙猪._再B,,-2,-16,-62,NA,,空长,0.1,-1,1.4,,
,-22,3,-0.07
2017/8/4,14.87,15,15,14.85,-0.93,-0.07,屎v0忑.警,忑,y戊↘忑-15.Z-3暂,跌.尾连WW.W3,5暂.__Aa龙猪._再B,,-3,-17,-63,NA,,空长,-0.3,-1.3,1.8,,
,0,3,0.87
2017/8/7,14.9,14.86,15,14.86,0.2,0.87,屎v0忑.警,忑,y戊↘忑-16.Z-4,跌.尾反孕Wo,9妩.__Aa龙猪._再B,,-4,-18,-64,NA,,空长,0,-1.4,2.1,,
,23,3,5.5
2017/8/8,15.47,14.9,15.72,14.85,3.83,5.5,屎V5忠.盈,忠,r己↗忐-17.I,升.尾连oQ.Q2,4蛀.Df头负.储,a高,1,1,-65,NA,,空长,4.2,-0.8,4.2,3,
3,70,6,-0.45
2017/8/9,15.26,15.18,15.4,15.18,-1.36,-0.45,屎V5忠,忠,a甲↗上1.B2,升.尾反孕Qv,4蛀.Aa龙猪.储,,2,2,-66,NA,,空长,1.6,-0.4,3.8,3,
3,0,6,0.07
2017/8/10,14.99,15.19,15.27,14.93,-1.77,0.07,屎v0忑.警,忑,z丁↘忑-1.Y暂,跌.尾连vW.W2,5暂.__Fa震正〇._再C,,-1,-1,-67,NA,,空长,0.9,-0.5,3.9,,
,-2700,6,0
2017/8/11,14.9,14.99,14.99,14.85,-0.6,0,屎v0忑.警,忑,z丁↘忑-2.Z-2暂,跌.尾连WW.W3,5暂.__Fa震正〇._再C,,-2,-2,-68,NA,,空长,-0.5,-0.8,4.3,,
,0,6,1.14
2017/8/14,15.06,14.98,15.07,14.86,1.07,1.14,屎v0忑.警,忑,z丁↘忑-3.Z-3暂,(跌)人.连后吞WO,5暂.__Fa震正〇._再C,,-3,-3,-69,NA,,空长,0.1,-0.8,4.4,,
,94,6,3.39
2017/8/15,15.3,15,15.57,15,1.59,3.39,屎V5忠.盈,忠,r己↗忐-4.I暂,升.尾连OQ.Q2,4暂.Df头负.储,雀,1,1,-70,NA,,空长,3.1,-0.5,3.1,2,
3,47,5,2.09
2017/8/16,15.33,15.32,15.62,15.27,0.2,2.09,屎V5忠.盈,忠,a甲↗上1.B2暂,升.尾连QQ.Q3,4暂.Dd头正芽.储,雀连3,2,2,-71,NA,,空长,3,-0.1,3,2,
3,9,5,0.39
2017/8/17,15.32,15.34,15.39,15.23,-0.07,0.39,屎V5忠,忠,a甲↗上2.B3暂,升.尾反孕Qv,4暂.Dd头正芽.初,,3,3,-72,NA,,空长,1.1,0.1,2.7,2,
3,-17,5,1.76
2017/8/18,15.53,15.34,15.59,15.23,1.37,1.76,屎V6忐,忐,a甲↗上3.A4,升.尾吞vO,0橅.Dd头正芽.初,,4,4,-73,NA,,空看,1.9,0.5,2.1,2,
3,78,5,2
2017/8/21,15.81,15.51,15.84,15.41,1.8,2,屎V6忐.盈,忐,a甲↗上4.A5,升.尾连OQ.Q2,0橅.Aa龙猪.初,a,5,5,-74,NA,,空看,2.7,1.2,2.7,3,
3,90,6,0.19
2017/8/22,15.7,15.76,15.84,15.57,-0.7,0.19,屎V6忐.盈,忐,a甲↗上5.A6,升.尾反孕Qv,0橅.Aa龙猪.初,a,6,6,-75,NA,,空看,2.1,1.5,2.1,3,
3,-367,4,0
2017/8/23,15.41,15.7,15.7,15.36,-1.85,0,屎V6忐,忐,b乙→中6.Y,跌.尾连vW.W2,5蛀.Be龙管根.初,,-1,7,-76,NA,,空看,1.2,1.4,2.1,3,
3,0,4,0.78
2017/8/24,15.46,15.45,15.53,15.29,0.32,0.78,屎V6忐,忐,b乙→中7.Z-2,跌.尾反孕Wo,5蛀.Be龙管根.初,,-2,8,-77,NA,,空看,0.2,1.2,2.2,3,
3,42,4,1.88
2017/8/25,15.7,15.46,15.75,15.34,1.55,1.88,屎V6忐,忐,b乙↗上8.I暂,升.尾连oQ.Q2,4暂.Fd震正芽.主,,1,9,-78,NA,,空看,1.3,1.3,1.9,3,
3,83,4,0.7
2017/8/28,15.71,15.74,15.81,15.61,0.06,0.7,屎V6忐.盈,忐,b乙↗上9.B2暂,升.尾连QQ.Q3,4暂.Fd震正芽.主,连3,2,10,-79,NA,,空看,1.4,1.5,1.6,3,
3,9,4,0.45
2017/8/29,15.6,15.72,15.78,15.47,-0.7,0.45,屎V6忐,忐,b乙↗上10.B3暂,(升)人.连后吞QV,4暂.Fd震正芽.主,,3,11,-80,NA,,空看,1.1,1.4,1.3,2,
2,-157,3,1.54
2017/8/30,15.78,15.52,15.84,15.52,1.15,1.54,屎V6忐.盈,忐,b乙↗上11.A4,(人)人.吞吞* VO,1柜.Aa龙猪.主,a,4,12,-81,NA,,空看,1.3,1.5,1.3,2,
2,75,4,1.01
2017/8/31,15.86,15.79,15.94,15.62,0.51,1.01,屎E9忐.盈,忐,b乙↗上12.A5,升.尾连OQ.Q2,1柜.Aa龙猪.主,a,5,13,1,持主,,多被,1.5,1.7,1.5,3,
3,50,4,0.25
2017/9/1,15.75,15.75,15.9,15.71,-0.69,0.25,屎V6忐,忐,b乙↗上13.A6,(升)人.连后吞QV,3桮.Bd龙管杂.主,,6,14,-1,NA,,空看,1.1,1.7,1.4,3,
3,-275,3,0.51
2017/9/4,15.69,15.75,15.83,15.57,-0.38,0.51,屎V6忐,忐,b乙→中14.Y,跌.尾连VW.W2,5蛀.Be龙管根.主,,-1,15,-2,NA,,空看,0.7,1.5,1.4,2,
2,-75,3,0.25
2017/9/5,15.39,15.66,15.73,15.28,-1.91,0.25,屎V6忐.被,忐,c丙↘下15.Z-2,跌.尾连WW.W3,5蛀.Fe震正根.破,,-2,16,-3,NA,,空看,0.5,1.1,1.9,2,
2,-750,4,1.3
2017/9/6,15.56,15.43,15.59,15.33,1.1,1.3,屎V6忐.被,忐,c丙↘下16.Z-3,跌.尾反孕Wo,5蛀.Fe震正根.破,,-3,17,-4,NA,,空看,-0.1,0.8,2.1,2,
2,85,4,0.39
2017/9/7,15.47,15.56,15.62,15.42,-0.58,0.39,屎V5忠.警,忠,z丁↘忑-1.Z-4,(跌)人.孕孕ov,9妩.Ff震负.破,,-4,18,-5,NA,,空长,0.3,0.5,2.1,2,
2,-150,4,3.04
2017/9/8,15.77,15.43,15.94,15.43,1.94,3.04,屎V7上.盈,上,a甲↗上1.I,升.尾吞vO,4蛀.Aa龙猪.再C,a,1,19,-6,NA,,空看,2.1,0.7,2.1,2,
2,64,4,0.57
2017/9/11,15.68,15.85,15.86,15.58,-0.57,0.57,屎V7上,上,a甲↗上2.B2,升.尾反孕vOv,4蛀.Aa龙猪.再C,,2,20,-7,NA,,空看,1.5,0.7,2,2,
2,-100,4,1.72
2017/9/12,15.58,15.68,15.95,15.57,-0.64,1.72,屎V7上.盈,上,b乙→中3.Y暂,跌.尾连vW.W2,5暂.Be龙管根.再C,a,-1,21,-8,NA,,空看,2.1,0.7,2.1,2,
2,-37,4,0.51
2017/9/13,15.61,15.55,15.66,15.45,0.19,0.51,屎V7上,上,b乙→中4.Z-2暂,跌.尾反孕Wo,5暂.Be龙管根.再C,,-2,22,-9,NA,,空看,0.3,0.6,2.1,2,
2,37,3,0.51
2017/9/14,15.58,15.61,15.69,15.51,-0.19,0.51,屎V7上.被,上,c丙↘下5.Z-3暂,(跌)人.孕孕ov,5暂.Fe震正根.破,,-3,23,-10,NA,,空看,0.5,0.5,2.2,2,
2,-37,3,0.19
2017/9/15,15.52,15.59,15.61,15.45,-0.39,0.19,屎V7上.警,上,z丁↘忑-1.Z-4,跌.尾连vW.W2,9妩.Ff震负.破,,-4,24,-11,NA,,空看,0.1,0.3,2.3,2,
2,-200,3,2.19
2017/9/18,15.84,15.51,15.86,15.47,2.06,2.19,屎V7上,上,a甲↗上1.I,(跌)人.连后吞WO,4蛀.Dd头正芽.再C,,1,25,-12,NA,,空看,1.4,0.6,2,2,
2,94,3,9.79
2017/9/19,16.58,16.55,17.39,15.96,4.67,9.79,屎E0上.盈,上,a甲↗上2.B2,升.尾连OQ.Q2,4蛀.Aa龙猪.再C,a高,2,26,1,持主,,多被,9.7,1.6,9.7,11,
11,48,13,0
2017/9/20,16.24,16.58,16.58,16,-2.05,0,屎E0上,上,a甲↗上3.B3,(升)人.连后吞QV,4蛀.Aa龙猪.再C,,3,27,2,持主,,多被,3.7,2.2,8.7,11,
11,0,13,-0.49
2017/9/21,15.87,16.15,16.16,15.86,-2.28,-0.49,屎E0上,上,a甲↗上4.A4,跌.尾连VW.W2,2栅.Bc龙管栅.再C,,4,28,3,持主,,多被,1,2,8.7,10,
10,0,13,0.69
2017/9/22,15.87,15.77,15.98,15.72,0,0.69,屎E2上,上,b乙→中5.Y,跌.尾反孕Wo,5蛀.Fe震正根.再B,,-1,29,4,持被,,多被,0.1,1.7,8.9,10,
10,0,12,0.19
2017/9/25,15.21,15.78,15.9,15.12,-4.16,0.19,屎v9下.被,下,c丙↘下6.Z-2,跌.尾吞oV,5蛀.__Df头负._破,,-2,-1,-1,NA,,空长,0.7,0.7,10.1,,
,-2200,15,0.07
2017/9/26,14.95,15.1,15.22,14.79,-1.71,0.07,屎v9下.警,下,z丁↘忑-1.Z-3,跌.尾连VW.W2,5蛀.__Aa龙猪._初,,-3,-2,-2,NA,,空长,-2.2,-0.4,6.5,,
,-2600,12,1.4
2017/9/27,14.96,14.98,15.16,14.93,0.07,1.4,屎v9下.警,下,z丁↘忑-2.Z-4,跌.尾反孕Wo,9妩.__Aa龙猪._初,,-4,-3,-3,NA,,空长,-1.4,-1.3,5.1,,
,5,9,0.47
2017/9/28,14.9,14.94,15.03,14.8,-0.4,0.47,屎v9下.警,下,z丁↘忑-3.Z-5,跌.尾吞oV,9妩.__Aa龙猪._初,,-5,-4,-4,NA,,空长,-1.3,-2,4.9,,
,-86,8,1.07
2017/9/29,15.02,14.95,15.06,14.9,0.81,1.07,屎v0忑.警,忑,z丁↘忑-4.Z-6,(跌)人.吞吞oVO,8姖.__Fa震正〇._初,,-6,-5,-5,NA,,空长,-0.6,-2.2,4.9,,
,75,8,1.66
2017/10/9,14.77,15.16,15.27,14.73,-1.66,1.66,屎v0忑.警,忑,z丁↘忑-5.Z-7,(人)人.吞吞* OV,8姖.__Aa龙猪._初,,-7,-6,-6,NA,,空长,1.5,-2.6,1.5,,
,-100,4,1.15
2017/10/10,14.93,14.77,14.94,14.76,1.08,1.15,屎v0忑.警,忑,z丁↘忑-6.Z-8,(人)人.吞吞* OV,8姖.__Aa龙猪._主,,-8,-7,-7,NA,,空长,-0.4,-2.7,1.8,,
,94,4,1.94
2017/10/11,14.98,14.88,15.22,14.84,0.33,1.94,屎v0忑.警,忑,z丁↘忑-7.Z-9,升.尾连oQ.Q2,7姗.__Bb龙管杂._主,,-9,-8,-8,NA,,空长,1.6,-2.5,1.9,,
,17,4,0.53
2017/10/12,14.91,14.96,15.06,14.83,-0.47,0.53,屎v0忑.警,忑,z丁↘忑-8.Z-10,升.尾反孕Qv,7姗.__Fa震正〇._主,,-10,-9,-9,NA,,空长,0.6,-2.5,2,,
,-88,4,0.74
2017/10/13,14.98,14.91,15.02,14.84,0.47,0.74,屎v0忑.警,忑,z丁↘忑-9.Z-11,升.尾吞vO,7姗.__Fa震正〇._主,,-11,-10,-10,NA,,空长,0.4,-2.3,2,,
,64,4,0.47
2017/10/16,14.77,14.98,15.05,14.75,-1.4,0.47,屎v0忑.警,忑,z丁↘忑-10.Z-12,(升)人.吞吞vOV,7姗.__Fa震正〇._主,,-12,-11,-11,NA,,空长,0.9,-2.3,2,,
,-300,3,1.22
2017/10/17,14.79,14.68,14.95,14.68,0.14,1.22,屎v0忑.警,忑,z丁↘忑-11.Z-13,(升)人.吞吞vOVo,8姖.__Aa龙猪._主,,-13,-12,-12,NA,,空长,0.5,-2.4,2.3,,
,11,4,0.88
2017/10/18,14.8,14.83,14.92,14.79,0.07,0.88,屎v0忑.警,忑,z丁↘忑-12.Z-14,升.尾连oQ.Q2,7姗.__Bb龙管杂._主,,-14,-13,-13,NA,,空长,0.4,-2.3,1.4,,
,8,3,0.27
2017/10/19,14.45,14.84,14.84,14.44,-2.36,0.27,屎v0忑.警,忑,z丁↘忑-13.Z-15,(升)人.连后吞QV,7姗.__Bb龙管杂._主,,-15,-14,-14,NA,,空长,0.5,-2.7,2,,
,-875,4,0.9
2017/10/20,14.53,14.47,14.58,14.31,0.55,0.9,屎v0忑.警,忑,z丁↘忑-14.Z-16,(升)人.连后吞QVo,7姗.__Bb龙管杂._主,,-16,-15,-15,NA,,空长,-0.7,-2.8,2.5,,
,62,5,0.69
2017/10/23,14.48,14.58,14.63,14.44,-0.34,0.69,屎v0忑.警,忑,z丁↘忑-15.Z-17,(人)人.孕孕vo,7姗.__Bb龙管杂._主,,-17,-16,-16,NA,,空长,0,-3,2.2,,
,-50,4,1.52
2017/10/24,14.63,14.48,14.7,14.46,1.04,1.52,屎v0忑.警,忑,z丁↘忑-16.Z-18,升.尾吞vO,8姖.__Aa龙猪._主,,-18,-17,-17,NA,,空长,0.6,-2.8,2.1,,
,68,4,0.75
2017/10/25,14.71,14.68,14.74,14.57,0.55,0.75,屎v1忑.警,忑,y戊↘忠-17.I,升.尾连OQ.Q2,4蛀.__Fe震正根._主,,1,-18,-18,NA,,空长,0.7,-2.5,1.4,,
,73,4,-0.2
2017/10/26,14.56,14.6,14.68,14.46,-1.02,-0.2,屎v0忑.警,忑,y戊↘忑-18.Y暂,(升)人.连后吞QV,5暂.__Fa震正〇._主,,-1,-19,-19,NA,,空长,0.4,-2.4,0.8,,
,0,3,0.41
2017/10/27,14.58,14.58,14.62,14.54,0.14,0.41,屎v0忑.警,忑,y戊↘忑-19.Z-2暂,(升)人.连后吞QVo,5暂.__Fa震正〇._主,,-2,-20,-20,NA,,空长,0.1,-2.3,0.9,,
,33,2,0.48
2017/10/30,14.05,14.58,14.65,13.99,-3.64,0.48,屎v0忑.警,忑,y戊↘忑-20.Z-3暂,跌.尾吞oV,5暂.__Aa龙猪._主,,-3,-21,-21,NA,,空长,1.2,-2.8,1.8,,
,-757,5,1.49
2017/10/31,14.2,14.01,14.26,14.01,1.07,1.49,屎v0忑.警,忑,y戊↘忑-21.Z-4,跌.尾反孕oVo,9妩.__Aa龙猪._主,,-4,-22,-22,NA,,空长,-0.9,-3.1,2.4,,
,71,5,0.77
2017/11/1,14.17,14.2,14.31,14.1,-0.21,0.77,屎v0忑.警,忑,y戊↘忑-22.Z-5,(跌)人.孕孕ov,9妩.__Aa龙猪._主,,-5,-23,-23,NA,,空长,-0.1,-3.2,2.5,,
,-27,5,1.13
2017/11/2,14.22,14.19,14.33,14.11,0.35,1.13,屎v0忑.警,忑,y戊↘忑-23.Z-6,升.尾吞vO,8姖.__Fa震正〇._主,,-6,-24,-24,NA,,空长,0.3,-3.2,2.6,,
,31,5,0.42
2017/11/3,14.15,14.19,14.28,14.11,-0.49,0.42,屎v0忑.警,忑,y戊↘忑-24.Z-7,(升)人.吞吞vOV,8姖.__Fa震正〇._主,,-7,-25,-25,NA,,空长,0.2,-3.2,2.8,,
,-117,5,0.71
2017/11/6,13.93,14.15,14.25,13.8,-1.55,0.71,屎v0忑.警,忑,y戊↘忑-25.Z-8,跌.尾连VW.W2,8姖.__Aa龙猪._主,,-8,-26,-26,NA,,空长,0.6,-3.3,1.2,,
,-220,4,0.43
2017/11/7,13.94,13.93,13.99,13.87,0.07,0.43,屎v0忑.警,忑,y戊↘忑-26.Z-9,跌.尾反孕Wo,8姖.__Aa龙猪._主,,-9,-27,-27,NA,,空长,-0.8,-3.5,1.6,,
,17,4,1
2017/11/8,14.07,13.97,14.08,13.91,0.93,1,屎v0忑.警,忑,y戊↘忑-27.Z-10,升.尾连oQ.Q2,7姗.__Bb龙管杂._主,,-10,-28,-28,NA,,空长,0,-3.3,1.8,,
,93,4,0
2017/11/9,14.02,14.07,14.07,13.93,-0.36,0,屎v0忑.警,忑,y戊↘忑-28.Z-11,升.尾反孕Qv,7姗.__Fa震正〇._主,,-11,-29,-29,NA,,空长,0.1,-3.2,1.6,,
,0,3,-0.07
2017/11/10,13.98,14,14.01,13.92,-0.29,-0.07,屎v0忑.警,忑,y戊↘忑-29.Z-12,跌.尾连vW.W2,7姗.__Fa震正〇._主,,-12,-30,-30,NA,,空长,-0.2,-3.1,1.5,,
,0,3,-0.07
2017/11/13,13.88,13.93,13.97,13.84,-0.72,-0.07,屎v0忑.警,忑,y戊↘忑-30.Z-13,跌.尾连WW.W3,7姗.__Fa震正〇._主,,-13,-31,-31,NA,,空长,-0.2,-3.1,0.6,,
,0,2,0.43
2017/11/14,13.73,13.94,13.94,13.7,-1.08,0.43,屎v0忑.警,忑,y戊↘忑-31.Z-14,跌.尾连WW.W4,9妩.__Aa龙猪._主,,-14,-32,-32,NA,,空长,0.1,-3.2,1.1,,
,-250,3,0
2017/11/15,13.44,13.73,13.73,13.24,-2.11,0,屎v0忑.警,忑,y戊↘忑-32.Z-15,跌.尾连WW.W5,9妩.__Aa龙猪._主,,-15,-33,-33,NA,,空长,-0.6,-3.7,1.9,,
,0,6,-0.07
2017/11/16,13.27,13.4,13.43,13.23,-1.26,-0.07,屎v0忑.警,忑,y戊↘忑-33.Z-16,跌.尾连WW.W6,9妩.__Aa龙猪._主,,-16,-34,-34,NA,,空长,-1.7,-4.2,2.6,,
,0,6,0.38
2017/11/17,12.7,13.24,13.32,12.69,-4.3,0.38,屎v0忑.警,忑,y戊↘忑-34.Z-17,跌.尾连WW.W7,9妩.__Aa龙猪._主,,-17,-35,-35,NA,,空长,-0.7,-5.3,4.2,,
,-1140,10,1.97
2017/11/20,12.88,12.61,12.95,12.33,1.42,1.97,屎v0忑.警,忑,y戊↘忑-35.Z-18,跌.尾反孕Wo,9妩.__Aa龙猪._主,,-18,-36,-36,NA,,空长,-2.2,-5.9,5.3,,
,72,13,0.62
2017/11/21,12.9,12.8,12.96,12.72,0.16,0.62,屎v0忑.警,忑,y戊↘忑-36.Z-19,升.尾连oQ.Q2,7姗.__Bb龙管杂._主,,-19,-37,-37,NA,,空长,-1.3,-6.1,4.6,,
,25,11,0.85
2017/11/22,12.88,12.9,13.01,12.78,-0.16,0.85,屎v0忑.警,忑,y戊↘忑-37.Z-20,升.尾反孕Qv,7姗.__Bb龙管杂._主,,-20,-38,-38,NA,,空长,-0.3,-6.1,2.9,,
,-18,9,1.24
2017/11/23,12.76,13.04,13.04,12.72,-0.93,1.24,屎v0忑.警,忑,y戊↘忑-38.Z-21,跌.尾连vW.W2,7姗.__Fa震正〇._主,,-21,-39,-39,NA,,空长,0.6,-6.2,2.7,,
,-75,8,0.63
2017/11/24,12.78,12.76,12.84,12.4,0.16,0.63,屎v0忑.警,忑,y戊↘忑-39.Z-22,跌.尾反孕Wo,7姗.__Fa震正〇._主,,-22,-40,-40,NA,,空长,-0.5,-6.1,1,,
,25,6,1.33
2017/11/27,12.86,12.91,12.95,12.71,0.63,1.33,屎v0忑.警,忑,y戊↘忑-40.Z-23,升.尾连oQ.Q2,7姗.__Fa震正〇._主,,-23,-41,-41,NA,,空长,0.5,-5.8,1.2,,
,47,5,3.34
2017/11/28,13.28,12.82,13.29,12.82,3.27,3.34,屎v1忑.警,忑,y戊↘忠-41.I,升.尾连QQ.Q3,4蛀.__Fe震正根._主,,1,-42,-42,NA,,空长,2.5,-4.9,2.5,,
,98,7,0.23
2017/11/29,13.27,13.3,13.31,13.1,-0.08,0.23,屎v2忑,忑,r己↗忐-42.B2,升.尾反孕Qv,4蛀.__Fe震正根.储,,2,-43,-43,NA,,空长,2,-4.1,2,,
,-33,7,-0.08
2017/11/30,13.07,13.16,13.26,13.04,-1.51,-0.08,屎v1忑.警,忑,y戊↘忠-43.B3,跌.尾连vW.W2,4蛀.__Fe震正根._再B,,3,-44,-44,NA,,空长,1.4,-3.6,1.8,,
,0,7,1.53
2017/12/1,13.27,13.05,13.27,13.05,1.53,1.53,屎v2忑,忑,r己↗忐-44.A4,(跌)人.连后吞WO,2栅.__Fe震正根.储,,4,-45,-45,NA,,空长,1.1,-3.1,1.4,,
,100,5,4.3
2017/12/4,13.54,13.27,13.84,13.15,2.03,4.3,屎v3忑,忑,a甲↗上1.A5,升.尾连OQ.Q2,2栅.__Ff震负.储,,5,-46,-46,NA,,空长,4.6,-2.3,4.6,,
,47,8,1.18
2017/12/5,13.59,13.5,13.7,13.43,0.37,1.18,屎V5忠.盈,忠,a甲↗上2.A6,升.尾连QQ.Q3,2栅.Bc龙管栅.储,连3,6,1,-47,NA,,空长,2.8,-1.5,3.8,2,
2,31,6,3.31
2017/12/6,13.99,13.59,14.04,13.47,2.94,3.31,屎V5忠.盈,忠,a甲↗上3.A7,升.尾连QQ.Q4,0橅.Aa龙猪.储,a连4,7,2,-48,NA,,空长,4,-0.4,4,3,
3,89,8,0.21
2017/12/7,13.9,13.9,14.02,13.81,-0.64,0.21,屎V5忠,忠,a甲↗上4.A8,升.尾反孕Qv,0橅.Aa龙猪.初,,8,3,-49,NA,,空长,2.9,0.3,3,3,
3,-300,8,0.14
2017/12/8,13.86,13.9,13.92,13.73,-0.29,0.14,屎V5忠,忠,a甲↗上5.A9,跌.尾连vW.W2,2栅.Bc龙管栅.初,,9,4,-50,NA,,空长,1.6,0.8,2.4,3,
3,-200,7,0.65
2017/12/11,13.87,13.87,13.95,13.78,0.07,0.65,屎V5忠,忠,a甲↗上6.A10,跌.尾反孕Wo,2栅.Fa震正〇.初,,10,5,-51,NA,,空长,1.4,1,2,3,
3,11,5,0.43
2017/12/12,13.76,13.93,13.93,13.7,-0.79,0.43,屎V5忠,忠,a甲↗上7.A11,跌.尾吞oV,2栅.Fa震正〇.初,,11,6,-52,NA,,空长,1.1,1,1.9,2,
2,-183,4,2.11
2017/12/13,14.04,13.74,14.05,13.71,2.03,2.11,屎V5忠.盈,忠,a甲↗上8.A12,(跌)人.吞吞oVO,2栅.Bc龙管栅.初,a,12,7,-53,NA,,空长,1.6,1.3,1.6,2,
2,97,3,0.93
2017/12/14,14.06,14.04,14.17,13.96,0.14,0.93,屎V5忠.盈,忠,a甲↗上9.A13,升.尾连OQ.Q2,1柜.Aa龙猪.初,a,13,8,-54,NA,,空长,1.9,1.5,1.9,3,
3,15,3,0.57
2017/12/15,14.12,13.95,14.14,13.85,0.43,0.57,屎V5忠.盈,忠,a甲↗上10.A14,升.尾连QQ.Q3,1柜.Aa龙猪.初,连3,14,9,-55,NA,,空长,1.3,1.8,1.5,3,
3,75,3,1.91
2017/12/18,14.25,14.09,14.39,14.01,0.92,1.91,屎V6忐.盈,忐,a甲↗上11.A15,升.尾连QQ.Q4,0橅.Aa龙猪.初,a连4,15,10,-56,NA,,空看,2.5,2.1,2.5,4,
4,48,5,-0.07
2017/12/19,14.19,14.24,14.24,14.04,-0.42,-0.07,屎V6忐,忐,a甲↗上12.A16,升.尾反孕Qv,0橅.Aa龙猪.初,,16,11,-57,NA,,空看,1.1,2.2,2.1,4,
4,0,5,0.56
2017/12/20,13.99,14.19,14.27,13.8,-1.41,0.56,屎V5忠,忠,b乙→中13.Y,跌.尾连vW.W2,5蛀.Be龙管根.主,,-1,12,-58,NA,,空长,1.3,2,2.2,4,
4,-250,4,-0.07
2017/12/21,13.77,13.89,13.98,13.67,-1.57,-0.07,屎V5忠.被,忠,c丙↘下14.Z-2,跌.尾连WW.W3,5蛀.Fe震正根.破,,-2,13,-59,NA,,空长,-0.2,1.4,2.7,4,
4,0,5,0.44
2017/12/22,13.67,13.83,13.83,13.53,-0.73,0.44,屎v4忑.被,忑,c丙↘下15.Z-3,跌.尾连WW.W4,5蛀.__Df头负._破,,-3,-1,-60,NA,,空长,-0.6,0.8,3.4,,
,-167,6,5.71
2017/12/25,14.25,13.59,14.45,13.53,4.24,5.71,屎V5忠.盈,忠,b乙↗上16.I暂,(跌)人.连后吞WO,4暂.Aa龙猪.再B,a高,1,1,-61,NA,,空长,3.4,1.1,3.4,4,
4,74,7,0.77
2017/12/26,14.29,14.17,14.36,14.02,0.28,0.77,屎V6忐,忐,b乙↗上17.B2暂,升.尾连OQ.Q2,4暂.Aa龙猪.再B,,2,2,-62,NA,,空看,2.2,1.5,2.8,4,
4,36,7,0
2017/12/27,14.21,14.29,14.29,14.07,-0.56,0,屎V6忐,忐,b乙↗上18.B3暂,升.尾反孕Qv,4暂.Aa龙猪.再B,,3,3,-63,NA,,空看,1.3,1.6,2.4,4,
4,0,7,1.76
2017/12/28,14.16,14.21,14.46,14,-0.35,1.76,屎V6忐.盈,忐,b乙↗上19.A4,跌.尾连vW.W2,2栅.Bc龙管栅.再B,a,4,4,-64,NA,,空看,2.3,1.6,2.3,4,
4,-20,7,2.12
2017/12/29,14.35,14.05,14.46,14.05,1.34,2.12,屎V6忐.盈,忐,b乙↗上20.A5,(跌)人.连后吞WO,2栅.Bc龙管栅.主,a,5,5,-65,NA,,空看,1.9,1.8,1.9,3,
3,63,7,0.7
2018/1/2,14.28,14.19,14.45,14.15,-0.49,0.7,屎V6忐,忐,b乙↗上21.A6,(跌)人.连后吞WOv,2栅.Bc龙管栅.主,,6,6,-66,NA,,空看,1.6,1.9,1.7,3,
3,-70,3,1.82
2018/1/3,14.49,14.28,14.54,14.19,1.47,1.82,屎V6忐.盈,忐,b乙↗上22.A7,升.尾吞vO,2栅.Bc龙管栅.主,a,7,7,-67,NA,,空看,1.8,2.1,1.8,3,
3,81,4,0.07
2018/1/4,14.46,14.44,14.5,14.34,-0.21,0.07,屎V6忐,忐,b乙↗上23.A8,升.尾反孕vOv,0橅.Aa龙猪.主,,8,8,-68,NA,,空看,1.1,2.2,1.4,3,
3,-300,4,0.69
2018/1/5,14.36,14.46,14.56,14.29,-0.69,0.69,屎V6忐.盈,忐,b乙↗上24.A9,跌.尾连vW.W2,2栅.Bc龙管栅.主,a,9,9,-69,NA,,空看,1.4,2.2,1.4,3,
3,-100,4,1.39
2018/1/8,14.35,14.32,14.56,14.2,-0.07,1.39,屎V6忐.盈,忐,b乙↗上25.A10,跌.尾连WW.W3,3桮.Bd龙管杂.主,a,10,10,-70,NA,,空看,1.4,2,1.4,3,
3,-5,3,0.63
2018/1/9,14.16,14.37,14.44,14.11,-1.32,0.63,屎V6忐.被,忐,c丙↘下26.Y,跌.尾连WW.W4,5蛀.Fe震正根.破,,-1,11,-71,NA,,空看,0.9,1.6,1.7,3,
3,-211,3,0.71
2018/1/10,13.74,14.13,14.26,13.66,-2.97,0.71,屎v4忑.警,忑,z丁↘忑-1.Z-2,跌.尾连WW.W5,5蛀.__Aa龙猪._破,,-2,-1,-72,NA,,空长,0.6,0.8,2.7,,
,-420,7,0.95
2018/1/11,13.8,13.68,13.87,13.68,0.44,0.95,屎v4忑.警,忑,z丁↘忑-2.Z-3,跌.尾反孕Wo,5蛀.__Aa龙猪._破,,-3,-2,-73,NA,,空长,-1.4,0.1,3.5,,
,46,7,0.58
2018/1/12,13.57,13.85,13.88,13.56,-1.67,0.58,屎v4忑.警,忑,z丁↘忑-3.Z-4,跌.尾吞oV,9妩.__Aa龙猪._初,,-4,-3,-74,NA,,空长,-0.3,-0.7,4.5,,
,-288,7,1.47
2018/1/15,13.1,13.54,13.77,12.95,-3.46,1.47,屎v0忑.警,忑,z丁↘忑-4.Z-5,跌.尾连VW.W2,9妩.__Aa龙猪._初,,-5,-4,-75,NA,,空长,0.4,-1.8,5.3,,
,-235,12,1.68
2018/1/16,13.18,13.1,13.32,13.1,0.61,1.68,屎v0忑.警,忑,z丁↘忑-5.Z-6,跌.尾反孕Wo,9妩.__Aa龙猪._初,,-6,-5,-76,NA,,空长,-1.7,-2.6,5.3,,
,36,10,1.21
2018/1/17,13.33,13.18,13.34,12.97,1.14,1.21,屎v0忑.警,忑,z丁↘忑-6.Z-7,升.尾连oQ.Q2,7姗.__Bb龙管杂._初,,-7,-6,-77,NA,,空长,-0.9,-2.9,3.1,,
,94,7,0.45
2018/1/18,13.11,13.33,13.39,13.02,-1.65,0.45,屎v0忑.警,忑,z丁↘忑-7.Z-8,(升)人.连后吞QV,7姗.__Fa震正〇._初,,-8,-7,-78,NA,,空长,0.2,-3.3,3.8,,
,-367,7,0.84
2018/1/19,13.03,13.22,13.22,12.99,-0.61,0.84,屎v0忑.警,忑,z丁↘忑-8.Z-9,跌.尾连VW.W2,7姗.__Fa震正〇._主,,-9,-8,-79,NA,,空长,-0.4,-3.6,3.8,,
,-73,6,2.07
2018/1/22,13.18,12.98,13.3,12.86,1.15,2.07,屎v0忑.警,忑,z丁↘忑-9.Z-10,跌.尾反孕Wo,7姗.__Bb龙管杂._主,,-10,-9,-80,NA,,空长,0.5,-3.5,1.2,,
,56,4,1.52
2018/1/23,13.27,13.18,13.38,13.12,0.68,1.52,屎v1忑.警,忑,y戊↘忠-10.I,升.尾连oQ.Q2,4蛀.__Be龙管根._主,,1,-10,-81,NA,,空长,1.1,-3.3,1.2,,
,45,4,0.23
2018/1/24,13.22,13.27,13.3,13.14,-0.38,0.23,屎v0忑.警,忑,y戊↘忑-11.Y暂,升.尾反孕Qv,5暂.__Aa龙猪._主,,-1,-11,-82,NA,,空长,0.6,-3.1,1.2,,
,-167,4,1.97
2018/1/25,13.44,13.22,13.48,13.21,1.66,1.97,屎v1忑.警,忑,y戊↘忠-12.I暂,升.尾吞vO,4暂.__Fe震正根._主,,1,-12,-83,NA,,空长,1.6,-2.6,1.6,,
,85,5,0.45
2018/1/26,13.43,13.5,13.5,13.38,-0.07,0.45,屎v1忑.警,忑,y戊↘忠-13.B2暂,升.尾反孕vOv,4暂.__Fe震正根._主,,2,-13,-84,NA,,空长,1.4,-2.1,1.4,,
,-17,5,0.52
2018/1/29,13.3,13.44,13.5,13.29,-0.97,0.52,屎v1忑.警,忑,y戊↘忠-14.B3暂,跌.尾连vW.W2,4暂.__Fe震正根._主,,3,-14,-85,NA,,空长,1.3,-1.9,1.3,,
,-186,3,0.83
2018/1/30,13.3,13.25,13.41,13.25,0,0.83,屎v0忑.警,忑,y戊↘忑-15.Y暂,跌.尾反孕Wo,5暂.__Fa震正〇._主,,-1,-15,-86,NA,,空长,0.7,-1.8,1.3,,
,0,3,0
2018/1/31,12.98,13.3,13.3,12.94,-2.41,0,屎v0忑.警,忑,y戊↘忑-16.Z-2暂,跌.尾吞oV,5暂.__Fa震正〇._主,,-2,-16,-87,NA,,空长,0.4,-2.1,1.9,,
,0,4,1.54
2018/2/1,12.06,13.14,13.18,12.02,-7.09,1.54,屎v0忑.警,忑,y戊↘忑-17.Z-3暂,跌.尾连VW.W2,5暂.__Aa龙猪._主,,-3,-17,-88,NA,,空长,1.7,-3.6,4.1,,
,-460,12,3.73
2018/2/2,12.4,12.06,12.51,11.97,2.82,3.73,屎v0忑.警,忑,y戊↘忑-18.Z-4,跌.尾反孕Wo,9妩.__Aa龙猪._主,,-4,-18,-89,NA,,空长,-2.1,-4.4,5.7,,
,76,13,10
2018/2/5,13.36,12.81,13.64,12.45,7.74,10,屎v1忑.警,忑,y戊↘忠-19.I,升.尾连oQ.Q2,4蛀.__Be龙管根._主,,1,-19,-90,NA,,空长,6,-3.6,6,,
,77,14,-0.15
2018/2/6,12.72,13.09,13.34,12.54,-4.79,-0.15,屎v0忑.警,忑,y戊↘忑-20.Y暂,(升)人.连后吞QV,5暂.__Aa龙猪._主,,-1,-20,-91,NA,,空长,3.8,-3.4,6.1,,
,0,14,5.35
2018/2/7,12.92,13.01,13.4,12.46,1.57,5.35,屎v1忑.警,忑,y戊↘忠-21.I暂,(升)人.连后吞QVo,4暂.__Fe震正根._主,,1,-21,-92,NA,,空长,4.2,-3.1,6,,
,29,14,0.54
2018/2/8,12.95,12.99,12.99,12.68,0.23,0.54,屎v1忑.警,忑,y戊↘忠-22.B2暂,升.尾连oQ.Q2,4暂.__Fe震正根._主,,2,-22,-93,NA,,空长,0.8,-2.8,5.9,,
,43,14,1.78
2018/2/9,12.3,13.18,13.18,12.15,-5.02,1.78,屎v0忑.警,忑,y戊↘忑-23.Y暂,(升)人.连后吞QV,5暂.__Fa震正〇._主,,-1,-23,-94,NA,,空长,3.3,-3.3,6.9,,
,-283,12,3.82
2018/2/12,12.53,12.61,12.77,12.33,1.87,3.82,屎v0忑.警,忑,y戊↘忑-24.Z-2暂,(升)人.连后吞QVo,5暂.__Fa震正〇._主,,-2,-24,-95,NA,,空长,0.7,-3.5,5.7,,
,49,10,2.23
2018/2/13,12.64,12.53,12.81,12.44,0.88,2.23,屎v0忑.警,忑,y戊↘忑-25.Z-3暂,升.尾连oQ.Q2,5暂.__Fa震正〇._主,,-3,-25,-96,NA,,空长,1.2,-3.4,5.9,,
,39,10,7.59
2018/2/14,12.8,13.6,13.6,12.64,1.27,7.59,屎v1忑.警,忑,y戊↘忠-26.I暂,升.尾连QQ.Q3,4暂.__Fe震正根._主,,1,-26,-97,NA,,空长,7.2,-3,7.2,,
,17,12,2.34
2018/2/22,12.91,12.84,13.1,12.71,0.86,2.34,屎v2忑,忑,r己↗忐-27.B2暂,升.尾连QQ.Q4,4暂.__Fe震正根.储,,2,-27,-98,NA,,空长,2.8,-2.5,6.8,,
,37,12,0.46
2018/2/23,12.81,12.97,12.97,12.76,-0.77,0.46,屎v2忑,忑,r己↗忐-28.B3暂,(升)人.连后吞QV,4暂.__Fe震正根.储,,3,-28,-99,NA,,空长,1.6,-2.1,6.5,,
,-167,10,2.81
2018/2/26,13.07,12.82,13.17,12.72,2.03,2.81,屎v2忑,忑,r己↗忐-29.A4,(人)人.吞吞* VO,1柜.__Fe震正根.储,,4,-29,-100,NA,,空长,2.6,-1.5,5.9,,
,72,9,0.61
2018/2/27,13.13,13.03,13.15,12.95,0.46,0.61,屎V5忠,忠,a甲↗上1.A5,升.尾连OQ.Q2,1柜.Dd头正芽.储,,5,1,-101,NA,,空长,1.8,-0.9,5.2,4,
4,75,8,0.15
2018/2/28,13.03,13.15,13.15,12.94,-0.76,0.15,屎V5忠,忠,a甲↗上2.A6,升.尾反孕Qv,1柜.Dd头正芽.储,,6,2,-102,NA,,空长,1.4,-0.6,1.6,0,
4,-500,4,0.23
2018/3/1,13.03,12.96,13.06,12.91,0,0.23,屎v3忑,忑,a甲↗上3.A7,(升)人.孕孕vo,0橅.__Ff震负.储,,7,-1,-103,NA,,空长,0.6,-0.4,1.4,,
,0,4,-0.38
2018/3/2,12.73,12.98,12.98,12.69,-2.3,-0.38,屎v3忑.被,忑,c丙↘下4.Y,跌.尾吞oV,5蛀.__Df头负._再C,,-1,-2,-104,NA,,空长,0.3,-0.7,1.8,,
,0,4,0.63
2018/3/5,12.68,12.73,12.81,12.63,-0.39,0.63,屎v0忑.警,忑,z丁↘忑-1.Z-2,跌.尾连VW.W2,5蛀.__Fa震正〇._再C,,-2,-3,-105,NA,,空长,-0.5,-1,2.2,,
,-63,4,1.81
2018/3/6,12.86,12.69,12.91,12.63,1.42,1.81,屎v0忑.警,忑,z丁↘忑-2.Z-3,(跌)人.连后吞WO,5蛀.__Aa龙猪._再C,,-3,-4,-106,NA,,空长,0.5,-1.1,2.3,,
,78,4,0.23
2018/3/7,12.7,12.89,12.89,12.66,-1.24,0.23,屎v0忑.警,忑,z丁↘忑-3.Z-4,(跌)人.连后吞WOv,8姖.__Aa龙猪._再C,,-4,-5,-107,NA,,空长,0.6,-1.2,1.9,,
,-533,3,1.65
2018/3/8,12.84,12.88,12.91,12.73,1.1,1.65,屎v0忑.警,忑,z丁↘忑-4.Z-5,(人)人.孕孕vo,8姖.__Aa龙猪._再C,,-5,-6,-108,NA,,空长,0.8,-1.1,1.3,,
,67,3,1.25
2018/3/9,12.96,12.77,13,12.77,0.93,1.25,屎v2忑,忑,r己↗忐-5.I,升.尾连oQ.Q2,4蛀.__Fe震正根.储,,1,-7,-109,NA,,空长,1.2,-0.9,1.2,,
,75,3,1.47
2018/3/12,13.11,13.03,13.15,12.96,1.16,1.47,屎V5忠.盈,忠,a甲↗上1.B2,升.尾连QQ.Q3,4蛀.Aa龙猪.储,a连3,2,1,-110,NA,,空长,1.9,-0.4,1.9,1,
1,79,4,6.56
2018/3/13,13.79,13.1,13.97,13.03,5.19,6.56,屎V6忐.盈,忐,a甲↗上2.B3,升.尾连QQ.Q4,4蛀.Aa龙猪.初,a连4高,3,2,-111,NA,,空看,6.5,0.9,6.5,7,
7,79,10,0.87
2018/3/14,13.65,13.65,13.91,13.55,-1.02,0.87,屎V6忐,忐,a甲↗上3.A4,升.尾反孕Qv,0橅.Aa龙猪.初,,4,3,-112,NA,,空看,4.7,1.8,5.2,7,
7,-117,10,0.73
2018/3/15,13.45,13.66,13.75,13.36,-1.47,0.73,屎V6忐,忐,a甲↗上4.A5,跌.尾连vW.W2,2栅.Bc龙管栅.初,,5,4,-113,NA,,空看,2.9,2.1,4.6,6,
6,-200,9,0.52
2018/3/16,13.4,13.4,13.52,13.25,-0.37,0.52,屎V6忐,忐,a甲↗上5.A6,跌.尾连WW.W3,3桮.Fa震正〇.初,,6,5,-114,NA,,空看,1,2.1,4.4,6,
6,-71,8,1.19
2018/3/19,13.47,13.37,13.56,13.26,0.52,1.19,屎V6忐,忐,a甲↗上6.A7,(跌)人.连后吞WO,3桮.Fa震正〇.初,,7,6,-115,NA,,空看,1.1,2.1,4.2,6,
6,44,7,-0.22
2018/3/20,13.43,13.31,13.44,13.3,-0.3,-0.22,屎V6忐,忐,a甲↗上7.A8,(跌)人.连后吞WOv,3桮.Fa震正〇.主,,8,7,-116,NA,,空看,0.2,2,3.7,5,
6,0,5,2.46
2018/3/21,13.7,13.41,13.76,13.35,2.01,2.46,屎V6忐.盈,忐,a甲↗上8.A9,升.尾吞vO,2栅.Fa震正〇.主,雀,9,8,-117,NA,,空看,2,2.2,2,4,
5,82,4,1.02
2018/3/22,13.58,13.63,13.84,13.45,-0.88,1.02,屎V6忐.盈,忐,a甲↗上9.A10,升.尾反孕vOv,0橅.Fa震正〇.主,雀,10,9,-118,NA,,空看,2.4,2.3,2.4,4,
5,-86,4,-0.59
2018/3/23,12.97,13.5,13.5,12.76,-4.49,-0.59,屎v4忑.被,忑,c丙↘下10.Y,跌.尾连vW.W2,5蛀.__Df头负._破,,-1,-1,-119,NA,,空长,0.7,1.4,3.2,,
,0,8,0
2018/3/26,12.87,12.89,12.97,12.4,-0.77,0,屎v4忑.警,忑,z丁↘忑-1.Z-2,跌.尾连WW.W3,5蛀.__Aa龙猪._破,,-2,-2,-120,NA,,空长,-2.2,0.5,4.4,,
,0,12,2.56
2018/3/27,13.11,13.01,13.2,13.01,1.86,2.56,屎v4忑.警,忑,z丁↘忑-2.Z-3,(跌)人.连后吞WO,5蛀.__Aa龙猪._破,,-3,-3,-121,NA,,空长,0,0,4.9,,
,73,12,3.97
2018/3/28,13.33,13.14,13.63,13.06,1.68,3.97,屎V5忠.警,忠,y戊↘忠-3.I暂,升.尾连OQ.Q2,4暂.Ff震负.再C,,1,1,-122,NA,,空长,3.2,0.1,4.8,4,
4,42,12,2.78
2018/3/29,13.56,13.55,13.7,13.31,1.73,2.78,屎V6忐.盈,忐,a甲↗上1.B2暂,升.尾连QQ.Q3,4暂.Dd头正芽.再C,雀连3,2,2,-123,NA,,空看,3.1,0.6,3.1,3,
4,62,10,1.62
2018/3/30,13.61,13.68,13.78,13.54,0.37,1.62,屎V6忐.盈,忐,a甲↗上2.B3暂,升.尾连QQ.Q4,4暂.Dd头正芽.再C,雀连4,3,3,-124,NA,,空看,3,1.1,3,4,
4,23,11,1.18
2018/4/2,13.64,13.61,13.77,13.48,0.22,1.18,屎V6忐.盈,忐,a甲↗上3.A4,升.尾连QQ.Q5,0橅.Dd头正芽.再C,连5,4,4,-125,NA,,空看,2.3,1.4,2.4,3,
4,19,6,-0.66
2018/4/3,13.41,13.41,13.55,13.32,-1.69,-0.66,屎V6忐,忐,a甲↗上4.A5,(升)人.连后吞QV,1柜.Dd头正芽.再C,,5,5,-126,NA,,空看,0.6,1.4,2.3,3,
4,0,6,1.42
2018/4/4,13.43,13.59,13.6,13.4,0.15,1.42,屎V6忐,忐,b乙→中5.Y,(人)人.吞吞* VO,5蛀.De头正根.再B,,-1,6,-127,NA,,空看,1,1.2,2.4,3,
4,11,4,0.45
2018/4/9,13.22,13.47,13.49,13.1,-1.56,0.45,屎V5忠.被,忠,c丙↘下6.Z-2,(人)人.吞吞* OV,5蛀.Fe震正根.破,,-2,7,-128,NA,,空长,0.6,0.8,2.8,3,
3,-350,5,2.19
2018/4/10,13.44,13.26,13.51,13.21,1.66,2.19,屎V6忐,忐,b乙→中7.Z-3,(人)人.吞吞* OV,5蛀.De头正根.再B,,-3,8,-129,NA,,空看,0.8,0.7,2.8,3,
3,76,5,2.38
2018/4/11,13.71,13.55,13.76,13.46,2.01,2.38,屎V6忐.盈,忐,b乙↗上8.I暂,升.尾连oQ.Q2,4暂.Dd头正芽.再B,雀,1,9,-130,NA,,空看,2.2,1.1,2.2,3,
3,84,5,3.36
2018/4/12,14.1,13.7,14.17,13.54,2.84,3.36,屎E9忐.盈,忐,b乙↗上9.B2暂,升.尾连QQ.Q3,4暂.Aa龙猪.再B,a连3,2,10,1,持主,,多被,4,1.9,4,5,
5,85,8,1.99
2018/4/13,14.02,14.13,14.38,14.01,-0.57,1.99,唏E0上.盈,上,b乙↗上10.B3暂,升.尾反孕Qv,4暂.Aa龙猪.再B,a,3,11,2,持主,,多被,4.6,2.5,4.6,7,
7,-29,10,3.85
2018/4/16,14.21,13.93,14.56,13.85,1.36,3.85,唏E0上.盈,上,b乙↗上11.A4,升.尾吞vO,0橅.Aa龙猪.再B,a,4,12,3,持主,,多被,4.9,3,4.9,8,
8,35,10,0.21
2018/4/17,14,13.94,14.24,13.84,-1.48,0.21,唏E0上,上,b乙↗上12.A5,升.尾反孕vOv,0橅.Aa龙猪.主,,5,13,4,持主,,多被,2.2,3.1,4.5,7,
7,-700,8,0.64
2018/4/18,14.01,13.96,14.09,13.81,0.07,0.64,唏E0上,上,b乙↗上13.A6,升.尾吞vO,0橅.Aa龙猪.主,,6,14,5,持主,,多被,0.9,3,4.3,7,
7,11,8,-0.21
2018/4/19,13.64,13.98,13.98,13.6,-2.64,-0.21,唏E2上,上,b乙→中14.Y,(升)人.吞吞vOV,5蛀.Fe震正根.主,,-1,15,6,持被,,多被,0.6,2.4,4.8,7,
7,0,7,0.73
2018/4/20,13.44,13.62,13.74,13.27,-1.47,0.73,屎V8中.被,中,c丙↘下15.Z-2,跌.尾连VW.W2,5蛀.__Df头负._破,,-2,-1,-1,NA,,空看,-0.3,1.6,5.6,,
,-200,10,0.82
2018/4/23,13.06,13.55,13.55,12.77,-2.83,0.82,屎v9下.警,下,z丁↘忑-1.Z-3,跌.尾连WW.W3,5蛀.__Aa龙猪._破,,-3,-2,-2,NA,,空长,-0.3,0.4,4.7,,
,-345,12,2.99
2018/4/24,13.27,12.92,13.45,12.92,1.61,2.99,屎v9下.警,下,z丁↘忑-2.Z-4,跌.尾反孕Wo,9妩.__Aa龙猪._初,,-4,-3,-3,NA,,空长,-0.2,-0.3,4.5,,
,54,10,10.02
2018/6/14,14.6,14.6,14.6,13.81,10.02,10.02,屎E0上.盈,上,a甲↗上1.I,升.尾连oQ.Q2,4蛀.Aa龙猪.再D,a高,1,1,1,持主,,多被,6.5,1,6.5,7,
7,100,14,0
2018/6/15,13.14,14.6,14.6,13.14,-10,0,屎V8中.警,中,z丁↘忑-1.Y暂,(升)人.连后吞QV,5暂.__Fa震正〇._破,,-1,-1,-1,NA,,空看,7.1,0.5,7.1,,
,0,14,-2.51
2018/6/19,11.89,12.43,12.81,11.84,-9.51,-2.51,屎v9下.警,下,z丁↘忑-2.Z-2暂,跌.尾连VW.W2,5暂.__Aa龙猪._初,,-2,-2,-2,NA,,空长,-3.1,-1.8,10.4,,
,0,23,4.96
2018/6/20,12.11,12.13,12.48,11.88,1.85,4.96,屎v0忑.警,忑,z丁↘忑-3.Z-3暂,跌.尾反孕Wo,5暂.__Aa龙猪._初,,-3,-3,-3,NA,,空长,-3.2,-3.7,13.3,,
,37,23,1.49
2018/6/21,11.46,12.1,12.29,11.41,-5.37,1.49,屎v0忑.警,忑,z丁↘忑-4.Z-4,跌.尾吞oV,9妩.__Aa龙猪._初,,-4,-4,-4,NA,,空长,-1.6,-5.7,16.8,,
,-361,28,1.05
2018/6/22,11.28,11.55,11.58,11.14,-1.57,1.05,屎v0忑.警,忑,z丁↘忑-5.Z-5,跌.尾连VW.W2,9妩.__Aa龙猪._初,,-5,-5,-5,NA,,空长,-4.6,-7.5,20.3,,
,-150,31,2.39
2018/6/25,11.32,11.41,11.55,11.23,0.35,2.39,屎v0忑.警,忑,z丁↘忑-6.Z-6,跌.尾反孕Wo,9妩.__Aa龙猪._主,,-6,-6,-6,NA,,空长,-2.8,-8.6,7.8,,
,15,15,3.98
2018/6/26,11.68,11.31,11.77,11.18,3.18,3.98,屎v0忑.警,忑,z丁↘忑-7.Z-7,升.尾连oQ.Q2,7姗.__Bb龙管杂._主,,-7,-7,-7,NA,,空长,-0.1,-8.6,6,,
,80,12,2.14
2018/6/27,11.73,11.68,11.93,11.58,0.43,2.14,屎v0忑.警,忑,z丁↘忑-8.Z-8,升.尾连QQ.Q3,6娝.__Fa震正〇._主,,-8,-8,-8,NA,,空长,1.6,-8.2,4.7,,
,20,10,1.62
2018/6/28,11.47,11.75,11.92,11.43,-2.22,1.62,屎v0忑.警,忑,z丁↘忑-9.Z-9,(升)人.连后吞QV,6娝.__Fa震正〇._主,,-9,-9,-9,NA,,空长,2.1,-8.1,2.2,,
,-137,7,2.62
2018/6/29,11.69,11.53,11.77,11.53,1.92,2.62,屎v0忑.警,忑,z丁↘忑-10.Z-10,(升)人.连后吞QVo,6娝.__Fa震正〇._主,,-10,-10,-10,NA,,空长,0.9,-7.6,2.3,,
,73,7,0.43
2018/7/2,11.15,11.73,11.74,10.93,-4.62,0.43,屎v0忑.警,忑,z丁↘忑-11.Z-11,跌.尾吞oV,7姗.__Bb龙管杂._主,,-11,-11,-11,NA,,空长,1.7,-7.8,3.3,,
,-1080,9,1.97
2018/7/3,11.11,11.14,11.37,10.64,-0.36,1.97,屎v0忑.警,忑,z丁↘忑-12.Z-12,跌.尾连VW.W2,9妩.__Aa龙猪._主,,-12,-12,-12,NA,,空长,-0.5,-8.1,4.4,,
,-18,12,0.27
2018/7/4,10.6,11.11,11.14,10.49,-4.59,0.27,屎v0忑.警,忑,z丁↘忑-13.Z-13,跌.尾连WW.W3,9妩.__Aa龙猪._主,,-13,-13,-13,NA,,空长,-0.7,-8.9,6.3,,
,-1700,14,1.32
2018/7/5,9.98,10.65,10.74,9.94,-5.85,1.32,屎v0忑.警,忑,z丁↘忑-14.Z-14,跌.尾连WW.W4,9妩.__Aa龙猪._主,,-14,-14,-14,NA,,空长,-1.4,-10.4,8.1,,
,-443,18,2
2018/7/6,9.94,9.99,10.18,9.76,-0.4,2,屎v0忑.警,忑,z丁↘忑-15.Z-15,跌.尾连WW.W5,9妩.__Aa龙猪._主,,-15,-15,-15,NA,,空长,-4,-11.6,10.7,,
,-20,20,7.75
2018/7/9,10.48,10.04,10.71,9.95,5.43,7.75,屎v0忑.警,忑,z丁↘忑-16.Z-16,(跌)人.连后吞WO,8姖.__Aa龙猪._主,,-16,-16,-16,NA,,空长,1.8,-11.4,8.1,,
,70,16,1.43
2018/7/10,10.33,10.62,10.63,10.21,-1.43,1.43,屎v0忑.警,忑,z丁↘忑-17.Z-17,(跌)人.连后吞WOv,8姖.__Aa龙猪._主,,-17,-17,-17,NA,,空长,1.7,-11.1,6.5,,
,-100,14,-1.06
2018/7/11,10.16,10.15,10.22,9.84,-1.65,-1.06,屎v0忑.警,忑,z丁↘忑-18.Z-18,跌.尾连vW.W2,8姖.__Fa震正〇._主,,-18,-18,-18,NA,,空长,-1.5,-10.9,3.5,,
,0,10,1.87
2018/7/12,10.27,10.16,10.35,10.09,1.08,1.87,屎v0忑.警,忑,z丁↘忑-19.Z-19,(跌)人.连后吞WO,6娝.__Fa震正〇._主,,-19,-19,-19,NA,,空长,0.1,-10.5,3.6,,
,58,10,-0.29
2018/7/13,10.05,10.17,10.24,9.95,-2.14,-0.29,屎v0忑.警,忑,z丁↘忑-20.Z-20,(人)人.吞吞* OV,8姖.__Fa震正〇._主,,-20,-20,-20,NA,,空长,-0.2,-10.3,4.4,,
,0,9,-0.3
2018/7/16,9.89,10.02,10.02,9.7,-1.59,-0.3,屎v0忑.警,忑,z丁↘忑-21.Z-21,跌.尾连VW.W2,8姖.__Aa龙猪._主,,-21,-21,-21,NA,,空长,-1.4,-10.3,4.6,,
,0,10,1.31
2018/7/17,9.95,9.93,10.02,9.75,0.61,1.31,屎v0忑.警,忑,z丁↘忑-22.Z-22,跌.尾反孕Wo,8姖.__Aa龙猪._主,,-22,-22,-22,NA,,空长,-0.7,-10.1,2.5,,
,46,7,2.01
2018/7/18,10.02,9.94,10.15,9.94,0.7,2.01,屎v0忑.警,忑,z丁↘忑-23.Z-23,升.尾连oQ.Q2,7姗.__Bb龙管杂._主,,-23,-23,-23,NA,,空长,0.9,-9.6,2.9,,
,35,7,1.2
2018/7/19,9.79,10.14,10.14,9.77,-2.3,1.2,屎v0忑.警,忑,z丁↘忑-24.Z-24,(升)人.连后吞QV,7姗.__Fa震正〇._主,,-24,-24,-24,NA,,空长,1.5,-9.5,2.5,,
,-192,6,1.74
2018/7/20,9.93,9.82,9.96,9.75,1.43,1.74,屎v0忑.警,忑,z丁↘忑-25.Z-25,(升)人.连后吞QVo,7姗.__Fa震正〇._主,,-25,-25,-25,NA,,空长,-0.1,-9.1,1.9,,
,82,5,0.7
2018/7/23,9.95,9.93,10,9.79,0.2,0.7,屎v0忑.警,忑,z丁↘忑-26.Z-26,升.尾连oQ.Q2,6娝.__Fa震正〇._主,,-26,-26,-26,NA,,空长,0.5,-8.5,2,,
,29,4,3.12
2018/7/24,10.21,9.95,10.26,9.86,2.61,3.12,屎v1忑.警,忑,y戊↘忠-27.I,升.尾连QQ.Q3,4蛀.__Fe震正根._主,,1,-27,-27,NA,,空长,2.5,-7.5,2.5,,
,84,5,2.06
2018/7/25,10.19,10.18,10.42,10.07,-0.2,2.06,屎v1忑.警,忑,y戊↘忠-28.B2,升.尾反孕Qv,4蛀.__Fe震正根._主,,2,-28,-28,NA,,空长,3.6,-6.6,3.6,,
,-10,7,2.06
2018/7/26,10.14,10.24,10.4,10.06,-0.49,2.06,屎v1忑.警,忑,y戊↘忠-29.B3,跌.尾连vW.W2,4蛀.__Fe震正根._主,,3,-29,-29,NA,,空长,3.1,-6,3.3,,
,-24,7,-0.2
2018/7/27,9.98,10.12,10.12,9.94,-1.58,-0.2,屎v0忑.警,忑,y戊↘忑-30.Y暂,跌.尾连WW.W3,5暂.__Fa震正〇._主,,-1,-30,-30,NA,,空长,0.5,-5.7,3.5,,
,0,6,0.6
2018/7/30,9.93,10.02,10.04,9.89,-0.5,0.6,屎v0忑.警,忑,y戊↘忑-31.Z-2暂,跌.尾连WW.W4,5暂.__Fa震正〇._主,,-2,-31,-31,NA,,空长,0,-5.6,3.8,,
,-83,6,2.42
2018/7/31,10.16,9.93,10.17,9.92,2.32,2.42,屎v1忑.警,忑,y戊↘忠-32.I暂,(跌)人.连后吞WO,4暂.__Fe震正根._主,,1,-32,-32,NA,,空长,1.1,-5,3.6,,
,96,5,2.56
2018/8/1,10.27,10.17,10.42,10.06,1.08,2.56,屎v2忑,忑,r己↗忐-33.B2暂,升.尾连OQ.Q2,4暂.__Fe震正根.储,,2,-33,-33,NA,,空长,3.1,-4.3,3.1,,
,42,5,-0.78
2018/8/2,9.94,10.18,10.19,9.75,-3.21,-0.78,屎v0忑.警,忑,y戊↘忑-34.Y暂,(升)人.连后吞QV,5暂.__Aa龙猪._再B,,-1,-34,-34,NA,,空长,1.1,-4.2,3.4,,
,0,7,-0.1
2018/8/3,9.76,9.88,9.93,9.71,-1.81,-0.1,屎v0忑.警,忑,y戊↘忑-35.Z-2暂,跌.尾连VW.W2,5暂.__Aa龙猪._再B,,-2,-35,-35,NA,,空长,-0.7,-4.4,4.1,,
,0,7,1.33
2018/8/6,9.19,9.76,9.89,9.1,-5.84,1.33,屎v0忑.警,忑,y戊↘忑-36.Z-3暂,跌.尾连WW.W3,5暂.__Aa龙猪._再B,,-3,-36,-36,NA,,空长,0.8,-5.6,6.3,,
,-438,15,2.07
2018/8/7,9.28,9.24,9.38,9.07,0.98,2.07,屎v0忑.警,忑,y戊↘忑-37.Z-4,跌.尾反孕Wo,9妩.__Aa龙猪._再B,,-4,-37,-37,NA,,空长,-2.8,-6.5,8,,
,47,15,-0.32
2018/8/8,8.96,9.24,9.25,8.88,-3.45,-0.32,屎v0忑.警,忑,y戊↘忑-38.Z-5,跌.尾吞oV,9妩.__Aa龙猪._主,,-5,-38,-38,NA,,空长,-2.2,-7.5,7.7,,
,0,15,2.68
2018/8/9,9.15,8.98,9.2,8.88,2.12,2.68,屎v0忑.警,忑,y戊↘忑-39.Z-6,跌.尾反孕oVo,9妩.__Aa龙猪._主,,-6,-39,-39,NA,,空长,-1.6,-7.8,6.2,,
,79,12,1.53
2018/8/10,9.15,9.16,9.29,9.12,0,1.53,屎v0忑.警,忑,y戊↘忑-40.Z-7,升.尾连oQ.Q2,7姗.__Bb龙管杂._主,,-7,-40,-40,NA,,空长,0.1,-7.8,6.6,,
,0,11,0.98
2018/8/13,9.24,8.98,9.24,8.98,0.98,0.98,屎v0忑.警,忑,y戊↘忑-41.Z-8,升.尾连QQ.Q3,6娝.__Bc龙管栅._主,,-8,-41,-41,NA,,空长,-0.2,-7.5,1.4,,
,100,6,0.54
2018/8/14,9.23,9.23,9.29,9.18,-0.11,0.54,屎v0忑.警,忑,y戊↘忑-42.Z-9,升.尾反孕Qv,6娝.__Fa震正〇._主,,-9,-42,-42,NA,,空长,0.5,-7,0.5,,
,-20,5,0.76
2018/8/15,9.02,9.21,9.3,9.01,-2.28,0.76,屎v0忑.警,忑,y戊↘忑-43.Z-10,跌.尾连vW.W2,6娝.__Fa震正〇._主,,-10,-43,-43,NA,,空长,1.2,-7,1.2,,
,-300,5,0.55
2018/8/16,8.93,9.02,9.07,8.8,-1,0.55,屎v0忑.警,忑,y戊↘忑-44.Z-11,跌.尾连WW.W3,7姗.__Bb龙管杂._主,,-11,-44,-44,NA,,空长,-0.6,-7.1,2,,
,-180,6,2.02
2018/8/17,8.62,8.98,9.11,8.57,-3.47,2.02,屎v0忑.警,忑,y戊↘忑-45.Z-12,跌.尾连WW.W4,9妩.__Aa龙猪._主,,-12,-45,-45,NA,,空长,1.3,-7.6,3.4,,
,-172,9,1.04
2018/8/20,8.59,8.61,8.71,8.41,-0.35,1.04,屎v0忑.警,忑,y戊↘忑-46.Z-13,跌.尾连WW.W5,9妩.__Aa龙猪._主,,-13,-46,-46,NA,,空长,-1.9,-8,4.8,,
,-33,11,1.16
2018/8/21,8.57,8.67,8.69,8.48,-0.23,1.16,屎v0忑.警,忑,y戊↘忑-47.Z-14,跌.尾连WW.W6,9妩.__Aa龙猪._主,,-14,-47,-47,NA,,空长,-1,-8.3,5.9,,
,-20,11,-4.55
2018/8/22,7.95,8.05,8.18,7.71,-7.23,-4.55,屎v0忑.警,忑,y戊↘忑-48.Z-15,跌.尾连WW.W7,9妩.__Aa龙猪._主,,-15,-48,-48,NA,,空长,-4.6,-9.4,6.2,,
,0,18,2.26
2018/8/23,7.98,8.02,8.13,7.94,0.38,2.26,屎v0忑.警,忑,y戊↘忑-49.Z-16,跌.尾反孕Wo,9妩.__Aa龙猪._主,,-16,-49,-49,NA,,空长,-3.2,-10.3,8.5,,
,17,18,0
2018/8/24,7.86,7.98,7.98,7.78,-1.5,0,屎v0忑.警,忑,y戊↘忑-50.Z-17,跌.尾吞oV,9妩.__Aa龙猪._主,,-17,-50,-50,NA,,空长,-3.1,-11,5.7,,
,0,13,1.53
2018/8/27,7.92,7.92,7.98,7.86,0.76,1.53,屎v0忑.警,忑,y戊↘忑-51.Z-18,跌.尾反孕oVo,9妩.__Fa震正〇._主,,-18,-51,-51,NA,,空长,-1.9,-11.2,6.8,,
,50,13,0.76
2018/8/28,7.93,7.95,7.98,7.84,0.13,0.76,屎v0忑.警,忑,y戊↘忑-52.Z-19,升.尾连oQ.Q2,7姗.__Fa震正〇._主,,-19,-52,-52,NA,,空长,-1,-11.1,1.4,,
,17,6,10.09
2018/8/29,8.73,7.94,8.73,7.89,10.09,10.09,屎v2忑,忑,r己↗忐-53.I,升.尾连QQ.Q3,4蛀.__Fe震正根.储,,1,-53,-53,NA,,空长,6.5,-9.2,6.5,,
,100,12,-0.34
2018/8/30,8.22,8.7,8.7,8.16,-5.84,-0.34,屎v1忑.警,忑,y戊↘忠-54.B2,升.尾反孕Qv,4蛀.__Fe震正根._再B,,2,-54,-54,NA,,空长,5.7,-8.2,6,,
,0,12,-0.61
2018/8/31,7.99,8.1,8.17,7.91,-2.8,-0.61,屎v0忑.警,忑,y戊↘忑-55.Y暂,跌.尾连vW.W2,5暂.__Fa震正〇._再B,,-1,-55,-55,NA,,空长,-0.2,-8.1,6.6,,
,0,11,-0.13
2018/9/3,7.74,7.96,7.98,7.62,-3.13,-0.13,屎v0忑.警,忑,y戊↘忑-56.Z-2暂,跌.尾连WW.W3,5暂.__Aa龙猪._再B,,-2,-56,-56,NA,,空长,-1.2,-8.5,8.1,,
,0,15,0.9
2018/9/4,7.8,7.72,7.81,7.57,0.78,0.9,屎v0忑.警,忑,y戊↘忑-57.Z-3暂,跌.尾反孕Wo,5暂.__Aa龙猪._再B,,-3,-57,-57,NA,,空长,-2.3,-8.7,9.2,,
,86,15,1.41
2018/9/5,7.7,7.78,7.91,7.57,-1.28,1.41,屎v0忑.警,忑,y戊↘忑-58.Z-4,跌.尾吞oV,9妩.__Aa龙猪._再B,,-4,-58,-58,NA,,空长,0,-8.9,10,,
,-91,15,0
2018/9/6,7.53,7.64,7.7,7.45,-2.21,0,屎v0忑.警,忑,y戊↘忑-59.Z-5,跌.尾连VW.W2,9妩.__Aa龙猪._主,,-5,-59,-59,NA,,空长,-1.3,-9.2,4.7,,
,0,10,1.33
2018/9/7,7.55,7.52,7.63,7.48,0.27,1.33,屎v0忑.警,忑,y戊↘忑-60.Z-6,跌.尾反孕Wo,9妩.__Aa龙猪._主,,-6,-60,-60,NA,,空长,-1.2,-9.3,3.3,,
,20,7,0.13
2018/9/10,7.26,7.56,7.56,7.2,-3.84,0.13,屎v0忑.警,忑,y戊↘忑-61.Z-7,跌.尾吞oV,9妩.__Aa龙猪._主,,-7,-61,-61,NA,,空长,-0.6,-9.8,4,,
,-2900,10,1.24
2018/9/11,7.31,7.21,7.35,7.21,0.69,1.24,屎v0忑.警,忑,y戊↘忑-62.Z-8,跌.尾反孕oVo,9妩.__Aa龙猪._主,,-8,-62,-62,NA,,空长,-2.2,-10.1,5.3,,
,56,10,2.33
2018/9/12,7.41,7.31,7.48,7.25,1.37,2.33,屎v0忑.警,忑,y戊↘忑-63.Z-9,升.尾连oQ.Q2,7姗.__Bb龙管杂._主,,-9,-63,-63,NA,,空长,0.1,-9.8,3.1,,
,59,7,1.35
2018/9/13,7.43,7.51,7.51,7.31,0.27,1.35,屎v0忑.警,忑,y戊↘忑-64.Z-10,升.尾连QQ.Q3,6娝.__Fa震正〇._主,,-10,-64,-64,NA,,空长,0.8,-9.3,2.4,,
,20,6,1.08
2018/9/14,7.33,7.43,7.51,7.28,-1.35,1.08,屎v0忑.警,忑,y戊↘忑-65.Z-11,(升)人.连后吞QV,6娝.__Fa震正〇._主,,-11,-65,-65,NA,,空长,1.2,-9,1.9,,
,-125,5,0.41
2018/9/17,7.18,7.36,7.36,7.14,-2.05,0.41,屎v0忑.警,忑,y戊↘忑-66.Z-12,跌.尾连VW.W2,6娝.__Bc龙管栅._主,,-12,-66,-66,NA,,空长,0,-9,2,,
,-500,5,1.39
2018/9/18,7.25,7.09,7.28,7.06,0.97,1.39,屎v0忑.警,忑,y戊↘忑-67.Z-13,跌.尾反孕Wo,7姗.__Bb龙管杂._主,,-13,-67,-67,NA,,空长,-0.6,-8.7,2.6,,
,70,6,2.34
2018/9/19,7.37,7.22,7.42,7.19,1.66,2.34,屎v1忑.警,忑,y戊↘忠-68.I,升.尾连oQ.Q2,4蛀.__Be龙管根._主,,1,-68,-68,NA,,空长,1.3,-8.1,2.5,,
,71,6,1.36
2018/9/20,7.39,7.36,7.47,7.31,0.27,1.36,屎v1忑.警,忑,y戊↘忠-69.B2,升.尾连QQ.Q3,4蛀.__Be龙管根._主,,2,-69,-69,NA,,空长,1.8,-7.4,2.3,,
,20,6,1.62
2018/9/21,7.45,7.39,7.51,7.39,0.81,1.62,屎v1忑.警,忑,y戊↘忠-70.B3,升.尾连QQ.Q4,4蛀.__Fe震正根._主,,3,-70,-70,NA,,空长,1.9,-6.6,1.9,,
,50,6,0
2018/9/25,7.39,7.45,7.45,7.36,-0.81,0,屎v1忑.警,忑,y戊↘忠-71.A4,升.尾反孕Qv,0橅.__Fe震正根._主,,4,-71,-71,NA,,空长,1,-6.1,1.8,,
,0,6,1.22
2018/9/26,7.42,7.39,7.48,7.34,0.41,1.22,屎v1忑.警,忑,y戊↘忠-72.A5,(升)人.孕孕vo,0橅.__Fe震正根._主,,5,-72,-72,NA,,空长,1.2,-5.5,1.6,,
,33,4,0.67
2018/9/27,7.27,7.44,7.47,7.27,-2.02,0.67,屎v0忑.警,忑,y戊↘忑-73.Y,跌.尾吞oV,5蛀.__Fa震正〇._主,,-1,-73,-73,NA,,空长,1.4,-5.4,2,,
,-300,3,9.35
2018/9/28,7.63,7.28,7.95,7.28,4.95,9.35,屎v2忑,忑,r己↗忐-74.I暂,(跌)人.吞吞oVO,4暂.__Fe震正根.储,,1,-74,-74,NA,,空长,7.2,-4.5,7.2,,
,53,9,-1.05
2018/10/8,7.45,7.53,7.55,7.36,-2.36,-1.05,屎v2忑,忑,r己↗忐-75.B2暂,(跌)人.吞吞oVOv,4暂.__Fe震正根.储,,2,-75,-75,NA,,空长,1.5,-4,6.9,,
,0,9,2.01
2018/10/9,7.42,7.42,7.6,7.38,-0.4,2.01,屎v1忑.警,忑,y戊↘忠-76.B3暂,跌.尾连vW.W2,4暂.__Fe震正根._再B,,3,-76,-76,NA,,空长,2.2,-3.7,6.9,,
,-20,9,1.21
2018/10/10,7.43,7.51,7.51,7.36,0.13,1.21,屎v0忑.警,忑,y戊↘忑-77.Y暂,(跌)人.连后吞WO,5暂.__Fa震正〇._再B,,-1,-77,-77,NA,,空长,1,-3.4,6.9,,
,11,9,-2.29
2018/10/11,6.75,7.26,7.26,6.68,-9.15,-2.29,屎v0忑.警,忑,y戊↘忑-78.Z-2暂,(人)人.吞吞* OV,5暂.__Aa龙猪._再B,,-2,-78,-78,NA,,空长,-0.3,-4.7,9.2,,
,0,19,3.41
2018/10/12,6.94,6.84,6.98,6.36,2.81,3.41,屎v0忑.警,忑,y戊↘忑-79.Z-3暂,(人)人.吞吞* OV,5暂.__Aa龙猪._再B,,-3,-79,-79,NA,,空长,-2.7,-5.6,6,,
,83,19,0.86
2018/10/15,6.96,6.97,7,6.73,0.29,0.86,屎v0忑.警,忑,y戊↘忑-80.Z-4,升.尾连oQ.Q2,7姗.__Bb龙管杂._再B,,-4,-80,-80,NA,,空长,-1.4,-5.9,7,,
,33,19,-0.29
2018/10/16,6.94,6.92,6.94,6.75,-0.29,-0.29,屎v0忑.警,忑,y戊↘忑-81.Z-5,(升)人.连后吞QV,7姗.__Bb龙管杂._主,,-5,-81,-81,NA,,空长,-1.5,-6.1,6.5,,
,0,18,1.44
2018/10/17,6.77,6.96,7.04,6.66,-2.45,1.44,屎v0忑.警,忑,y戊↘忑-82.Z-6,跌.尾连VW.W2,7姗.__Fa震正〇._主,,-6,-82,-82,NA,,空长,0.9,-6.4,4.1,,
,-170,14,0.3
2018/10/18,6.57,6.79,6.79,6.46,-2.95,0.3,屎v0忑.警,忑,y戊↘忑-83.Z-7,跌.尾连WW.W3,7姗.__Fa震正〇._主,,-7,-83,-83,NA,,空长,-1.2,-7.1,2.5,,
,-1000,11,1.83
2018/10/19,6.64,6.54,6.69,6.4,1.07,1.83,屎v0忑.警,忑,y戊↘忑-84.Z-8,跌.尾反孕Wo,9妩.__Fa震正〇._主,,-8,-84,-84,NA,,空长,-1.5,-7.4,3.6,,
,58,10,4.67
2018/10/22,6.91,6.73,6.95,6.64,4.07,4.67,屎v1忑.警,忑,y戊↘忠-85.I,升.尾连oQ.Q2,4蛀.__Fe震正根._主,,1,-85,-85,NA,,空长,2.2,-6.8,3.5,,
,87,10,-0.29
2018/10/23,6.66,6.89,6.89,6.59,-3.62,-0.29,屎v0忑.警,忑,y戊↘忑-86.Y暂,(升)人.连后吞QV,5暂.__Fa震正〇._主,,-1,-86,-86,NA,,空长,1.7,-6.7,3.9,,
,0,10,1.5
2018/10/24,6.69,6.66,6.76,6.64,0.45,1.5,屎v0忑.警,忑,y戊↘忑-87.Z-2暂,(升)人.连后吞QVo,5暂.__Fa震正〇._主,,-2,-87,-87,NA,,空长,0.2,-6.5,3,,
,30,9,-2.69
2018/10/25,6.48,6.36,6.51,6.23,-3.14,-2.69,屎v0忑.警,忑,y戊↘忑-88.Z-3暂,跌.尾吞oV,5暂.__Aa龙猪._主,,-3,-88,-88,NA,,空长,-2.6,-6.8,4,,
,0,12,1.54
2018/10/26,6.55,6.49,6.58,6.4,1.08,1.54,屎v0忑.警,忑,y戊↘忑-89.Z-4,(跌)人.吞吞oVO,8姖.__Aa龙猪._主,,-4,-89,-89,NA,,空长,-0.9,-6.8,4.7,,
,70,12,-0.15
2018/10/29,6.52,6.54,6.54,6.4,-0.46,-0.15,屎v0忑.警,忑,y戊↘忑-90.Z-5,(跌)人.吞吞oVOv,8姖.__Aa龙猪._主,,-5,-90,-90,NA,,空长,-1,-6.7,4.3,,
,0,11,1.07
2018/10/30,6.56,6.51,6.59,6.4,0.61,1.07,屎v0忑.警,忑,y戊↘忑-91.Z-6,升.尾吞vO,6娝.__Fa震正〇._主,,-6,-91,-91,NA,,空长,0.1,-6.4,2.7,,
,57,9,1.52
2018/10/31,6.62,6.57,6.66,6.54,0.91,1.52,屎v1忑.警,忑,y戊↘忠-92.I,升.尾连OQ.Q2,4蛀.__Fe震正根._主,,1,-92,-92,NA,,空长,1.1,-6,1.1,,
,60,7,4.83
2018/11/1,6.67,6.67,6.94,6.62,0.76,4.83,屎v1忑.警,忑,y戊↘忠-93.B2,升.尾连QQ.Q3,4蛀.__Fe震正根._主,,2,-93,-93,NA,,空长,5,-5.3,5,,
,16,8,6.15
2018/11/2,7.01,6.86,7.08,6.74,5.1,6.15,屎v2忑,忑,r己↗忐-94.B3,升.尾连QQ.Q4,4蛀.__Fe震正根.储,,3,-94,-94,NA,,空长,5.6,-3.9,5.6,,
,83,11,1
2018/11/5,7.04,7.02,7.08,6.86,0.43,1,屎V5忠.盈,忠,a甲↗上1.A4,升.尾连QQ.Q5,0橅.Aa龙猪.储,a连5,4,1,-95,NA,,空长,4.1,-2.5,4.1,1,
1,43,11,0
2018/11/6,6.92,7.04,7.04,6.89,-1.7,0,屎v3忑,忑,a甲↗上2.A5,(升)人.连后吞QV,1柜.__Ff震负.储,,5,-1,-96,NA,,空长,2.8,-1.8,3.4,,
,0,8,1.16
2018/11/7,6.9,6.96,7,6.9,-0.29,1.16,屎v3忑,忑,a甲↗上3.A6,跌.尾连VW.W2,2栅.__Ff震负.储,,6,-2,-97,NA,,空长,1.9,-1.4,3.1,,
,-25,7,1.88
2018/11/8,6.89,6.93,7.03,6.87,-0.14,1.88,屎v3忑,忑,a甲↗上4.A7,跌.尾连WW.W3,3桮.__Ff震负.储,,7,-3,-98,NA,,空长,2.2,-1.2,2.9,,
,-8,5,0.87
2018/11/9,6.85,6.86,6.95,6.76,-0.58,0.87,屎v3忑,忑,b乙→中5.Y,跌.尾连WW.W4,5蛀.__Ff震负._再C,,-1,-4,-99,NA,,空长,1.1,-1.2,3,,
,-67,5,2.04
2018/11/12,6.98,6.71,6.99,6.71,1.9,2.04,屎v3忑,忑,b乙↗上6.I暂,(跌)人.连后吞WO,4暂.__Ff震负.储,,1,-5,-100,NA,,空长,1.3,-0.8,2.1,,
,93,5,3.58
2018/11/13,7.12,6.91,7.23,6.87,2.01,3.58,屎V5忠.盈,忠,b乙↗上7.B2暂,升.尾连OQ.Q2,4暂.Aa龙猪.储,a,2,1,-101,NA,,空长,4,-0.1,4,3,
3,56,8,8.15
2018/11/14,7.34,7.12,7.7,7.06,3.09,8.15,屎V5忠.盈,忠,b乙↗上8.B3暂,升.尾连QQ.Q3,4暂.Aa龙猪.初,a连3高,3,2,-102,NA,,空长,9.2,1,9.2,10,
10,38,15,3.54
2018/11/15,7.53,7.31,7.6,7.21,2.59,3.54,屎V5忠.盈,忠,b乙↗上9.A4,升.尾连QQ.Q4,0橅.Aa龙猪.初,连4,4,3,-103,NA,,空长,5.9,2.3,7.3,9,
9,73,15,0.93
2018/11/16,7.49,7.49,7.6,7.4,-0.53,0.93,屎V5忠,忠,b乙↗上10.A5,升.尾反孕Qv,0橅.Aa龙猪.初,,5,4,-104,NA,,空长,4.4,3.2,5.8,9,
9,-57,15,-0.13
2018/11/19,7.39,7.41,7.48,7.32,-1.34,-0.13,屎V5忠,忠,b乙↗上11.A6,跌.尾连vW.W2,2栅.Fa震正〇.初,,6,5,-105,NA,,空长,2.1,3.5,5.1,8,
8,0,12,3.52
2018/11/20,7.3,7.32,7.65,7.25,-1.22,3.52,屎V5忠,忠,b乙↗上12.A7,跌.尾连WW.W3,3桮.Fa震正〇.初,,7,6,-106,NA,,空长,4.4,3.3,5.1,8,
8,-35,9,0.14
2018/11/21,7.28,7.16,7.31,7.14,-0.27,0.14,屎V5忠,忠,b乙→中13.Y,跌.尾连WW.W4,5蛀.Fe震正根.初,,-1,7,-107,NA,,空长,-0.1,2.9,4.5,7,
8,-200,7,1.1
2018/11/22,7.26,7.29,7.36,7.18,-0.27,1.1,屎V5忠,忠,b乙→中14.Z-2,跌.尾连WW.W5,5蛀.Fe震正根.主,,-2,8,-108,NA,,空长,0.8,2.5,4.7,7,
8,-25,7,0.83
2018/11/23,7.03,7.26,7.32,6.89,-3.17,0.83,屎v4忑.被,忑,c丙↘下15.Z-3,跌.尾连WW.W6,5蛀.__Df头负._破,,-3,-1,-109,NA,,空长,1.1,1.6,5.7,,
,-383,11,-0.57
2018/11/26,6.91,6.96,6.99,6.71,-1.71,-0.57,屎v4忑.警,忑,z丁↘忑-1.Z-4,跌.尾连WW.W7,9妩.__Aa龙猪._破,,-4,-2,-110,NA,,空长,-2.3,0.6,7,,
,0,14,0.87
2018/11/27,6.8,6.94,6.97,6.74,-1.59,0.87,屎v4忑.警,忑,z丁↘忑-2.Z-5,跌.尾连WW.W8,9妩.__Aa龙猪._初,,-5,-3,-111,NA,,空长,-1.2,-0.5,4.3,,
,-183,10,1.62
2018/11/28,6.87,6.8,6.91,6.74,1.03,1.62,屎v0忑.警,忑,z丁↘忑-3.Z-6,跌.尾反孕Wo,9妩.__Aa龙猪._初,,-6,-4,-112,NA,,空长,-1.2,-1.2,5.3,,
,64,10,1.31
2018/11/29,6.76,6.89,6.96,6.72,-1.6,1.31,屎v0忑.警,忑,z丁↘忑-4.Z-7,跌.尾吞oV,9妩.__Fa震正〇._初,,-7,-5,-113,NA,,空长,0.5,-1.8,5.7,,
,-122,9,1.33
2018/11/30,6.84,6.76,6.85,6.57,1.18,1.33,屎v0忑.警,忑,z丁↘忑-5.Z-8,跌.尾反孕oVo,9妩.__Aa龙猪._初,,-8,-6,-114,NA,,空长,-0.6,-2.1,1.4,,
,89,6,3.8
2018/12/3,7.03,6.96,7.1,6.94,2.78,3.8,屎v1忑.警,忑,y戊↘忠-6.I,升.尾连oQ.Q2,4蛀.__Be龙管根._初,,1,-7,-115,NA,,空长,2.7,-1.7,2.7,,
,73,8,0.85
2018/12/4,7.07,7.01,7.09,6.93,0.57,0.85,屎V5忠.盈,忠,r己↗忐-7.B2,升.尾连QQ.Q3,4蛀.Df头负.储,连3,2,1,-116,NA,,空长,1.9,-1.1,2.1,0,
4,67,8,-0.71
2018/12/5,6.91,7.02,7.02,6.9,-2.26,-0.71,屎v0忑.警,忑,y戊↘忑-8.Y暂,(升)人.连后吞QV,5暂.__Fa震正〇._再B,,-1,-1,-117,NA,,空长,0.9,-1,2.1,,
,0,8,2.75
2018/12/6,7.09,6.96,7.1,6.9,2.6,2.75,屎V5忠.盈,忠,r己↗忐-9.I暂,(人)人.吞吞* VO,4暂.Df头负.储,雀,1,1,-118,NA,,空长,1.7,-0.6,1.7,1,
4,95,8,4.94
2018/12/7,7.2,7.09,7.44,7.05,1.55,4.94,屎V5忠.盈,忠,a甲↗上1.B2暂,升.尾连OQ.Q2,4暂.Aa龙猪.初,a,2,2,-119,NA,,空长,5.7,0,5.7,5,
5,31,8,-0.69
2018/12/10,6.86,7.02,7.15,6.85,-4.72,-0.69,屎v0忑.警,忑,z丁↘忑-1.Y暂,(升)人.连后吞QV,5暂.__Fa震正〇._再D,,-1,-1,-120,NA,,空长,2,-0.3,6.1,,
,0,9,1.46
2018/12/11,6.86,6.85,6.96,6.75,0,1.46,屎v0忑.警,忑,z丁↘忑-2.Z-2暂,(升)人.连后吞QVo,5暂.__Fa震正〇._再D,,-2,-2,-121,NA,,空长,-0.2,-0.7,6.7,,
,0,10,0.29
2018/12/12,6.82,6.82,6.88,6.79,-0.58,0.29,屎v0忑.警,忑,z丁↘忑-3.Z-3暂,跌.尾吞oV,5暂.__Fa震正〇._再D,,-3,-3,-122,NA,,空长,-0.7,-1.1,7.4,,
,-200,10,3.23
2018/12/13,6.93,6.83,7.04,6.71,1.61,3.23,屎v0忑.警,忑,z丁↘忑-4.Z-4,(跌)人.吞吞oVO,8姖.__Fa震正〇._再D,,-4,-4,-123,NA,,空长,1.7,-1.1,7.5,,
,50,11,1.01
2018/12/14,6.84,6.93,7,6.83,-1.3,1.01,屎v0忑.警,忑,z丁↘忑-5.Z-5,(跌)人.吞吞oVOv,8姖.__Fa震正〇._主,,-5,-5,-124,NA,,空长,1.4,-1.3,3.6,,
,-129,7,1.17
2018/12/17,6.84,6.83,6.92,6.76,0,1.17,屎v0忑.警,忑,z丁↘忑-6.Z-6,(人)人.孕孕vo,8姖.__Fa震正〇._主,,-6,-6,-125,NA,,空长,0.6,-1.4,2.3,,
,0,5,2.49
2018/12/18,6.9,6.84,7.01,6.77,0.88,2.49,屎v1忑.警,忑,y戊↘忠-7.I,升.尾连oQ.Q2,4蛀.__Fe震正根._主,,1,-7,-126,NA,,空长,1.9,-1.3,2.3,,
,35,5,1.88
2018/12/19,6.98,6.9,7.03,6.88,1.16,1.88,屎v2忑,忑,r己↗忐-8.B2,升.尾连QQ.Q3,4蛀.__Fe震正根.储,,2,-8,-127,NA,,空长,1.8,-0.9,2,,
,62,5,0.29
2018/12/20,6.91,7,7,6.81,-1,0.29,屎v1忑.警,忑,y戊↘忠-9.B3,升.尾反孕Qv,4蛀.__Fe震正根._再B,,3,-9,-128,NA,,空长,1.3,-0.8,1.7,,
,-350,4,-0.43
2018/12/21,6.81,6.88,6.88,6.71,-1.45,-0.43,屎v0忑.警,忑,y戊↘忑-10.Y暂,跌.尾连vW.W2,5暂.__Aa龙猪._再B,,-1,-10,-129,NA,,空长,-0.1,-1,2,,
,0,5,0.29
2018/12/24,6.76,6.81,6.83,6.62,-0.73,0.29,屎v0忑.警,忑,y戊↘忑-11.Z-2暂,跌.尾连WW.W3,5暂.__Aa龙猪._再B,,-2,-11,-130,NA,,空长,-0.4,-1.3,2.5,,
,-250,6,-0.44
2018/12/25,6.72,6.68,6.73,6.57,-0.59,-0.44,屎v0忑.警,忑,y戊↘忑-12.Z-3暂,跌.尾连WW.W4,5暂.__Aa龙猪._再B,,-3,-12,-131,NA,,空长,-1.3,-1.6,3.1,,
,0,7,-0.6
2018/12/26,6.68,6.67,6.68,6.5,-0.6,-0.6,屎v0忑.警,忑,y戊↘忑-13.Z-4,跌.尾连WW.W5,9妩.__Aa龙猪._再B,,-4,-13,-132,NA,,空长,-1.5,-1.9,3.3,,
,0,8,2.4
2018/12/27,6.66,6.84,6.84,6.58,-0.3,2.4,屎v0忑.警,忑,y戊↘忑-14.Z-5,跌.尾连WW.W6,9妩.__Aa龙猪._主,,-5,-14,-133,NA,,空长,1.4,-2.2,2,,
,-12,6,0.3
2018/12/28,6.66,6.63,6.68,6.57,0,0.3,屎v0忑.警,忑,y戊↘忑-15.Z-6,跌.尾反孕Wo,9妩.__Aa龙猪._主,,-6,-15,-134,NA,,空长,-0.6,-2.3,1.8,,
,0,5,0
2019/1/2,6.61,6.66,6.66,6.52,-0.75,0,屎v0忑.警,忑,y戊↘忑-16.Z-7,跌.尾吞oV,9妩.__Fa震正〇._主,,-7,-16,-135,NA,,空长,-0.4,-2.5,2.3,,
,0,5,0.91
2019/1/3,6.61,6.61,6.67,6.55,0,0.91,屎v0忑.警,忑,y戊↘忑-17.Z-8,跌.尾反孕oVo,9妩.__Fa震正〇._主,,-8,-17,-136,NA,,空长,0.1,-2.6,2.6,,
,0,5,2.87
2019/1/4,6.74,6.56,6.8,6.54,1.97,2.87,屎v1忑.警,忑,y戊↘忠-18.I,升.尾连oQ.Q2,4蛀.__Fe震正根._主,,1,-18,-137,NA,,空长,1.9,-2.3,2.5,,
,68,5,4.75
2019/1/7,6.98,6.76,7.06,6.64,3.56,4.75,屎V5忠.盈,忠,r己↗忐-19.B2,升.尾连QQ.Q3,4蛀.Df头负.储,a连3,2,1,-138,NA,,空长,4.7,-1.3,4.7,3,
3,75,8,-0.43
2019/1/8,6.85,6.9,6.95,6.79,-1.86,-0.43,屎V5忠,忠,a甲↗上1.B3,升.尾反孕Qv,4蛀.Aa龙猪.储,,3,2,-139,NA,,空长,2.4,-0.8,4.1,3,
3,0,8,1.9
2019/1/9,6.85,6.85,6.98,6.84,0,1.9,屎V5忠,忠,a甲↗上2.A4,(升)人.孕孕vo,0橅.Aa龙猪.储,,4,3,-140,NA,,空长,2.5,-0.4,3.7,3,
3,0,8,1.02
2019/1/10,6.83,6.86,6.92,6.83,-0.29,1.02,屎V5忠,忠,a甲↗上3.A5,跌.尾吞oV,1柜.Fa震正〇.储,,5,4,-141,NA,,空长,1.5,-0.3,3.5,3,
3,-29,8,1.02
2019/1/11,6.9,6.85,6.9,6.78,1.02,1.02,屎V5忠,忠,a甲↗上4.A6,(跌)人.吞吞oVO,1柜.Fa震正〇.储,,6,5,-142,NA,,空长,0.9,0,3.2,3,
3,100,6,0.14
2019/1/14,6.81,6.88,6.91,6.78,-1.3,0.14,屎v3忑,忑,b乙→中5.Y,(人)人.吞吞* OV,5蛀.__Ff震负._再C,,-1,-1,-143,NA,,空长,1.1,-0.1,2.1,,
,-900,3,1.47
2019/1/15,6.9,6.78,6.91,6.78,1.32,1.47,屎V5忠,忠,b乙↗上6.I暂,(人)人.吞吞* VO,4暂.Fd震正芽.初,,1,1,-144,NA,,空长,0.9,0.1,1.9,2,
3,90,3,1.01
2019/1/16,6.93,6.92,6.97,6.82,0.43,1.01,屎V5忠.盈,忠,b乙↗上7.B2暂,升.尾连OQ.Q2,4暂.Fd震正芽.初,雀,2,2,-145,NA,,空长,1.4,0.3,1.4,1,
3,43,3,-0.14
2019/1/17,6.78,6.91,6.92,6.76,-2.16,-0.14,屎v3忑.被,忑,c丙↘下8.Y暂,(升)人.连后吞QV,5暂.__Df头负._再D,,-1,-1,-146,NA,,空长,0.9,0.1,1.7,,
,0,3,0.88
2019/1/18,6.81,6.78,6.84,6.71,0.44,0.88,屎v3忑.被,忑,c丙↘下9.Z-2暂,(升)人.连后吞QVo,5暂.__Df头负._再D,,-2,-2,-147,NA,,空长,0,0,1.9,,
,50,4,1.91
2019/1/21,6.94,6.81,6.94,6.74,1.91,1.91,屎V5忠,忠,b乙↗上10.I暂,升.尾连oQ.Q2,4暂.Dd头正芽.初,,1,1,-148,NA,,空长,1.2,0.2,1.6,1,
1,100,4,0.72
2019/1/22,6.79,6.93,6.99,6.78,-2.16,0.72,屎v3忑.被,忑,c丙↘下11.Y暂,(升)人.连后吞QV,5暂.__Df头负._再D,,-1,-1,-149,NA,,空长,2.1,0,2.1,,
,-300,4,0.44
2019/1/23,6.8,6.79,6.82,6.67,0.15,0.44,屎v3忑.被,忑,c丙↘下12.Z-2暂,(升)人.连后吞QVo,5暂.__Df头负._再D,,-2,-2,-150,NA,,空长,-0.2,-0.1,2.3,,
,33,5,0.15
2019/1/24,6.74,6.81,6.81,6.73,-0.88,0.15,屎v0忑.警,忑,z丁↘忑-1.Z-3暂,跌.尾吞oV,5暂.__Aa龙猪._再D,,-3,-3,-151,NA,,空长,0,-0.4,2.6,,
,-600,5,0.3
2019/1/25,6.69,6.72,6.76,6.62,-0.74,0.3,屎v0忑.警,忑,z丁↘忑-2.Z-4,跌.尾连VW.W2,9妩.__Aa龙猪._再D,,-4,-4,-152,NA,,空长,-0.3,-0.7,3.1,,
,-250,6,1.2
2019/1/28,6.68,6.69,6.77,6.64,-0.15,1.2,屎v0忑.警,忑,z丁↘忑-3.Z-5,跌.尾连WW.W3,9妩.__Aa龙猪._再D,,-5,-5,-153,NA,,空长,0.3,-1,3.6,,
,-13,6,-0.15
2019/1/29,6.56,6.66,6.67,6.31,-1.8,-0.15,屎v0忑.警,忑,z丁↘忑-4.Z-6,跌.尾连WW.W4,9妩.__Aa龙猪._再D,,-6,-6,-154,NA,,空长,-0.5,-1.5,1.8,,
,0,8,2.29
2019/1/30,6.7,6.55,6.71,6.52,2.13,2.29,屎v0忑.警,忑,z丁↘忑-5.Z-7,(跌)人.连后吞WO,8姖.__Aa龙猪._主,,-7,-7,-155,NA,,空长,0.3,-1.5,1.8,,
,93,8,-0.75
2019/1/31,6.62,6.62,6.65,6.52,-1.19,-0.75,屎v0忑.警,忑,z丁↘忑-6.Z-8,(跌)人.连后吞WOv,8姖.__Aa龙猪._主,,-8,-8,-156,NA,,空长,-0.3,-1.6,1.5,,
,0,7,2.87
2019/2/1,6.76,6.64,6.81,6.62,2.11,2.87,屎v1忑.警,忑,y戊↘忠-7.I,升.尾吞vO,4蛀.__Fe震正根._主,,1,-9,-157,NA,,空长,1.8,-1.3,1.8,,
,74,8,1.18
2019/2/11,6.84,6.77,6.84,6.77,1.18,1.18,屎V5忠.盈,忠,r己↗忐-8.B2,升.尾连OQ.Q2,4蛀.Df头负.储,雀,2,1,-158,NA,,空长,1.7,-0.8,1.7,0,
3,100,8,0.58
2019/2/12,6.86,6.84,6.88,6.79,0.29,0.58,屎V5忠.盈,忠,a甲↗上1.B3,升.尾连QQ.Q3,4蛀.Aa龙猪.储,a连3,3,2,-159,NA,,空长,1.7,-0.3,1.7,1,
1,50,6,1.46
2019/2/13,6.95,6.86,6.96,6.83,1.31,1.46,屎V5忠.盈,忠,a甲↗上2.A4,升.尾连QQ.Q4,0橅.Aa龙猪.初,a连4,4,3,-160,NA,,空长,2.2,0.3,2.2,2,
2,90,7,1.01
2019/2/14,6.97,6.92,7.02,6.86,0.29,1.01,屎V6忐.盈,忐,a甲↗上3.A5,升.尾连QQ.Q5,0橅.Aa龙猪.初,a连5,5,4,-161,NA,,空看,2.3,0.8,2.3,3,
3,29,6,0.57
2019/2/15,6.94,7,7.01,6.91,-0.43,0.57,屎V5忠,忠,a甲↗上4.A6,升.尾反孕Qv,0橅.Aa龙猪.初,,6,5,-162,NA,,空长,1.8,1.1,1.9,3,
3,-75,4,2.31
2019/2/18,7.09,6.98,7.1,6.94,2.16,2.31,屎V6忐.盈,忐,a甲↗上5.A7,升.尾吞vO,0橅.Aa龙猪.初,a,7,6,-163,NA,,空看,2.3,1.6,2.3,3,
3,94,5,8.46
2019/2/19,7.57,7.24,7.69,7.12,6.77,8.46,屎V6忐.盈,忐,a甲↗上6.A8,升.尾连OQ.Q2,0橅.Aa龙猪.初,a高,8,7,-164,NA,,空看,8.5,3.2,8.5,11,
11,80,13,0.4
2019/2/20,7.6,7.55,7.6,7.39,0.4,0.4,屎V6忐.盈,忐,a甲↗上7.A9,升.尾连QQ.Q3,0橅.Aa龙猪.主,连3,9,8,-165,NA,,空看,5,4.6,6.3,11,
11,100,12,0.53
2019/2/21,7.54,7.56,7.64,7.36,-0.79,0.53,屎V6忐,忐,a甲↗上8.A10,(升)人.连后吞QV,1柜.Aa龙猪.主,,10,9,-166,NA,,空看,4.1,5.3,4.8,10,
10,-150,11,0.4
2019/2/22,7.54,7.46,7.57,7.39,0,0.4,屎V6忐,忐,a甲↗上9.A11,(升)人.连后吞QVo,1柜.Fa震正〇.主,,11,10,-167,NA,,空看,2.2,5.6,3.9,9,
9,0,11,3.85
2019/2/25,7.83,7.55,7.83,7.55,3.85,3.85,屎E0上.盈,上,a甲↗上10.A12,升.尾连oQ.Q2,1柜.Aa龙猪.主,a,12,11,1,持主,,多被,4.2,6.4,4.2,10,
10,100,10,4.73
2019/2/26,7.75,7.85,8.2,7.69,-1.02,4.73,屎E0上.盈,上,a甲↗上11.A13,升.尾反孕Qv,1柜.Aa龙猪.主,a偏,13,12,2,持主,,多被,8,6.7,8,15,
15,-22,11,4.52
2019/2/27,7.87,7.72,8.1,7.72,1.55,4.52,屎E0上,上,a甲↗上12.A14,升.尾吞vO,0橅.Aa龙猪.主,,14,13,3,持主,,多被,5.6,7,6.9,14,
14,34,11,2.16
2019/2/28,7.91,7.8,8.04,7.8,0.51,2.16,屎E0上,上,a甲↗上13.A15,升.尾连OQ.Q2,0橅.Aa龙猪.主,,15,14,4,持主,,多被,3.9,7.2,5.9,13,
13,24,11,2.65
2019/3/1,7.94,7.94,8.12,7.9,0.38,2.65,唏E0上.盈,上,a甲↗上14.A16,升.尾连QQ.Q3,0橅.Fa震正〇.主,连3,16,15,5,持主,,多被,4.1,7.3,5.1,12,
12,14,9,1.89
2019/3/4,7.92,7.94,8.09,7.86,-0.25,1.89,唏E0上,上,a甲↗上15.A17,(升)人.连后吞QV,1柜.Fa震正〇.主,,17,16,6,持主,,多被,3.2,7.1,4.6,12,
12,-13,7,2.02
2019/3/5,8.02,7.89,8.08,7.76,1.26,2.02,唏E0上,上,a甲↗上16.A18,(人)人.吞吞* VO,1柜.Fa震正〇.主,,18,17,7,持主,,多被,2.4,7.1,2.9,10,
11,62,5,2.24
2019/3/6,8.19,8.01,8.2,7.95,2.12,2.24,唏E0上.盈,上,a甲↗上17.A19,升.尾连OQ.Q2,1柜.Aa龙猪.主,a,19,18,8,持主,,多被,2.9,7.3,2.9,10,
10,94,6,7.94
2019/3/7,8.59,8.17,8.84,8.04,4.88,7.94,唏E0上.盈,上,a甲↗上18.A20,升.尾连QQ.Q3,1柜.Aa龙猪.主,a连3高,20,19,9,持主,,多被,8.8,8.3,8.8,17,
17,62,14,-1.28
2019/3/8,7.97,8.36,8.48,7.85,-7.22,-1.28,唏E0上,上,a甲↗上19.A21,(升)人.连后吞QV,1柜.Aa龙猪.主,,21,20,10,持主,,多被,4.4,7.7,8.8,17,
17,0,14,2.13
2019/3/11,8.12,8.03,8.14,7.85,1.88,2.13,唏E2上,上,b乙→中20.Y,(升)人.连后吞QVo,5蛀.Be龙管根.主,,-1,21,11,持被,,多被,0.2,7,8.8,16,
16,88,14,2.71
2019/3/12,8.14,8.14,8.34,8,0.25,2.71,唏E0上,上,b乙↗上21.I暂,升.尾连oQ.Q2,4暂.Fd震正芽.主,,1,22,12,持主,,多被,2.6,6.5,8.8,15,
15,9,13,2.21
2019/3/13,8.02,8.15,8.32,7.95,-1.47,2.21,唏E2上,上,b乙→中22.Y暂,(升)人.连后吞QV,5暂.Fe震正根.主,,-1,23,13,持被,,多被,2.7,5.8,9.1,15,
15,-67,13,0.87
2019/3/14,7.79,8.05,8.09,7.65,-2.87,0.87,唏E1上.被,上,c丙↘下23.Z-2暂,跌.尾连VW.W2,5暂.Fe震正根.破,,-2,24,14,持被,,多被,0.8,4.6,5.6,10,
15,-329,11,1.8
2019/3/15,7.92,7.89,7.93,7.8,1.67,1.8,唏E1上.被,上,c丙↘下24.Z-3暂,跌.尾反孕Wo,5暂.Fe震正根.破,,-3,25,15,持被,,多被,-0.7,3.8,4.4,8,
14,93,9,2.02
2019/3/18,8.07,7.93,8.08,7.85,1.89,2.02,唏E0上,上,b乙↗上25.I暂,升.尾连oQ.Q2,4暂.Dd头正芽.再B,,1,26,16,持主,,多被,1,3.6,4.3,8,
14,94,9,1.98
2019/3/19,8.11,8.1,8.23,8.06,0.5,1.98,唏E0上.盈,上,b乙↗上26.B2暂,升.尾连QQ.Q3,4暂.Dd头正芽.再B,连3,2,27,17,持主,,多被,2.6,3.6,3.7,7,
14,25,9,1.23
2019/3/20,8.15,8.06,8.21,7.98,0.49,1.23,唏E0上.盈,上,b乙↗上27.B3暂,升.尾连QQ.Q4,4暂.Dd头正芽.再B,连4,3,28,18,持主,,多被,1.9,3.7,2.1,5,
13,40,8,3.44
2019/3/21,8.27,8.08,8.43,8.08,1.47,3.44,唏E0上.盈,上,b乙↗上28.A4,升.尾连QQ.Q5,0橅.Dd头正芽.再B,雀连5,4,29,19,持主,,多被,3.9,3.9,3.9,7,
8,43,8,0.97
2019/3/22,8.3,8.25,8.35,8.14,0.36,0.97,唏E0上.盈,上,b乙↗上29.A5,升.尾连QQ.Q6,0橅.Dd头正芽.主,连6,5,30,20,持主,,多被,2.2,4.2,3.2,7,
7,38,7,3.37
2019/3/25,8.52,8.32,8.58,8.15,2.65,3.37,唏E0上.盈,上,b乙↗上30.A6,升.尾连QQ.Q7,0橅.Aa龙猪.主,a连7,6,31,21,持主,,多被,3.9,4.7,3.9,8,
8,79,8,9.39
2019/3/26,8.88,8.43,9.32,8.43,4.23,9.39,唏E0上.盈,上,b乙↗上31.A7,升.尾连QQ.Q8,0橅.Aa龙猪.主,a连8高,7,32,22,持主,,多被,10.7,5.9,10.7,17,
17,45,17,1.8
2019/3/27,8.72,8.93,9.04,8.47,-1.8,1.8,唏E0上.盈,上,b乙↗上32.A8,升.尾反孕Qv,0橅.Aa龙猪.主,偏,8,33,23,持主,,多被,6.1,6.4,9.4,16,
16,-100,15,5.73
2019/3/28,8.99,8.68,9.22,8.6,3.1,5.73,唏E0上.盈,上,b乙↗上33.A9,升.尾吞vO,0橅.Aa龙猪.主,高,9,34,24,持主,,多被,6.6,7.1,7.8,15,
15,54,14,3.89
2019/3/29,9.19,8.9,9.34,8.82,2.22,3.89,唏E0上.盈,上,b乙↗上34.A10,升.尾连OQ.Q2,0橅.Aa龙猪.主,a偏,10,35,25,持主,,多被,6.2,7.9,6.2,14,
14,57,15,5.01
2019/4/1,9.39,9.18,9.65,9.06,2.18,5.01,唏E0上.盈,上,b乙↗上35.A11,升.尾连QQ.Q3,0橅.Aa龙猪.主,a连3高,11,36,26,持主,,多被,7.7,8.8,7.7,17,
17,43,14,-0.64
2019/4/2,9.27,9.32,9.33,9.17,-1.28,-0.64,唏E0上,上,b乙↗上36.A12,升.尾反孕Qv,0橅.Aa龙猪.主,,12,37,27,持主,,多被,2.9,9.1,6.4,16,
16,0,14,-0.32
2019/4/3,9.04,9.24,9.24,8.98,-2.48,-0.32,唏E0上,上,b乙↗上37.A13,跌.尾连vW.W2,2栅.Bc龙管栅.主,,13,38,28,持主,,多被,1.7,8.5,6.2,15,
15,0,12,0.77
2019/4/4,8.99,9.11,9.11,8.95,-0.55,0.77,唏E2上,上,b乙→中38.Y,跌.尾连WW.W3,5蛀.Fe震正根.主,,-1,39,29,持被,,多被,0.5,7.7,6.4,14,
14,-71,9,3
2019/4/8,9.15,8.99,9.26,8.61,1.78,3,唏E0上,上,b乙↗上39.I暂,(跌)人.连后吞WO,4暂.Fd震正芽.主,,1,40,30,持主,,多被,2,7.2,6.3,13,
13,59,12,-0.55
2019/4/9,8.9,9,9.1,8.85,-2.73,-0.55,唏E2上,上,b乙→中40.Y暂,(人)人.吞吞* OV,5暂.Fe震正根.主,,-1,41,31,持被,,多被,0.6,6.3,3.2,9,
13,0,8,1.46
2019/4/10,8.91,8.85,9.03,8.7,0.11,1.46,唏E2上,上,b乙→中41.Z-2暂,(人)人.吞吞* OV,5暂.Fe震正根.主,,-2,42,32,持被,,多被,0.3,5.5,2.8,8,
13,8,8,1.57
2019/4/11,8.73,8.98,9.05,8.7,-2.02,1.57,唏E1上.被,上,c丙↘下42.Z-3暂,跌.尾吞oV,5暂.Fe震正根.破,,-3,43,33,持被,,多被,1.3,4.4,3.6,8,
12,-129,8,1.37
2019/4/12,8.61,8.83,8.85,8.55,-1.37,1.37,唏E1上.被,上,c丙↘下43.Z-4,跌.尾连VW.W2,9妩.Fe震正根.破,,-4,44,34,持被,,多被,0,3.3,4.6,8,
12,-100,8,3.48
2019/4/15,8.72,8.65,8.91,8.65,1.28,3.48,唏E3上.警,上,z丁↘忑-1.Z-5,跌.尾反孕Wo,9妩.Ff震负.破,,-5,45,35,持被,,多被,1.2,2.6,3.4,6,
12,37,6,0.57
2019/4/16,8.72,8.73,8.77,8.46,0,0.57,唏E3上.警,上,z丁↘忑-2.Z-6,升.尾连oQ.Q2,7姗.Ff震负.破,,-6,46,36,持被,,多被,0,2.2,3.2,5,
8,0,7,1.26
2019/4/17,8.75,8.73,8.83,8.65,0.34,1.26,唏E3上.警.盈,上,z丁↘忑-3.Z-7,升.尾连QQ.Q3,6娝.Ff震负.破,连3,-7,47,37,持被,,多被,0.8,1.9,3.3,5,
7,27,7,0.91
2019/4/18,8.65,8.79,8.83,8.63,-1.14,0.91,唏E3上.警,上,z丁↘忑-4.Z-8,(升)人.连后吞QV,6娝.Ff震负.破,,-8,48,38,持被,,多被,1.1,1.5,2,3,
7,-125,5,0.58
2019/4/19,8.52,8.59,8.7,8.32,-1.5,0.58,唏e5中.警,中,z丁↘忑-5.Z-9,跌.尾连VW.W2,6娝.__Bc龙管栅._破,,-9,-1,39,卖浮,,多被,0.2,0.9,2.6,,
,-260,7,2.46
2019/4/22,8.39,8.73,8.73,8.38,-1.53,2.46,唏e5中.警,中,z丁↘忑-6.Z-10,跌.尾连WW.W3,7姗.__Bb龙管杂._破,,-10,-2,40,卖浮,,多被,1.5,0.2,2.6,,
,-62,6,0.36
2019/4/23,8.18,8.33,8.42,8.08,-2.5,0.36,唏e5中.警,中,z丁↘忑-7.Z-11,跌.尾连WW.W4,9妩.__Aa龙猪._初,,-11,-3,41,卖浮,,多被,-0.9,-0.9,4,,
,-700,9,2.57
2019/4/24,8.35,8.26,8.39,8.18,2.08,2.57,唏e5中.警,中,z丁↘忑-8.Z-12,(跌)人.连后吞WO,8姖.__Aa龙猪._初,,-12,-4,42,卖浮,,多被,-0.5,-1.3,4.7,,
,81,9,0.6
2019/4/25,8.05,8.35,8.4,7.96,-3.59,0.6,唏e6下.警,下,z丁↘忑-9.Z-13,(人)人.吞吞* OV,8姖.__Aa龙猪._初,,-13,-5,43,卖浮,,多被,0.7,-2.1,4.7,,
,-600,10,1.24
2019/4/26,8.05,8.14,8.15,7.97,0,1.24,唏e6下.警,下,z丁↘忑-10.Z-14,(人)人.吞吞* OV,8姖.__Aa龙猪._初,,-14,-6,44,卖浮,,多被,-1.2,-2.8,5.8,,
,0,10,-0.12
2019/4/29,7.69,8.04,8.04,7.52,-4.47,-0.12,唏v9下.警,下,z丁↘忑-11.Z-15,跌.尾吞oV,8姖.__Aa龙猪._初,,-15,-7,-1,NA,,空长,-0.8,-3.9,3.8,,
,0,12,1.82
2019/4/30,7.75,7.55,7.83,7.55,0.78,1.82,屎v9下.警,下,z丁↘忑-12.Z-16,跌.尾反孕oVo,9妩.__Aa龙猪._初,,-16,-8,-2,NA,,空长,-2.1,-4.7,5.1,,
,43,12,-0.9
2019/5/6,7.21,7.68,7.68,7.13,-6.97,-0.9,屎v9下.警,下,z丁↘忑-13.Z-17,跌.尾吞oV,9妩.__Aa龙猪._初,,-17,-9,-3,NA,,空长,-1.5,-6.2,7.7,,
,0,18,7.07
2019/5/7,7.65,7.23,7.72,7.23,6.1,7.07,屎v9下.警,下,z丁↘忑-14.Z-18,跌.尾反孕oVo,9妩.__Aa龙猪._主,,-18,-10,-4,NA,,空长,0,-6.5,5.6,,
,86,14,2.22
2019/5/8,7.82,7.65,7.82,7.48,2.22,2.22,屎v9下.警,下,y戊↘忠-15.I,升.尾连oQ.Q2,4蛀.__Be龙管根._主,,1,-11,-5,NA,,空长,1.2,-6,4.1,,
,100,13,-0.26
2019/5/9,7.63,7.8,7.8,7.63,-2.43,-0.26,屎v9下.警,下,y戊↘忑-16.Y暂,(升)人.连后吞QV,5暂.__Fa震正〇._主,,-1,-12,-6,NA,,空长,1.2,-5.8,1.6,,
,0,10,3.67
2019/5/10,7.75,7.65,7.91,7.55,1.57,3.67,屎v9下.警,下,y戊↘忠-17.I暂,(升)人.连后吞QVo,4暂.__Fe震正根._主,,1,-13,-7,NA,,空长,2.6,-5.3,2.6,,
,43,11,0.77
2019/5/13,7.74,7.65,7.81,7.65,-0.13,0.77,屎v9下.警,下,y戊↘忠-18.B2暂,(人)人.孕孕vo,4暂.__Fe震正根._主,,2,-14,-8,NA,,空长,1.2,-4.9,2.5,,
,-17,9,0.65
2019/5/14,7.6,7.66,7.79,7.48,-1.81,0.65,屎v9下.警,下,y戊↘忑-19.Y暂,跌.尾连vW.W2,5暂.__Fa震正〇._主,,-1,-15,-9,NA,,空长,1.2,-4.8,2.8,,
,-280,6,4.21
2019/5/15,7.86,7.61,7.92,7.61,3.42,4.21,屎v9下.警,下,y戊↘忠-20.I暂,(跌)人.连后吞WO,4暂.__Fe震正根._主,,1,-16,-10,NA,,空长,2.5,-4.1,2.5,,
,81,6,1.78
2019/5/16,7.81,7.91,8,7.77,-0.64,1.78,屎v9下.警,下,y戊↘忠-21.B2暂,(跌)人.连后吞WOv,4暂.__Fe震正根._主,,2,-17,-11,NA,,空长,3.2,-3.6,3.2,,
,-36,7,1.02
2019/5/17,7.52,7.81,7.89,7.42,-3.71,1.02,屎v9下.警,下,y戊↘忑-22.Y暂,跌.尾连vW.W2,5暂.__Fa震正〇._主,,-1,-18,-12,NA,,空长,2.4,-3.8,3.8,,
,-362,8,0
2019/5/20,7.37,7.52,7.52,7.19,-1.99,0,屎v0忑.警,忑,y戊↘忑-23.Z-2暂,跌.尾连WW.W3,5暂.__Aa龙猪._主,,-2,-19,-13,NA,,空长,-1.3,-4.4,5,,
,0,11,2.31
2019/5/21,7.51,7.37,7.54,7.33,1.9,2.31,屎v0忑.警,忑,y戊↘忑-24.Z-3暂,跌.尾反孕Wo,5暂.__Aa龙猪._主,,-3,-20,-14,NA,,空长,-0.5,-4.5,5.6,,
,82,11,0.4
2019/5/22,7.44,7.46,7.54,7.39,-0.93,0.4,屎v0忑.警,忑,y戊↘忑-25.Z-4,(跌)人.孕孕ov,9妩.__Aa龙猪._主,,-4,-21,-15,NA,,空长,0,-4.6,6.1,,
,-233,11,0.94
2019/5/23,7.25,7.37,7.51,7.22,-2.55,0.94,屎v0忑.警,忑,y戊↘忑-26.Z-5,跌.尾连vW.W2,9妩.__Fa震正〇._主,,-5,-22,-16,NA,,空长,0.6,-5,5.7,,
,-271,10,2.21
2019/5/24,7.13,7.2,7.41,7.07,-1.66,2.21,屎v0忑.警,忑,y戊↘忑-27.Z-6,跌.尾连WW.W3,9妩.__Aa龙猪._主,,-6,-23,-17,NA,,空长,0.5,-5.5,2.3,,
,-75,7,2.81
2019/5/27,7.29,7.08,7.33,7.08,2.24,2.81,屎v0忑.警,忑,y戊↘忑-28.Z-7,(跌)人.连后吞WO,8姖.__Aa龙猪._主,,-7,-24,-18,NA,,空长,-0.1,-5.5,2.8,,
,80,7,1.65
2019/5/28,7.28,7.33,7.41,7.22,-0.14,1.65,屎v0忑.警,忑,y戊↘忑-29.Z-8,(跌)人.连后吞WOv,8姖.__Aa龙猪._主,,-8,-25,-19,NA,,空长,1.3,-5.4,3.1,,
,-8,7,1.51
2019/5/29,7.39,7.23,7.39,7.21,1.51,1.51,屎v1忑.警,忑,y戊↘忠-30.I,升.尾吞vO,4蛀.__Fe震正根._主,,1,-26,-20,NA,,空长,0.9,-4.9,2.5,,
,100,6,-0.27
2019/5/30,7.27,7.35,7.37,7.17,-1.62,-0.27,屎v0忑.警,忑,y戊↘忑-31.Y暂,升.尾反孕vOv,5暂.__Fa震正〇._主,,-1,-27,-21,NA,,空长,0.7,-4.6,1.3,,
,0,5,1.38
2019/5/31,7.24,7.27,7.37,7.23,-0.41,1.38,屎v0忑.警,忑,y戊↘忑-32.Z-2暂,跌.尾连vW.W2,5暂.__Fa震正〇._主,,-2,-28,-22,NA,,空长,1,-4.5,1.5,,
,-30,5,1.1
2019/6/3,7.19,7.14,7.32,7.14,-0.69,1.1,屎v0忑.警,忑,y戊↘忑-33.Z-3暂,跌.尾连WW.W3,5暂.__Fa震正〇._主,,-3,-29,-23,NA,,空长,0.7,-4.5,1.9,,
,-62,4,4.73
2019/6/4,7.18,7.52,7.53,7.15,-0.14,4.73,屎v0忑.警,忑,y戊↘忑-34.Z-4,跌.尾连WW.W4,9妩.__Fa震正〇._主,,-4,-30,-24,NA,,空长,4,-4.4,4,,
,-3,5,2.09
2019/6/5,7.21,7.22,7.33,7.14,0.42,2.09,屎v0忑.警,忑,y戊↘忑-35.Z-5,跌.尾反孕Wo,9妩.__Fa震正〇._主,,-5,-31,-25,NA,,空长,1.4,-4.2,4.1,,
,20,5,0.83
2019/6/6,7.04,7.22,7.27,6.97,-2.36,0.83,屎v0忑.警,忑,y戊↘忑-36.Z-6,跌.尾吞oV,9妩.__Aa龙猪._主,,-6,-32,-26,NA,,空长,1.2,-4.4,4.8,,
,-283,8,1.56
2019/6/10,7.1,7.08,7.15,6.99,0.85,1.56,屎v0忑.警,忑,y戊↘忑-37.Z-7,跌.尾反孕oVo,9妩.__Aa龙猪._主,,-7,-33,-27,NA,,空长,-0.1,-4.4,5.2,,
,55,8,3.24
2019/6/11,7.3,7.07,7.33,7.07,2.82,3.24,屎v1忑.警,忑,y戊↘忠-38.I,升.尾连oQ.Q2,4蛀.__Be龙管根._主,,1,-34,-28,NA,,空长,2.1,-3.8,4.8,,
,87,8,0.41
2019/6/12,7.26,7.3,7.33,7.21,-0.55,0.41,屎v1忑.警,忑,y戊↘忠-39.B2,升.尾反孕Qv,4蛀.__Fe震正根._主,,2,-35,-29,NA,,空长,1.7,-3.3,1.7,,
,-133,5,1.93
2019/6/13,7.4,7.16,7.4,7.16,1.93,1.93,屎v2忑,忑,r己↗忐-40.B3,升.尾吞vO,4蛀.__Fe震正根.储,,3,-36,-30,NA,,空长,2,-2.5,2,,
,100,6,1.49
2019/6/14,7.22,7.4,7.51,7.22,-2.43,1.49,屎v1忑.警,忑,y戊↘忠-41.A4,升.尾反孕vOv,0橅.__Fe震正根._再B,,4,-37,-31,NA,,空长,3.5,-2.3,3.5,,
,-164,7,2.35
2019/6/17,7.3,7.36,7.39,7.25,1.11,2.35,屎v2忑,忑,r己↗忐-42.A5,(升)人.孕孕vo,0橅.__Fe震正根.储,,5,-38,-32,NA,,空长,1.7,-2,3.3,,
,47,6,1.78
2019/6/18,7.21,7.41,7.43,7.17,-1.23,1.78,屎v0忑.警,忑,y戊↘忑-43.Y,跌.尾吞oV,5蛀.__Fa震正〇._再B,,-1,-39,-33,NA,,空长,2.4,-2,3.5,,
,-69,5,2.91
2019/6/19,7.28,7.31,7.42,7.27,0.97,2.91,屎v1忑.警,忑,y戊↘忠-44.I暂,跌.尾反孕oVo,4暂.__Fe震正根._再B,,1,-40,-34,NA,,空长,2.2,-1.8,3.4,,
,33,5,2.34
2019/6/20,7.39,7.45,7.45,7.28,1.51,2.34,屎v3忑,忑,a甲↗上1.B2暂,升.尾连oQ.Q2,4暂.__Ff震负.储,,2,-41,-35,NA,,空长,2.2,-1.4,3,,
,65,5,2.57
2019/6/21,7.51,7.39,7.58,7.36,1.62,2.57,屎V5忠.盈,忠,a甲↗上2.B3暂,升.尾连QQ.Q3,4暂.Aa龙猪.储,a连3,3,1,-36,NA,,空长,3.2,-0.7,3.2,2,
2,63,6,1.33
2019/6/24,7.57,7.5,7.61,7.45,0.8,1.33,屎V5忠.盈,忠,a甲↗上3.A4,升.尾连QQ.Q4,0橅.Aa龙猪.初,a连4,4,2,-37,NA,,空长,2.7,0,2.7,2,
2,60,6,0.4
2019/6/25,7.51,7.55,7.6,7.47,-0.79,0.4,屎V5忠,忠,a甲↗上4.A5,升.尾反孕Qv,0橅.Aa龙猪.初,,5,3,-38,NA,,空长,2.1,0.4,2.2,2,
2,-200,5,0.67
2019/6/26,7.53,7.51,7.56,7.41,0.27,0.67,屎V5忠,忠,a甲↗上5.A6,(升)人.孕孕vo,0橅.Aa龙猪.初,,6,4,-39,NA,,空长,1.2,0.6,1.9,2,
2,40,5,7.17
2019/6/27,7.91,7.4,8.07,7.4,5.05,7.17,屎E9忐.盈,忐,a甲↗上6.A7,升.尾连oQ.Q2,0橅.Aa龙猪.初,a高,7,5,1,持主,,多被,6.5,1.7,6.5,8,
8,70,10,1.52
2019/6/28,7.55,7.83,8.03,7.46,-4.55,1.52,屎V6忐,忐,a甲↗上7.A8,升.尾反孕Qv,0橅.Aa龙猪.初,,8,6,-1,NA,,空看,5.8,1.7,6.3,8,
8,-300,9,1.99
2019/7/1,7.69,7.6,7.7,7.51,1.85,1.99,屎V6忐,忐,a甲↗上8.A9,(升)人.孕孕vo,0橅.Aa龙猪.初,,9,7,-2,NA,,空看,1.1,1.9,5.9,7,
7,93,9,0.39
2019/7/2,7.64,7.62,7.72,7.58,-0.65,0.39,屎V6忐,忐,a甲↗上9.A10,(人)人.孕孕vo,0橅.Fa震正〇.初,,10,8,-3,NA,,空看,1.2,1.8,5.8,7,
7,-167,9,0
2019/7/3,7.62,7.63,7.64,7.53,-0.26,0,屎V6忐,忐,a甲↗上10.A11,跌.尾连vW.W2,2栅.Fa震正〇.主,,11,9,-4,NA,,空看,0.1,1.7,5.8,7,
7,0,9,1.31
2019/7/4,7.6,7.62,7.72,7.57,-0.26,1.31,屎V6忐,忐,b乙→中11.Y,跌.尾连WW.W3,5蛀.Fe震正根.主,,-1,10,-5,NA,,空看,1.3,1.5,5.3,6,
7,-20,8,1.58
2019/7/5,7.72,7.58,7.72,7.54,1.58,1.58,屎V6忐.盈,忐,b乙↗上12.I暂,(跌)人.连后吞WO,4暂.Fd震正芽.主,雀,1,11,-6,NA,,空看,1,1.6,1,2,
7,100,3,-0.13
2019/7/8,7.65,7.67,7.71,7.58,-0.91,-0.13,屎V6忐,忐,b乙↗上13.B2暂,(跌)人.连后吞WOv,4暂.Fd震正芽.主,,2,12,-7,NA,,空看,0.8,1.6,0.9,2,
7,0,3,4.31
2019/7/9,7.88,7.55,7.98,7.55,3.01,4.31,屎E9忐.盈,忐,b乙↗上14.B3暂,升.尾吞vO,4暂.Fd震正芽.主,雀,3,13,1,持主,,多被,3.6,2,3.6,5,
6,70,6,4.44
2019/7/10,8.21,7.92,8.23,7.77,4.19,4.44,屎E9忐.盈,忐,b乙↗上15.A4,升.尾连OQ.Q2,0橅.Aa龙猪.主,a,4,14,2,持主,,多被,5.1,3.1,5.1,8,
8,94,9,5.97
2019/7/11,8.21,8.17,8.7,8.03,0,5.97,屎E9忐.盈,忐,b乙↗上16.A5,升.尾连QQ.Q3,0橅.Aa龙猪.主,a连3高,5,15,3,持主,,多被,9.6,4,9.6,13,
13,0,15,-1.46
2019/7/12,7.68,8.09,8.09,7.4,-6.46,-1.46,屎E9忐,忐,b乙→中17.Y,(升)人.连后吞QV,5蛀.Be龙管根.主,,-1,16,4,持被,,多被,2.3,3.4,10,13,
13,0,18,-2.21
2019/7/15,7.41,7.51,7.51,7.26,-3.52,-2.21,屎v4忑.被,忑,c丙↘下18.Z-2,跌.尾连VW.W2,5蛀.__Df头负._破,,-2,-1,-1,NA,,空长,-3.6,1.9,11.7,,
,0,20,0.54
2019/7/16,7.39,7.34,7.45,7.34,-0.27,0.54,屎v4忑.警,忑,z丁↘忑-1.Z-3,跌.尾连WW.W3,5蛀.__Aa龙猪._破,,-3,-2,-2,NA,,空长,-2.9,0.6,13.4,,
,-50,20,0.27
2019/7/17,7.34,7.39,7.41,7.31,-0.68,0.27,屎v4忑.警,忑,z丁↘忑-2.Z-4,跌.尾连WW.W4,9妩.__Aa龙猪._初,,-4,-3,-3,NA,,空长,-2.2,-0.4,14.9,,
,-250,20,0.14
2019/7/18,7.21,7.27,7.35,7.17,-1.77,0.14,屎v4忑.警,忑,z丁↘忑-3.Z-5,跌.尾连WW.W5,9妩.__Aa龙猪._初,,-5,-4,-4,NA,,空长,-1.6,-1.5,8.3,,
,-1300,13,0.69
2019/7/19,7.19,7.23,7.26,7.19,-0.28,0.69,屎v0忑.警,忑,z丁↘忑-4.Z-6,跌.尾连WW.W6,9妩.__Aa龙猪._初,,-6,-5,-5,NA,,空长,-1.7,-2.2,1.7,,
,-40,5,0.7
2019/7/22,6.9,7.24,7.24,6.86,-4.03,0.7,屎v0忑.警,忑,z丁↘忑-5.Z-7,跌.尾连WW.W7,9妩.__Aa龙猪._初,,-7,-6,-6,NA,,空长,-0.3,-3.4,2.6,,
,-580,9,1.59
2019/7/23,7,6.82,7.01,6.82,1.45,1.59,屎v0忑.警,忑,z丁↘忑-6.Z-8,跌.尾反孕Wo,9妩.__Aa龙猪._初,,-8,-7,-7,NA,,空长,-2.3,-4.1,3.3,,
,91,9,1.57
2019/7/24,7.03,7.05,7.11,7,0.43,1.57,屎v0忑.警,忑,z丁↘忑-7.Z-9,升.尾连oQ.Q2,7姗.__Bb龙管杂._初,,-9,-8,-8,NA,,空长,-0.2,-4.3,3.2,,
,27,8,0.85
2019/7/25,6.97,7.06,7.09,6.96,-0.85,0.85,屎v0忑.警,忑,z丁↘忑-8.Z-10,(升)人.连后吞QV,7姗.__Bb龙管杂._主,,-10,-9,-9,NA,,空长,0.2,-4.5,2.6,,
,-100,6,1.43
2019/7/26,7.04,6.97,7.07,6.97,1,1.43,屎v0忑.警,忑,z丁↘忑-9.Z-11,(升)人.连后吞QVo,7姗.__Fa震正〇._主,,-11,-10,-10,NA,,空长,0.2,-4.3,2.6,,
,70,6,0
2019/7/29,6.98,7.01,7.04,6.92,-0.85,0,屎v0忑.警,忑,z丁↘忑-10.Z-12,(人)人.孕孕vo,7姗.__Fa震正〇._主,,-12,-11,-11,NA,,空长,0,-4.3,1,,
,0,4,1.43
2019/7/30,7.04,6.98,7.08,6.93,0.86,1.43,屎v0忑.警,忑,z丁↘忑-11.Z-13,升.尾吞vO,8姖.__Fa震正〇._主,,-13,-12,-12,NA,,空长,0.7,-4,1.1,,
,60,3,-0.14
2019/7/31,6.97,7,7.03,6.96,-0.99,-0.14,屎v0忑.警,忑,z丁↘忑-12.Z-14,(升)人.吞吞vOV,8姖.__Fa震正〇._主,,-14,-13,-13,NA,,空长,0.2,-3.9,1,,
,0,2,-0.29
2019/8/1,6.86,6.92,6.95,6.84,-1.58,-0.29,屎v0忑.警,忑,z丁↘忑-13.Z-15,跌.尾连VW.W2,8姖.__Fa震正〇._主,,-15,-14,-14,NA,,空长,-0.4,-4,1.4,,
,0,4,1.6
2019/8/2,6.96,6.84,6.97,6.51,1.46,1.6,屎v0忑.警,忑,z丁↘忑-14.Z-16,(跌)人.连后吞WO,6娝.__Bc龙管栅._主,,-16,-15,-15,NA,,空长,0,-3.9,1.6,,
,91,9,0.57
2019/8/5,6.88,6.94,7,6.88,-1.15,0.57,屎v0忑.警,忑,z丁↘忑-15.Z-17,(跌)人.连后吞WOv,8姖.__Aa龙猪._主,,-17,-16,-16,NA,,空长,0.8,-3.8,1.9,,
,-200,9,-0.73
2019/8/6,6.79,6.83,6.83,6.62,-1.31,-0.73,屎v0忑.警,忑,z丁↘忑-16.Z-18,跌.尾连vW.W2,8姖.__Aa龙猪._主,,-18,-17,-17,NA,,空长,-1.1,-4,1.8,,
,0,8,2.5
2019/8/7,6.79,6.79,6.96,6.77,0,2.5,屎v0忑.警,忑,z丁↘忑-17.Z-19,跌.尾反孕Wo,8姖.__Fa震正〇._主,,-19,-18,-18,NA,,空长,1.3,-4.1,1.9,,
,0,8,1.33
2019/8/8,6.79,6.77,6.88,6.76,0,1.33,屎v0忑.警,忑,z丁↘忑-18.Z-20,升.尾连oQ.Q2,7姗.__Fa震正〇._主,,-20,-19,-19,NA,,空长,0.5,-4.1,2.3,,
,0,8,1.03
2019/8/9,6.77,6.78,6.86,6.66,-0.29,1.03,屎v0忑.警,忑,z丁↘忑-19.Z-21,升.尾反孕Qv,7姗.__Fa震正〇._主,,-21,-20,-20,NA,,空长,0.5,-4,2.6,,
,-29,6,0.89
2019/8/12,6.79,6.8,6.83,6.63,0.3,0.89,屎v0忑.警,忑,z丁↘忑-20.Z-22,升.尾吞vO,7姗.__Fa震正〇._主,,-22,-21,-21,NA,,空长,0.3,-3.9,2.2,,
,33,5,1.62
2019/8/13,6.84,6.77,6.9,6.76,0.74,1.62,屎v1忑.警,忑,y戊↘忠-21.I,升.尾连OQ.Q2,4蛀.__Fe震正根._主,,1,-22,-22,NA,,空长,1.2,-3.6,2.1,,
,45,5,1.75
2019/8/14,6.93,6.84,6.96,6.84,1.32,1.75,屎v2忑,忑,r己↗忐-22.B2,升.尾连QQ.Q3,4蛀.__Fe震正根.储,,2,-23,-23,NA,,空长,1.7,-3,1.7,,
,75,5,4.04
2019/8/15,7.14,6.86,7.21,6.66,3.03,4.04,屎V5忠.盈,忠,r己↗忐-23.B3,升.尾连QQ.Q4,4蛀.Df头负.储,a连4,3,1,-24,NA,,空长,4.3,-2,4.3,2,
2,75,9,8.82
2019/8/16,7.15,7.46,7.77,7.15,0.14,8.82,屎V5忠.盈,忠,a甲↗上1.A4,升.尾连QQ.Q5,0橅.Aa龙猪.储,a连5高,4,2,-25,NA,,空长,11.3,-1.1,11.3,10,
10,2,17,-0.28
2019/8/19,7.13,6.94,7.13,6.94,-0.28,-0.28,屎V5忠,忠,a甲↗上2.A5,(升)人.连后吞QV,1柜.Aa龙猪.储,,5,3,-26,NA,,空长,1.4,-0.5,10.5,10,
10,0,17,0.84
2019/8/20,7.08,7.14,7.19,7,-0.7,0.84,屎V5忠,忠,a甲↗上3.A6,跌.尾连VW.W2,2栅.Bc龙管栅.储,,6,4,-27,NA,,空长,2,-0.2,10.2,9,
9,-83,17,-0.42
2019/8/21,7.01,7.05,7.05,6.97,-0.99,-0.42,屎v3忑,忑,b乙→中4.Y,跌.尾连WW.W3,5蛀.__Ff震负._再C,,-1,-1,-28,NA,,空长,0,-0.2,10.3,,
,0,17,0.29
2019/8/22,7.01,6.98,7.03,6.96,0,0.29,屎v3忑,忑,b乙→中5.Z-2,跌.尾反孕Wo,5蛀.__Ff震负._再C,,-2,-2,-29,NA,,空长,-0.1,-0.3,10.4,,
,0,12,0.43
2019/8/23,6.95,7.01,7.04,6.93,-0.86,0.43,屎v3忑.被,忑,c丙↘下6.Z-3,跌.尾吞oV,5蛀.__Df头负._再C,,-3,-3,-30,NA,,空长,0.3,-0.5,2.5,,
,-200,4,-1.29
2019/8/26,6.85,6.84,6.86,6.68,-1.44,-1.29,屎v0忑.警,忑,z丁↘忑-1.Z-4,跌.尾连VW.W2,9妩.__Fa震正〇._再C,,-4,-4,-31,NA,,空长,-1.6,-1,3.1,,
,0,8,1.31
2019/8/27,6.94,6.92,6.94,6.83,1.31,1.31,屎v0忑.警,忑,z丁↘忑-2.Z-5,(跌)人.连后吞WO,8姖.__Fa震正〇._再C,,-5,-5,-32,NA,,空长,-0.2,-1.1,1.3,,
,100,6,2.16
2019/8/28,7.02,6.96,7.09,6.96,1.15,2.16,屎v2忑,忑,r己↗忐-3.I,升.尾连OQ.Q2,4蛀.__Fe震正根.储,,1,-6,-33,NA,,空长,1.8,-0.9,1.8,,
,53,6,1.57
2019/8/29,7.09,7.07,7.13,7.04,1,1.57,屎V5忠.盈,忠,a甲↗上1.B2,升.尾连QQ.Q3,4蛀.Dd头正芽.储,雀连3,2,1,-34,NA,,空长,1.9,-0.5,1.9,1,
10,64,7,1.13
2019/8/30,6.97,7.08,7.17,6.97,-1.69,1.13,屎v3忑,忑,a甲↗上2.B3,(升)人.连后吞QV,4蛀.__Ff震负.储,,3,-1,-35,NA,,空长,2.5,-0.5,2.5,,
,-150,7,2.15
2019/9/2,7.1,6.98,7.12,6.98,1.87,2.15,屎V5忠,忠,a甲↗上3.A4,(人)人.吞吞* VO,1柜.Dd头正芽.储,,4,1,-36,NA,,空长,1.4,-0.2,2.1,1,
2,87,5,0.28
2019/9/3,7.06,7.12,7.12,7.02,-0.56,0.28,屎V5忠,忠,a甲↗上4.A5,(人)人.吞吞* VO,1柜.Dd头正芽.储,,5,2,-37,NA,,空长,1.2,0,1.9,1,
1,-200,3,1.13
2019/9/4,7.12,7.06,7.14,7.06,0.85,1.13,屎V5忠,忠,a甲↗上5.A6,升.尾吞vO,1柜.Dd头正芽.初,,6,3,-38,NA,,空长,1.2,0.2,1.6,1,
1,75,3,4.78
2019/9/5,7.25,7.16,7.46,7.14,1.83,4.78,屎V6忐.盈,忐,a甲↗上6.A7,升.尾连OQ.Q2,0橅.Aa龙猪.初,a,7,4,-39,NA,,空看,5,0.8,5,5,
5,38,7,1.1
2019/9/6,7.24,7.33,7.33,7.21,-0.14,1.1,屎V6忐,忐,a甲↗上7.A8,升.尾反孕Qv,0橅.Aa龙猪.初,,8,5,-40,NA,,空看,2.6,1.1,4.4,5,
5,-12,7,4.83
2019/9/9,7.53,7.3,7.59,7.3,4.01,4.83,屎E9忐.盈,忐,a甲↗上8.A9,升.尾吞vO,0橅.Aa龙猪.初,a,9,6,1,持主,,多被,4.8,2.1,4.8,7,
7,83,8,1.46
2019/9/10,7.53,7.64,7.64,7.48,0,1.46,屎E9忐.盈,忐,a甲↗上9.A10,升.尾连OQ.Q2,0橅.Aa龙猪.初,a,10,7,2,持主,,多被,4.3,2.9,4.3,7,
7,0,8,1.2
2019/9/11,7.47,7.51,7.62,7.46,-0.8,1.2,屎E9忐,忐,a甲↗上10.A11,(升)人.连后吞QV,1柜.Aa龙猪.主,,11,8,3,持主,,多被,3.3,3.2,3.6,6,
6,-67,7,1.34
2019/9/12,7.55,7.47,7.57,7.36,1.07,1.34,唏E9忐,忐,a甲↗上11.A12,(人)人.吞吞* VO,1柜.Aa龙猪.主,,12,9,4,持主,,多被,1.9,3.5,2.9,6,
6,80,6,1.19
2019/9/16,7.51,7.64,7.64,7.51,-0.53,1.19,唏E9忐.盈,忐,a甲↗上12.A13,(人)人.吞吞* VO,1柜.Aa龙猪.主,a,13,10,5,持主,,多被,2.5,3.5,2.5,6,
6,-44,5,1.2
2019/9/17,7.51,7.55,7.6,7.41,0,1.2,唏E9忐,忐,a甲↗上13.A14,(人)人.孕孕vo,1柜.Aa龙猪.主,,14,11,6,持主,,多被,1.7,3.5,2.2,5,
5,0,4,0.67
2019/9/18,7.48,7.51,7.56,7.44,-0.4,0.67,唏E9忐,忐,a甲↗上14.A15,跌.尾吞oV,1柜.Aa龙猪.主,,15,12,7,持主,,多被,1.1,3.3,2.1,5,
5,-60,4,3.61
2019/9/19,7.68,7.53,7.75,7.48,2.67,3.61,唏E0上.盈,上,a甲↗上15.A16,(跌)人.吞吞oVO,1柜.Aa龙猪.主,a,16,13,8,持主,,多被,3,3.5,3,6,
6,74,5,2.6
2019/9/20,7.59,7.72,7.88,7.57,-1.17,2.6,唏E0上.盈,上,a甲↗上16.A17,(跌)人.吞吞oVOv,1柜.Aa龙猪.主,a,17,14,9,持主,,多被,4.4,3.5,4.4,8,
8,-45,6,0.79
2019/9/23,7.4,7.64,7.65,7.33,-2.5,0.79,唏E2上,上,b乙→中17.Y,跌.尾连vW.W2,5蛀.Be龙管根.主,,-1,15,10,持被,,多被,1.7,2.9,4.8,7,
7,-317,8,0.41
2019/9/24,7.43,7.39,7.43,7.3,0.41,0.41,唏E2上,上,b乙→中18.Z-2,跌.尾反孕Wo,5蛀.Be龙管根.主,,-2,16,11,持被,,多被,-0.9,2.4,5.1,7,
7,100,8,-0.27
2019/9/25,7.19,7.37,7.41,7.17,-3.23,-0.27,唏v9下.被,下,c丙↘下19.Z-3,跌.尾吞oV,5蛀.__Df头负._破,,-3,-1,-1,NA,,空长,-0.1,1.4,6.2,,
,0,10,1.53
2019/9/26,7.09,7.22,7.3,7.08,-1.39,1.53,唏v9下.警,下,z丁↘忑-1.Z-4,跌.尾连VW.W2,9妩.__Aa龙猪._破,,-4,-2,-2,NA,,空长,-0.4,0.4,7.5,,
,-91,11,1.41
2019/9/27,7.12,7.17,7.19,7.04,0.42,1.41,屎v9下.警,下,z丁↘忑-2.Z-5,跌.尾反孕Wo,9妩.__Aa龙猪._初,,-5,-3,-3,NA,,空长,-1,-0.4,5.3,,
,30,9,0.42
2019/9/30,7.06,7.12,7.15,7.03,-0.84,0.42,屎v9下.警,下,z丁↘忑-3.Z-6,跌.尾吞oV,9妩.__Aa龙猪._初,,-6,-4,-4,NA,,空长,-0.7,-1,3.1,,
,-200,6,1.56
2019/10/8,7.1,7.12,7.17,6.96,0.57,1.56,屎v4忑.警,忑,z丁↘忑-4.Z-7,跌.尾反孕oVo,9妩.__Aa龙猪._初,,-7,-5,-5,NA,,空长,0,-1.3,3.4,,
,36,6,0.56
2019/10/9,7.1,7.09,7.14,6.96,0,0.56,屎v0忑.警,忑,z丁↘忑-5.Z-8,升.尾连oQ.Q2,7姗.__Bb龙管杂._初,,-8,-6,-6,NA,,空长,-0.1,-1.5,2.2,,
,0,5,6.76
2019/10/10,7.26,7.08,7.58,7.05,2.25,6.76,屎v1忑.警,忑,y戊↘忠-6.I,升.尾连QQ.Q3,4蛀.__Be龙管根._初,,1,-7,-7,NA,,空长,5.8,-1.1,5.8,,
,33,9,2.34
2019/10/11,7.24,7.43,7.43,7.14,-0.28,2.34,屎v1忑.警,忑,y戊↘忠-7.B2,升.尾反孕Qv,4蛀.__Be龙管根._初,,2,-8,-8,NA,,空长,3.4,-0.8,5.5,,
,-12,9,1.24
2019/10/14,7.25,7.16,7.33,7.16,0.14,1.24,屎v2忑,忑,r己↗忐-8.B3,(升)人.孕孕vo,4蛀.__Fe震正根.储,,3,-9,-9,NA,,空长,1.7,-0.6,5.2,,
,11,9,0
2019/10/15,7.16,7.25,7.25,7.14,-1.24,0,屎v0忑.警,忑,y戊↘忑-9.Y暂,(人)人.孕孕vo,5暂.__Fa震正〇._再B,,-1,-10,-10,NA,,空长,0.7,-0.6,5.3,,
,0,9,1.82
2019/10/16,7.1,7.21,7.29,7.1,-0.84,1.82,屎v0忑.警,忑,y戊↘忑-10.Z-2暂,跌.尾连vW.W2,5暂.__Fa震正〇._再B,,-2,-11,-11,NA,,空长,1.6,-0.8,5.6,,
,-46,8,0.42
2019/10/17,7.05,7.11,7.13,6.98,-0.7,0.42,屎v0忑.警,忑,y戊↘忑-11.Z-3暂,跌.尾连WW.W3,5暂.__Fa震正〇._再B,,-3,-12,-12,NA,,空长,-0.2,-1.1,4,,
,-167,6,0.85
2019/10/18,7.01,7.08,7.11,6.98,-0.57,0.85,屎v0忑.警,忑,y戊↘忑-12.Z-4,跌.尾连WW.W4,9妩.__Fa震正〇._再B,,-4,-13,-13,NA,,空长,0.1,-1.4,3.2,,
,-67,5,1.43
2019/10/21,7.11,7.02,7.11,6.89,1.43,1.43,屎v0忑.警,忑,y戊↘忑-13.Z-5,(跌)人.连后吞WO,8姖.__Aa龙猪._主,,-5,-14,-14,NA,,空长,0.2,-1.4,2.7,,
,100,6,3.66
2019/10/22,7.37,7.11,7.37,7.08,3.66,3.66,屎V6忐.盈,忐,r己↗忐-14.I,升.尾连OQ.Q2,4蛀.Df头负.储,雀,1,1,-15,NA,,空看,3,-0.7,3,2,
5,100,7,4.21
2019/10/23,7.17,7.68,7.68,7.17,-2.71,4.21,屎v2忑,忑,r己↗忐-15.B2,升.尾反孕Qv,4蛀.__Fe震正根.储,,2,-1,-16,NA,,空长,7.1,-0.4,7.1,,
,-65,11,0.84
2019/10/24,7.05,7.09,7.23,7.03,-1.67,0.84,屎v0忑.警,忑,y戊↘忑-16.Y暂,跌.尾连vW.W2,5暂.__Fa震正〇._再B,,-1,-2,-17,NA,,空长,1.1,-0.7,7.4,,
,-200,11,1.28
2019/10/25,7.07,7.08,7.14,6.96,0.28,1.28,屎v0忑.警,忑,y戊↘忑-17.Z-2暂,跌.尾反孕Wo,5暂.__Fa震正〇._再B,,-2,-3,-18,NA,,空长,0.2,-0.9,7.8,,
,22,11,2.26
2019/10/28,7.14,7.08,7.23,7.04,0.99,2.26,屎v0忑.警,忑,y戊↘忑-18.Z-3暂,升.尾连oQ.Q2,5暂.__Fa震正〇._再B,,-3,-4,-19,NA,,空长,1.5,-0.8,7.8,,
,44,10,1.26
2019/10/29,7.06,7.23,7.23,7.06,-1.12,1.26,屎v0忑.警,忑,y戊↘忑-19.Z-4,(升)人.连后吞QV,7姗.__Fa震正〇._再B,,-4,-5,-20,NA,,空长,1.7,-0.9,8,,
,-89,10,1.42
2019/10/30,7.06,7.16,7.16,7.02,0,1.42,屎v0忑.警,忑,y戊↘忑-20.Z-5,(升)人.连后吞QVo,7姗.__Fa震正〇._主,,-5,-6,-21,NA,,空长,0.9,-1,1.9,,
,0,4,1.42
2019/10/31,7.11,6.82,7.16,6.82,0.71,1.42,屎v1忑.警,忑,y戊↘忠-21.I,升.尾连oQ.Q2,4蛀.__Be龙管根._主,,1,-7,-22,NA,,空长,0.9,-0.9,1.9,,
,50,6,3.94
2019/11/1,7.32,7.2,7.39,7.08,2.95,3.94,屎V6忐.盈,忐,a甲↗上1.B2,升.尾连QQ.Q3,4蛀.Dd头正芽.储,雀连3,2,1,-23,NA,,空看,3.4,-0.3,3.4,3,
7,75,8,2.6
2019/11/4,7.35,7.27,7.51,7.2,0.41,2.6,屎V6忐.盈,忐,a甲↗上2.B3,升.尾连QQ.Q4,4蛀.Dd头正芽.初,雀连4,3,2,-24,NA,,空看,4.3,0.3,4.3,4,
6,16,10,1.77
2019/11/5,7.31,7.34,7.48,7.28,-0.54,1.77,屎V6忐,忐,a甲↗上3.A4,升.尾反孕Qv,0橅.Dd头正芽.初,,4,3,-25,NA,,空看,3.3,0.7,3.7,4,
6,-31,10,1.5
2019/11/6,7.28,7.35,7.42,7.25,-0.41,1.5,屎V6忐,忐,a甲↗上4.A5,跌.尾连vW.W2,2栅.Dd头正芽.初,,5,4,-26,NA,,空看,2.3,0.8,3.5,4,
4,-27,10,1.65
2019/11/7,7.3,7.4,7.4,7.26,0.27,1.65,屎V6忐,忐,a甲↗上5.A6,跌.尾反孕Wo,2栅.Dd头正芽.初,,6,5,-27,NA,,空看,1.8,0.9,3.3,4,
4,17,6,1.64
2019/11/8,7.32,7.39,7.42,7.24,0.27,1.64,屎V6忐,忐,a甲↗上6.A7,升.尾连oQ.Q2,2栅.Dd头正芽.初,,7,6,-28,NA,,空看,1.9,1,3.1,4,
4,17,4,0.96
2019/11/11,7.14,7.39,7.39,7.09,-2.46,0.96,屎v4忑.被,忑,c丙↘下7.Y,(升)人.连后吞QV,5蛀.__Df头负._破,,-1,-1,-29,NA,,空长,1.9,0.6,3.1,,
,-257,6,1.12
2019/11/12,7.09,7.06,7.22,7.06,-0.7,1.12,屎v4忑.被,忑,c丙↘下8.Z-2,跌.尾连VW.W2,5蛀.__Df头负._破,,-2,-2,-30,NA,,空长,0.1,0.1,2.9,,
,-62,5,1.83
2019/11/13,7.12,7.07,7.22,7.07,0.42,1.83,屎v0忑.警,忑,z丁↘忑-1.Z-3,(跌)人.连后吞WO,5蛀.__Fa震正〇._初,,-3,-3,-31,NA,,空长,0.5,-0.2,3.3,,
,23,5,0.7
2019/11/14,7.12,7.09,7.17,7.05,0,0.7,屎v0忑.警,忑,z丁↘忑-2.Z-4,升.尾连OQ.Q2,7姗.__Bb龙管杂._初,,-4,-4,-32,NA,,空长,0.1,-0.4,3.6,,
,0,5,2.39
2019/11/15,7.25,7.16,7.29,7.13,1.83,2.39,屎V5忠.盈,忠,r己↗忐-3.I,升.尾连QQ.Q3,4蛀.Df头负.储,连3,1,1,-33,NA,,空长,1.6,-0.2,3,2,
4,76,5,4.83
2019/11/18,7.57,7.25,7.6,7.25,4.41,4.83,屎E9忐.盈,忐,a甲↗上1.B2,升.尾连QQ.Q4,4蛀.Aa龙猪.初,a连4,2,2,1,持主,,多被,4.6,0.8,4.6,5,
5,91,8,1.32
2019/11/19,7.58,7.55,7.67,7.51,0.13,1.32,屎E0上.盈,上,a甲↗上2.B3,升.尾连QQ.Q5,4蛀.Aa龙猪.初,a连5,3,3,2,持主,,多被,4.3,1.7,4.3,5,
5,10,9,0.92
2019/11/20,7.54,7.64,7.65,7.47,-0.53,0.92,屎E0上,上,a甲↗上3.A4,(升)人.连后吞QV,1柜.Aa龙猪.初,,4,4,3,持主,,多被,3.1,2.2,3.4,5,
5,-57,9,1.72
2019/11/21,7.66,7.52,7.67,7.52,1.59,1.72,屎E0上.盈,上,a甲↗上4.A5,(人)人.吞吞* VO,1柜.Aa龙猪.初,a,5,5,4,持主,,多被,2.5,2.7,2.5,5,
5,92,8,1.96
2019/11/22,7.58,7.75,7.81,7.51,-1.04,1.96,唏E0上.盈,上,a甲↗上5.A6,(人)人.吞吞* VO,1柜.Aa龙猪.主,a,6,6,5,持主,,多被,3.8,2.9,3.8,6,
6,-53,8,0.66
2019/11/25,7.61,7.63,7.63,7.52,0.4,0.66,唏E0上,上,a甲↗上6.A7,(人)人.孕孕vo,1柜.Aa龙猪.主,,7,7,6,持主,,多被,1.1,3,3.5,6,
6,60,5,1.84
2019/11/26,7.72,7.65,7.75,7.57,1.45,1.84,唏E0上,上,a甲↗上7.A8,升.尾连oQ.Q2,0橅.Aa龙猪.主,,8,8,7,持主,,多被,2.1,3.2,2.9,6,
6,79,5,0.52
2019/11/27,7.68,7.7,7.76,7.6,-0.52,0.52,唏E0上,上,a甲↗上8.A9,升.尾反孕Qv,0橅.Fa震正〇.主,,9,9,8,持主,,多被,1.8,3.3,2.5,5,
5,-100,4,0.78
2019/11/28,7.7,7.64,7.74,7.64,0.26,0.78,唏E0上,上,a甲↗上9.A10,升.尾吞vO,0橅.Fa震正〇.主,,10,10,9,持主,,多被,1.2,3.3,2.1,5,
5,33,4,4.29
2019/11/29,8.01,7.73,8.03,7.66,4.03,4.29,唏E0上.盈,上,a甲↗上10.A11,升.尾连OQ.Q2,0橅.Aa龙猪.主,a,11,11,10,持主,,多被,3.9,3.9,3.9,7,
7,94,7,0.87
2019/12/2,7.93,8.08,8.08,7.8,-1,0.87,唏E0上.盈,上,a甲↗上11.A12,升.尾反孕Qv,0橅.Aa龙猪.主,a,12,12,11,持主,,多被,3.7,4.3,3.7,8,
8,-114,7,0.5
2019/12/3,7.93,7.97,7.97,7.82,0,0.5,唏E0上,上,a甲↗上12.A13,(升)人.孕孕vo,0橅.Aa龙猪.主,,13,13,12,持主,,多被,1.7,4.4,3.1,7,
7,0,6,3.15
2019/12/4,8.1,7.85,8.18,7.84,2.14,3.15,唏E0上.盈,上,a甲↗上13.A14,升.尾连oQ.Q2,0橅.Aa龙猪.主,a,14,14,13,持主,,多被,3.5,4.7,3.5,8,
8,68,7,2.1
2019/12/5,8.25,8.08,8.27,8.05,1.85,2.1,唏E0上.盈,上,a甲↗上14.A15,升.尾连QQ.Q3,0橅.Aa龙猪.主,a连3,15,15,14,持主,,多被,3.4,5.3,3.4,8,
8,88,8,1.7
2019/12/6,8.13,8.28,8.39,8.05,-1.45,1.7,唏E0上.盈,上,a甲↗上15.A16,升.尾反孕Qv,0橅.Aa龙猪.主,a,16,16,15,持主,,多被,4.2,5.4,4.2,9,
9,-86,8,2.09
2019/12/9,8.17,8.15,8.3,8.04,0.49,2.09,唏E0上,上,a甲↗上16.A17,(升)人.孕孕vo,0橅.Aa龙猪.主,,17,17,16,持主,,多被,2.6,5.3,3.8,9,
9,24,7,0.98
2019/12/10,8.17,8.25,8.25,8.06,0,0.98,唏E0上,上,a甲↗上17.A18,升.尾连oQ.Q2,0橅.Aa龙猪.主,,18,18,17,持主,,多被,1.7,5.2,3.4,8,
8,0,7,0.61
2019/12/11,8.03,8.2,8.22,7.96,-1.71,0.61,唏E2上,上,b乙→中18.Y,(升)人.连后吞QV,5蛀.Fe震正根.主,,-1,19,18,持被,,多被,1.5,4.7,3.6,8,
8,-280,5,0.75
2019/12/12,7.95,8.09,8.09,7.95,-1,0.75,唏E2上,上,b乙→中19.Z-2,跌.尾连VW.W2,5蛀.Fe震正根.主,,-2,20,19,持被,,多被,0.3,4,4,8,
8,-133,6,2.26
2019/12/13,7.99,8.04,8.13,7.87,0.5,2.26,唏E2上,上,b乙→中20.Z-3,跌.尾反孕Wo,5蛀.Fe震正根.主,,-3,21,20,持被,,多被,1.1,3.4,3.2,6,
7,22,5,2.88
2019/12/16,8.15,8,8.22,7.94,2,2.88,唏E0上,上,b乙↗上21.I暂,升.尾连oQ.Q2,4暂.Fd震正芽.主,,1,22,21,持主,,多被,2,3.3,2.4,5,
7,70,5,1.96
2019/12/17,8.18,8.18,8.31,7.97,0.37,1.96,唏E0上.盈,上,b乙↗上22.B2暂,升.尾连QQ.Q3,4暂.Fd震正芽.主,雀连3,2,23,22,持主,,多被,2.7,3.4,2.7,6,
7,19,6,-0.73
2019/12/18,8.05,8.12,8.12,7.98,-1.59,-0.73,唏E2上,上,b乙→中23.Y暂,(升)人.连后吞QV,5暂.Fe震正根.主,,-1,24,23,持被,,多被,0.4,3.1,2.7,5,
6,0,6,1.61
2019/12/19,8.1,8.09,8.18,8.05,0.62,1.61,唏E0上,上,b乙↗上24.I暂,(升)人.连后吞QVo,4暂.Fd震正芽.主,,1,25,24,持主,,多被,1.1,2.9,2.7,5,
6,38,6,0.49
2019/12/20,8.01,8.14,8.14,7.92,-1.11,0.49,唏E2上,上,b乙→中25.Y暂,跌.尾吞oV,5暂.Fe震正根.主,,-1,26,25,持被,,多被,0.8,2.5,2.9,5,
5,-225,5,0.25
2019/12/23,7.95,8.03,8.03,7.85,-0.75,0.25,唏E1上.被,上,c丙↘下26.Z-2暂,跌.尾连VW.W2,5暂.Fe震正根.破,,-2,27,26,持被,,多被,-0.1,2,3.3,5,
5,-300,6,1.51
2019/12/24,8.05,7.95,8.07,7.89,1.26,1.51,唏E1上.被,上,c丙↘下27.Z-3暂,(跌)人.连后吞WO,5暂.Fe震正根.破,,-3,28,27,持被,,多被,0.4,1.8,1.8,3,
5,83,4,0.75
2019/12/25,8.11,8.11,8.11,8,0.75,0.75,唏E0上,上,b乙↗上28.I暂,升.尾连OQ.Q2,4暂.Dd头正芽.再B,,1,29,28,持主,,多被,0.7,1.8,1.6,3,
5,100,4,3.21
2019/12/26,8.37,8.14,8.37,8.11,3.21,3.21,唏E0上.盈,上,b乙↗上29.B2暂,升.尾连QQ.Q3,4暂.Aa龙猪.再B,a连3,2,30,29,持主,,多被,3,2.4,3,5,
5,100,7,0.84
2019/12/27,8.37,8.43,8.44,8.28,0,0.84,银E0上.盈,上,b乙↗上30.B3暂,升.尾连QQ.Q4,4暂.Aa龙猪.再B,a连4,3,31,30,持主,,多被,3,2.9,3,5,
5,0,8,0.48
2019/12/30,8.32,8.36,8.41,8.24,-0.6,0.48,银E0上,上,b乙↗上31.A4,(升)人.连后吞QV,1柜.Aa龙猪.再B,,4,32,31,持主,,多被,2.1,3.1,2.4,5,
5,-125,7,1.2
2019/12/31,8.31,8.42,8.42,8.18,-0.12,1.2,银E0上,上,b乙↗上32.A5,跌.尾连VW.W2,2栅.Bc龙管栅.主,,5,33,32,持主,,多被,1.9,3.1,2.1,5,
5,-10,5,0.72
2020/1/2,8.33,8.3,8.37,8.25,0.24,0.72,银E0上,上,b乙↗上33.A6,跌.尾反孕Wo,2栅.Fa震正〇.主,,6,34,33,持主,,多被,1,3,1.9,4,
4,33,4,2.04
2020/1/3,8.33,8.33,8.5,8.27,0,2.04,银E0上.盈,上,b乙↗上34.A7,升.尾连oQ.Q2,2栅.Bc龙管栅.主,a,7,35,34,持主,,多被,2.4,3,2.4,5,
5,0,4,0.84
2020/1/6,8.34,8.34,8.4,8.25,0.12,0.84,银E0上.盈,上,b乙↗上35.A8,升.尾连QQ.Q3,2栅.Bc龙管栅.主,连3,8,36,35,持主,,多被,1.1,2.8,2.3,5,
5,14,4,0.48
2020/1/7,8.33,8.35,8.38,8.24,-0.12,0.48,银E0上,上,b乙↗上36.A9,(升)人.连后吞QV,1柜.Aa龙猪.主,,9,37,36,持主,,多被,0.7,2.7,2.2,4,
4,-25,4,-0.24
2020/1/8,8.09,8.31,8.31,8.01,-2.88,-0.24,银E1上.被,上,c丙↘下37.Y,跌.尾连VW.W2,5蛀.Fe震正根.破,,-1,38,37,持被,,多被,0.5,2,2.8,4,
4,0,6,0.25
2020/1/9,8,8.1,8.11,7.91,-1.11,0.25,银e5中.警,中,z丁↘忑-1.Z-2,跌.尾连WW.W3,5蛀.__Aa龙猪._破,,-2,-1,38,卖浮,,多被,-1.1,1.2,3.7,,
,-450,7,1.75
2020/1/10,8.12,8,8.14,7.89,1.5,1.75,银e5中.警,中,z丁↘忑-2.Z-3,(跌)人.连后吞WO,5蛀.__Aa龙猪._破,,-3,-2,39,卖浮,,多被,-0.3,0.8,2.9,,
,86,6,1.97
2020/1/13,8.2,8.11,8.28,7.97,0.99,1.97,银E3上.警,上,y戊↘忠-3.I暂,升.尾连OQ.Q2,4暂.Ff震负.再C,,1,1,40,持主,,多被,1.4,0.7,2.6,3,
4,50,6,0.49
2020/1/14,8.12,8.24,8.24,8.07,-0.98,0.49,银E3上.警,上,y戊↘忑-4.Y暂,升.尾反孕Qv,5暂.Ff震负.破,,-1,2,41,持被,,多被,1,0.6,1.9,2,
4,-200,5,0.49
2020/1/15,8.02,8.12,8.16,7.97,-1.23,0.49,银e5中.警,中,y戊↘忑-5.Z-2暂,跌.尾连vW.W2,5暂.__Fa震正〇._破,,-2,-1,42,卖浮,,多被,0.5,0.2,1.9,,
,-250,5,0.12
2020/1/16,7.96,8.02,8.03,7.92,-0.75,0.12,银e5中.警,中,y戊↘忑-6.Z-3暂,跌.尾连WW.W3,5暂.__Fa震正〇._初,,-3,-2,43,卖浮,,多被,-0.6,-0.2,2.5,,
,-600,5,0.75
2020/1/17,7.95,8,8.02,7.89,-0.13,0.75,唏e5中.警,中,y戊↘忑-7.Z-4,跌.尾连WW.W4,9妩.__Aa龙猪._初,,-4,-3,44,卖浮,,多被,-0.3,-0.6,3,,
,-17,5,1.13
2020/1/20,8.02,7.9,8.04,7.88,0.88,1.13,唏e5中.警,中,y戊↘忑-8.Z-5,(跌)人.连后吞WO,8姖.__Aa龙猪._初,,-5,-4,45,卖浮,,多被,0.1,-0.6,2.6,,
,78,5,-0.12
2020/1/21,7.95,7.95,8.01,7.89,-0.87,-0.12,唏e5中.警,中,y戊↘忑-9.Z-6,(跌)人.连后吞WOv,8姖.__Aa龙猪._初,,-6,-5,46,卖浮,,多被,0,-0.8,1.9,,
,0,4,0.38
2020/1/22,7.96,7.91,7.98,7.84,0.13,0.38,唏e5中.警,中,y戊↘忑-10.Z-7,升.尾吞vO,6娝.__Bc龙管栅._初,,-7,-6,47,卖浮,,多被,-0.2,-0.9,0.6,,
,33,3,0.38
2020/1/23,7.62,7.96,7.99,7.57,-4.27,0.38,唏e6下.警,下,y戊↘忑-11.Z-8,(升)人.吞吞vOV,6娝.__Bc龙管栅._初,,-8,-7,48,卖浮,,多被,1,-1.7,1.7,,
,-1133,6,-9.97
2020/2/3,6.86,6.86,6.86,6.86,-9.97,-9.97,唏v9下.警,下,y戊↘忑-12.Z-9,跌.尾连VW.W2,8姖.__Aa龙猪._初,,-9,-8,-1,NA,,空长,-10.4,-4,5,,
,0,17,1.02
2020/2/4,6.9,6.17,6.93,6.17,0.58,1.02,唏v9下.警,下,y戊↘忑-13.Z-10,(跌)人.连后吞WO,6娝.__Bc龙管栅._初,,-10,-9,-2,NA,,空长,-6.7,-5.9,7.8,,
,57,30,2.9
2020/2/5,6.96,6.91,7.1,6.81,0.87,2.9,唏v9下.警,下,y戊↘忑-14.Z-11,升.尾连OQ.Q2,7姗.__Bb龙管杂._主,,-11,-10,-3,NA,,空长,-2.4,-7.1,9.8,,
,30,29,3.74
2020/2/6,7.03,7.22,7.22,6.92,1.01,3.74,唏v0忑.警,忑,y戊↘忑-15.Z-12,升.尾连QQ.Q3,6娝.__Bc龙管栅._主,,-12,-11,-4,NA,,空长,0.4,-7.5,11.2,,
,27,29,1.28
2020/2/7,7.01,7.01,7.12,6.94,-0.28,1.28,屎v0忑.警,忑,y戊↘忑-16.Z-13,(升)人.连后吞QV,6娝.__Fa震正〇._主,,-13,-12,-5,NA,,空长,-0.1,-7.6,1.3,,
,-22,17,0.29
2020/2/10,6.99,7,7.03,6.91,-0.29,0.29,屎v0忑.警,忑,y戊↘忑-17.Z-14,跌.尾连VW.W2,6娝.__Fa震正〇._主,,-14,-13,-6,NA,,空长,-0.8,-7.5,1.9,,
,-100,17,0.14
2020/2/11,6.96,6.99,7,6.86,-0.43,0.14,屎v0忑.警,忑,y戊↘忑-18.Z-15,跌.尾连WW.W3,7姗.__Fa震正〇._主,,-15,-14,-7,NA,,空长,-0.7,-7.4,2.5,,
,-300,6,1.15
2020/2/12,7.04,6.96,7.04,6.91,1.15,1.15,屎v0忑.警,忑,y戊↘忑-19.Z-16,(跌)人.连后吞WO,8姖.__Fa震正〇._主,,-16,-15,-8,NA,,空长,0,-7,2.6,,
,100,5,0.28
2020/2/13,6.96,7.04,7.06,6.89,-1.14,0.28,屎v0忑.警,忑,y戊↘忑-20.Z-17,(跌)人.连后吞WOv,8姖.__Fa震正〇._主,,-17,-16,-9,NA,,空长,0.6,-6.7,1.5,,
,-400,4,0.57
2020/2/14,6.93,6.96,7,6.9,-0.43,0.57,屎v0忑.警,忑,y戊↘忑-21.Z-18,跌.尾连vW.W2,8姖.__Fa震正〇._主,,-18,-17,-10,NA,,空长,0.1,-6.5,0.9,,
,-75,3,5.92
2020/2/17,7.21,6.95,7.34,6.95,4.04,5.92,屎v1忑.警,忑,y戊↘忠-22.I,(跌)人.连后吞WO,4蛀.__Fe震正根._主,,1,-18,-11,NA,,空长,4.3,-5.6,4.3,,
,68,7,1.8
2020/2/18,7.24,7.27,7.34,7.16,0.42,1.8,屎v2忑,忑,r己↗忐-23.B2,升.尾连OQ.Q2,4蛀.__Fe震正根.储,,2,-19,-12,NA,,空长,3.5,-4.6,3.5,,
,23,7,0.28
2020/2/19,7.25,7.21,7.26,7.13,0.14,0.28,屎v2忑,忑,r己↗忐-24.B3,升.尾连QQ.Q3,4蛀.__Fe震正根.储,,3,-20,-13,NA,,空长,1.7,-3.8,2.8,,
,50,7,2.48
2020/2/20,7.38,7.32,7.43,7.21,1.79,2.48,屎v2忑,忑,r己↗忐-25.A4,升.尾连QQ.Q4,0橅.__Fe震正根.储,,4,-21,-14,NA,,空长,3.2,-2.8,3.2,,
,72,8,0.27
2020/2/21,7.38,7.4,7.4,7.28,0,0.27,屎v3忑,忑,a甲↗上1.A5,升.尾连QQ.Q5,0橅.__Ff震负.储,,5,-22,-15,NA,,空长,2,-2.1,2.4,,
,0,7,-0.54
2020/2/24,7.28,7.31,7.34,7.14,-1.36,-0.54,屎v3忑,忑,a甲↗上2.A6,(升)人.连后吞QV,1柜.__Ff震负.储,,6,-23,-16,NA,,空长,0.9,-1.7,2.1,,
,0,4,-0.82
2020/2/25,7.2,7.16,7.22,7.01,-1.1,-0.82,屎v3忑.被,忑,c丙↘下3.Y,跌.尾连VW.W2,5蛀.__Df头负._再C,,-1,-24,-17,NA,,空长,-0.6,-1.7,2.3,,
,0,6,1.53
2020/2/26,7.27,7.04,7.31,7.04,0.97,1.53,屎v3忑,忑,b乙→中4.Z-2,(跌)人.连后吞WO,5蛀.__Ff震负._再C,,-2,-25,-18,NA,,空长,0.7,-1.6,2.3,,
,64,6,3.16
2020/2/27,7.45,7.25,7.5,7.19,2.48,3.16,屎V5忠.盈,忠,b乙↗上5.I暂,升.尾连OQ.Q2,4暂.Aa龙猪.储,a,1,1,-19,NA,,空长,2.7,-1.1,2.7,1,
1,78,7,-1.61
2020/2/28,7.15,7.33,7.33,7.07,-4.03,-1.61,屎v3忑.被,忑,c丙↘下6.Y暂,(升)人.连后吞QV,5暂.__Df头负._再C,,-1,-1,-20,NA,,空长,0.7,-1.2,3.1,,
,0,7,4.48
2020/3/2,7.41,7.15,7.47,7.15,3.64,4.48,屎v3忑,忑,b乙↗上7.I暂,(人)人.吞吞* VO,4暂.__Ff震负.储,,1,-2,-21,NA,,空长,2.3,-0.9,2.7,,
,81,7,2.02
2020/3/3,7.39,7.47,7.56,7.33,-0.27,2.02,屎V5忠.盈,忠,b乙↗上8.B2暂,(人)人.吞吞* VO,4暂.Aa龙猪.储,a,2,1,-22,NA,,空长,3.2,-0.6,3.2,2,
2,-13,7,5.68
2020/3/4,7.52,7.57,7.81,7.33,1.76,5.68,屎V5忠.盈,忠,b乙↗上9.B3暂,升.尾吞vO,4暂.Aa龙猪.储,a高,3,2,-23,NA,,空长,5.9,0,5.9,5,
5,31,10,1.6
2020/3/5,7.59,7.6,7.64,7.43,0.93,1.6,屎E9忐,忐,b乙↗上10.A4,升.尾连OQ.Q2,0橅.Aa龙猪.初,,4,3,1,持主,,多被,2.8,0.6,5.1,5,
5,58,10,5.8
2020/3/6,7.93,7.63,8.03,7.6,4.48,5.8,唏E9忐.盈,忐,b乙↗上11.A5,升.尾连QQ.Q3,0橅.Aa龙猪.初,a连3高,5,4,2,持主,,多被,6.3,1.8,6.3,8,
8,77,12,-1.01
2020/3/9,7.65,7.75,7.85,7.51,-3.53,-1.01,唏E9忐,忐,b乙↗上12.A6,升.尾反孕Qv,0橅.Aa龙猪.初,,6,5,3,持主,,多被,3.2,2.2,5.6,7,
7,0,10,0.26
2020/3/10,7.64,7.51,7.67,7.28,-0.13,0.26,唏E9忐,忐,b乙↗上13.A7,跌.尾连vW.W2,2栅.Bc龙管栅.初,,7,6,4,持主,,多被,0.6,2.2,5.3,7,
7,-50,10,1.44
2020/3/11,7.55,7.66,7.75,7.49,-1.18,1.44,唏E9忐,忐,b乙→中14.Y,跌.尾连WW.W3,5蛀.Fe震正根.初,,-1,7,5,持被,,多被,1.8,1.9,5.5,7,
7,-82,10,-1.06
2020/3/12,7.25,7.42,7.47,7.24,-3.97,-1.06,唏v4忑.被,忑,c丙↘下15.Z-2,跌.尾连WW.W4,5蛀.__Df头负._破,,-2,-1,-1,NA,,空长,-0.8,0.9,6.7,,
,0,11,-1.24
2020/3/13,7.14,6.97,7.16,6.8,-1.52,-1.24,屎v4忑.警,忑,z丁↘忑-1.Z-3,跌.尾连WW.W5,5蛀.__Aa龙猪._初,,-3,-2,-2,NA,,空长,-3.5,-0.3,5.8,,
,0,15,0.98
2020/3/16,6.92,7.18,7.21,6.85,-3.08,0.98,屎v0忑.警,忑,z丁↘忑-2.Z-4,跌.尾连WW.W6,9妩.__Aa龙猪._初,,-4,-3,-3,NA,,空长,-1.1,-1.7,6.3,,
,-314,14,1.59
2020/3/17,6.82,6.93,7.03,6.7,-1.45,1.59,屎v0忑.警,忑,z丁↘忑-3.Z-5,跌.尾连WW.W7,9妩.__Aa龙猪._初,,-5,-4,-4,NA,,空长,-1.7,-3,8.3,,
,-91,16,1.32
2020/3/18,6.84,6.84,6.91,6.71,0.29,1.32,屎v0忑.警,忑,z丁↘忑-4.Z-6,跌.尾反孕Wo,9妩.__Aa龙猪._初,,-6,-5,-5,NA,,空长,-2,-3.8,5.9,,
,22,11,0.29
2020/3/19,6.85,6.84,6.86,6.71,0.15,0.29,屎v0忑.警,忑,z丁↘忑-5.Z-7,升.尾连oQ.Q2,7姗.__Bb龙管杂._初,,-7,-6,-6,NA,,空长,-1.8,-4.3,3.2,,
,50,8,2.92
2020/3/20,7.02,6.87,7.05,6.84,2.48,2.92,屎v0忑.警,忑,z丁↘忑-6.Z-8,升.尾连QQ.Q3,6娝.__Fa震正〇._主,,-8,-7,-7,NA,,空长,1,-4,3.3,,
,85,8,-1.14
2020/3/23,6.78,6.94,6.94,6.7,-3.42,-1.14,屎v0忑.警,忑,z丁↘忑-7.Z-9,(升)人.连后吞QV,6娝.__Bc龙管栅._主,,-9,-8,-8,NA,,空长,0.1,-4.3,1.7,,
,0,5,1.62
2020/3/24,6.79,6.83,6.89,6.7,0.15,1.62,屎v0忑.警,忑,z丁↘忑-8.Z-10,(升)人.连后吞QVo,6娝.__Bc龙管栅._主,,-10,-9,-9,NA,,空长,0,-4.4,2.3,,
,9,5,1.77
2020/3/25,6.86,6.85,6.91,6.79,1.03,1.77,屎v0忑.警,忑,z丁↘忑-9.Z-11,升.尾连oQ.Q2,6娝.__Bc龙管栅._主,,-11,-10,-10,NA,,空长,0.5,-4.3,2.5,,
,58,5,8.75
2020/3/26,6.99,6.87,7.46,6.74,1.9,8.75,屎v1忑.警,忑,y戊↘忠-10.I,升.尾连QQ.Q3,4蛀.__Be龙管根._主,,1,-11,-11,NA,,空长,8.2,-3.7,8.2,,
,22,11,7.3
2020/3/27,7.1,7.11,7.5,6.96,1.57,7.3,屎v2忑,忑,r己↗忐-11.B2,升.尾连QQ.Q4,4蛀.__Fe震正根.储,,2,-12,-12,NA,,空长,8,-2.9,8,,
,22,12,-2.11
2020/3/30,6.79,6.95,6.95,6.4,-4.37,-2.11,屎v0忑.警,忑,y戊↘忑-12.Y暂,(升)人.连后吞QV,5暂.__Aa龙猪._再B,,-1,-13,-13,NA,,空长,0.4,-3,8.3,,
,0,17,0.15
2020/3/31,6.7,6.79,6.8,6.65,-1.33,0.15,屎v0忑.警,忑,y戊↘忑-13.Z-2暂,跌.尾连VW.W2,5暂.__Aa龙猪._再B,,-2,-14,-14,NA,,空长,-1,-3.3,9.2,,
,-900,17,0.6
2020/4/1,6.62,6.7,6.74,6.6,-1.19,0.6,屎v0忑.警,忑,y戊↘忑-14.Z-3暂,跌.尾连WW.W3,5暂.__Aa龙猪._再B,,-3,-15,-15,NA,,空长,-0.9,-3.8,10.3,,
,-200,17,0.91
2020/4/2,6.68,6.61,6.68,6.57,0.91,0.91,屎v0忑.警,忑,y戊↘忑-15.Z-4,跌.尾反孕Wo,9妩.__Fa震正〇._再B,,-4,-16,-16,NA,,空长,-1.2,-4,11,,
,100,17,0.6
2020/4/3,6.7,6.69,6.72,6.63,0.3,0.6,屎v0忑.警,忑,y戊↘忑-16.Z-5,升.尾连oQ.Q2,7姗.__Fa震正〇._主,,-5,-17,-17,NA,,空长,-0.3,-4,3.2,,
,50,9,1.79
2020/4/7,6.77,6.76,6.82,6.7,1.04,1.79,屎v1忑.警,忑,y戊↘忠-17.I,升.尾连QQ.Q3,4蛀.__Fe震正根._主,,1,-18,-18,NA,,空长,1.2,-3.7,1.2,,
,58,4,0.59
2020/4/8,6.78,6.76,6.81,6.69,0.15,0.59,屎v1忑.警,忑,y戊↘忠-18.B2,升.尾连QQ.Q4,4蛀.__Fe震正根._主,,2,-19,-19,NA,,空长,0.9,-3.3,1.1,,
,25,4,1.03
2020/4/9,6.78,6.84,6.85,6.75,0,1.03,屎v1忑.警,忑,y戊↘忠-19.B3,升.尾连QQ.Q5,4蛀.__Fe震正根._主,,3,-20,-20,NA,,空长,1.4,-3,1.4,,
,0,4,0.15
2020/4/10,6.67,6.78,6.79,6.61,-1.62,0.15,屎v0忑.警,忑,y戊↘忑-20.Y暂,(升)人.连后吞QV,5暂.__Fa震正〇._主,,-1,-21,-21,NA,,空长,0.7,-3,1.6,,
,-1100,4,0
2020/4/13,6.52,6.67,6.67,6.47,-2.25,0,屎v0忑.警,忑,y戊↘忑-21.Z-2暂,跌.尾连VW.W2,5暂.__Fa震正〇._主,,-2,-22,-22,NA,,空长,-0.3,-3.4,2.4,,
,0,6,1.53
2020/4/14,6.62,6.58,6.62,6.48,1.53,1.53,屎v0忑.警,忑,y戊↘忑-22.Z-3暂,跌.尾反孕Wo,5暂.__Fa震正〇._主,,-3,-23,-23,NA,,空长,-0.6,-3.4,2.9,,
,100,6,0.45
2020/4/15,6.52,6.63,6.65,6.47,-1.51,0.45,屎v0忑.警,忑,y戊↘忑-23.Z-4,跌.尾吞oV,9妩.__Aa龙猪._主,,-4,-24,-24,NA,,空长,0.4,-3.6,3.4,,
,-333,6,0.15
2020/4/16,6.51,6.52,6.53,6.46,-0.15,0.15,屎v0忑.警,忑,y戊↘忑-24.Z-5,跌.尾连VW.W2,9妩.__Aa龙猪._主,,-5,-25,-25,NA,,空长,-0.9,-3.7,3,,
,-100,5,1.69
2020/4/17,6.55,6.54,6.62,6.51,0.61,1.69,屎v0忑.警,忑,y戊↘忑-25.Z-6,(跌)人.连后吞WO,8姖.__Aa龙猪._主,,-6,-26,-26,NA,,空长,0.7,-3.6,1.5,,
,36,3,3.21
2020/4/20,6.76,6.58,6.76,6.56,3.21,3.21,屎v2忑,忑,r己↗忐-26.I,升.尾连OQ.Q2,4蛀.__Fe震正根.储,,1,-27,-27,NA,,空长,2.2,-2.9,2.2,,
,100,5,1.92
2020/4/21,6.84,6.71,6.89,6.67,1.18,1.92,屎v2忑,忑,r己↗忐-27.B2,升.尾连QQ.Q3,4蛀.__Fe震正根.储,,2,-28,-28,NA,,空长,3.3,-2,3.3,,
,62,7,0.73
2020/4/22,6.78,6.83,6.89,6.71,-0.88,0.73,屎v3忑,忑,a甲↗上1.B3,升.尾反孕Qv,4蛀.__Ff震负.储,,3,-29,-29,NA,,空长,2.7,-1.5,2.7,,
,-120,7,0.15
2020/4/23,6.72,6.73,6.79,6.72,-0.88,0.15,屎v3忑,忑,a甲↗上2.A4,跌.尾连vW.W2,2栅.__Ff震负.储,,4,-30,-30,NA,,空长,1.1,-1.2,2.5,,
,-600,6,1.79
2020/4/24,6.82,6.72,6.84,6.71,1.49,1.79,屎v3忑,忑,a甲↗上3.A5,(跌)人.连后吞WO,2栅.__Ff震负.储,,5,-31,-31,NA,,空长,1.4,-0.9,2.2,,
,83,5,1.61
2020/4/27,6.84,6.84,6.93,6.77,0.29,1.61,屎V5忠.盈,忠,a甲↗上4.A6,升.尾连OQ.Q2,2栅.Bc龙管栅.储,a,6,1,-32,NA,,空长,2.3,-0.5,2.3,1,
1,18,4,0.44
2020/4/28,6.75,6.85,6.87,6.56,-1.32,0.44,屎v3忑,忑,a甲↗上5.A7,(升)人.连后吞QV,2栅.__Ff震负.储,,7,-1,-33,NA,,空长,1.4,-0.4,2.3,,
,-300,6,3.41
2020/4/29,6.98,6.68,6.98,6.68,3.41,3.41,屎V5忠.盈,忠,a甲↗上6.A8,(人)人.吞吞* VO,1柜.Aa龙猪.初,a,8,1,-34,NA,,空长,2.4,0.1,2.4,2,
2,100,6,1.86
2020/4/30,7.01,6.9,7.11,6.9,0.43,1.86,屎V5忠.盈,忠,a甲↗上7.A9,升.尾连OQ.Q2,1柜.Aa龙猪.初,a,9,2,-35,NA,,空长,3.5,0.7,3.5,4,
4,23,8,1.57
2020/5/6,7,6.96,7.12,6.93,-0.14,1.57,屎V5忠.盈,忠,a甲↗上8.A10,升.尾反孕Qv,1柜.Aa龙猪.初,a,10,3,-36,NA,,空长,3,1.1,3,4,
4,-9,9,0.43
2020/5/7,6.87,6.99,7.03,6.87,-1.86,0.43,屎V5忠,忠,b乙→中9.Y,跌.尾连vW.W2,5蛀.Be龙管根.初,,-1,4,-37,NA,,空长,1.7,1,3,4,
4,-433,9,3.2
2020/5/8,7.06,6.87,7.09,6.84,2.77,3.2,屎V5忠,忠,b乙↗上10.I暂,(跌)人.连后吞WO,4暂.Aa龙猪.初,,1,5,-38,NA,,空长,2.1,1.3,2.5,3,
3,86,7,1.27
2020/5/11,6.9,7.15,7.15,6.88,-2.27,1.27,屎V5忠.盈,忠,b乙→中11.Y暂,(跌)人.连后吞WOv,5暂.Be龙管根.初,a,-1,6,-39,NA,,空长,3,1.2,3,4,
4,-178,5,1.74
2020/5/12,7.02,6.94,7.02,6.87,1.74,1.74,屎V5忠,忠,b乙↗上12.I暂,(人)人.孕孕vo,4暂.Aa龙猪.初,,1,7,-40,NA,,空长,0.9,1.3,2.7,4,
4,100,5,1.28
2020/5/13,7.08,7.03,7.11,6.95,0.85,1.28,屎V6忐,忐,b乙↗上13.B2暂,升.尾连oQ.Q2,4暂.Aa龙猪.主,,2,8,-41,NA,,空看,1.7,1.6,2.3,3,
3,67,5,3.95
2020/5/14,7.25,7,7.36,7,2.4,3.95,屎V6忐.盈,忐,b乙↗上14.B3暂,升.尾连QQ.Q3,4暂.Aa龙猪.主,a连3,3,9,-42,NA,,空看,4.3,2.2,4.3,6,
6,61,8,1.66
2020/5/15,7.27,7.25,7.37,7.17,0.28,1.66,屎E9忐.盈,忐,b乙↗上15.A4,升.尾连QQ.Q4,0橅.Aa龙猪.主,a连4,4,10,1,持主,,多被,3.6,2.7,3.6,6,
6,17,7,5.23
2020/5/18,7.64,7.36,7.65,7.29,5.09,5.23,屎E9忐.盈,忐,b乙↗上16.A5,升.尾连QQ.Q5,0橅.Aa龙猪.主,a连5高,5,11,2,持主,,多被,5.6,3.9,5.6,9,
9,97,11,10.08
2020/5/19,8.13,7.7,8.41,7.48,6.41,10.08,屎E9忐.盈,忐,b乙↗上17.A6,升.尾连QQ.Q6,0橅.Aa龙猪.主,a连6高,6,12,3,持主,,多被,12.6,6.1,12.6,19,
19,64,21,2.46
2020/5/20,7.94,8.13,8.33,7.85,-2.34,2.46,屎E0上.盈,上,b乙↗上18.A7,升.尾反孕Qv,0橅.Aa龙猪.主,偏,7,13,4,持主,,多被,9.2,7.3,10.3,18,
18,-95,20,1.13
2020/5/21,7.82,7.94,8.03,7.69,-1.51,1.13,屎E0上,上,b乙↗上19.A8,跌.尾连vW.W2,2栅.Bc龙管栅.主,,8,14,5,持主,,多被,4.2,7.5,9.2,17,
17,-133,17,2.3
2020/5/22,7.91,7.87,8,7.56,1.15,2.3,银E0上,上,b乙↗上20.A9,跌.尾反孕Wo,2栅.Fa震正〇.主,,9,15,6,持主,,多被,3,7.6,8.3,16,
16,50,15,2.78
2020/5/25,7.99,7.91,8.13,7.76,1.01,2.78,银E0上,上,b乙↗上21.A10,升.尾连oQ.Q2,2栅.Fa震正〇.主,,10,16,7,持主,,多被,3.8,7.7,7.4,15,
15,36,12,1.63
2020/5/26,7.9,7.97,8.12,7.88,-1.13,1.63,银E0上,上,b乙↗上22.A11,(升)人.连后吞QV,2栅.Fa震正〇.主,,11,17,8,持主,,多被,3.3,7.4,6,13,
14,-69,10,6.46
2020/5/27,8.02,7.9,8.41,7.86,1.52,6.46,银E0上.盈,上,b乙↗上23.A12,(人)人.吞吞* VO,1柜.Aa龙猪.主,a高,12,18,9,持主,,多被,6.4,7.2,6.4,14,
14,24,11,0.12
2020/5/28,7.89,7.95,8.03,7.7,-1.62,0.12,银E0上,上,b乙↗上24.A13,(人)人.吞吞* OV,3桮.Bd龙管杂.主,,13,19,10,持主,,多被,1.5,6.7,6.3,13,
13,-1300,11,2.03
2020/5/29,7.93,7.91,8.05,7.83,0.51,2.03,银E0上,上,b乙↗上25.A14,(人)人.吞吞* OV,3桮.Bd龙管杂.主,,14,20,11,持主,,多被,1.7,6.3,6.3,12,
12,25,9,1.26
2020/6/1,7.9,7.87,8.03,7.83,-0.38,1.26,银E2上,上,b乙→中26.Y,跌.尾吞oV,5蛀.Fe震正根.主,,-1,21,12,持被,,多被,1.5,5.7,6.3,12,
12,-30,9,1.01
2020/6/2,7.91,7.88,7.98,7.73,0.13,1.01,银E2上,上,b乙→中27.Z-2,(跌)人.吞吞oVO,5蛀.Fe震正根.主,,-2,22,13,持被,,多被,0.9,5.3,6.3,11,
11,12,9,0.51
2020/6/3,7.81,7.95,7.95,7.79,-1.26,0.51,银E2上,上,b乙→中28.Z-3,(人)人.吞吞* OV,5蛀.Fe震正根.主,,-3,23,14,持被,,多被,0.8,4.6,2,6,
11,-250,5,1.02
2020/6/4,7.82,7.84,7.89,7.77,0.13,1.02,银E2上,上,b乙→中29.Z-4,(人)人.吞吞* OV,8姖.Fe震正根.主,,-4,24,15,持被,,多被,0.3,4.1,2.3,6,
11,13,4,0.9
2020/6/5,7.78,7.88,7.89,7.73,-0.51,0.9,银E1上.被,上,c丙↘下30.Z-5,跌.尾吞oV,8姖.Fe震正根.破,,-5,25,16,持被,,多被,0.6,3.5,2.4,5,
10,-57,4,3.21
2020/6/8,7.97,7.84,8.03,7.78,2.44,3.21,银E0上.盈,上,b乙↗上31.I,(跌)人.吞吞oVO,4蛀.Dd头正芽.再B,雀,1,26,17,持主,,多被,2.1,3.5,2.1,5,
10,76,4,0.63
2020/6/9,7.88,8.02,8.02,7.78,-1.13,0.63,银E0上,上,b乙↗上32.B2,(跌)人.吞吞oVOv,4蛀.Dd头正芽.再B,,2,27,18,持主,,多被,1.8,3.3,2,5,
10,-180,4,8.76
2020/6/10,8.39,7.89,8.57,7.81,6.47,8.76,银E0上.盈,上,b乙↗上33.B3,升.尾吞vO,4蛀.Aa龙猪.再B,a高,3,28,19,持主,,多被,7.2,4.2,7.2,11,
11,74,11,1.91
2020/6/11,8.15,8.34,8.55,8.12,-2.86,1.91,银E0上.盈,上,b乙↗上34.A4,升.尾反孕vOv,0橅.Aa龙猪.再B,偏,4,29,20,持主,,多被,6.2,4.5,6.4,11,
11,-150,11,1.6
2020/6/12,8.17,8.14,8.28,7.99,0.25,1.6,银E0上,上,b乙↗上35.A5,(升)人.孕孕vo,0橅.Aa龙猪.主,,5,30,21,持主,,多被,2.3,4.5,5.9,10,
10,15,10,1.47
2020/6/15,8.05,8.21,8.29,8.05,-1.47,1.47,银E2上,上,b乙→中36.Y,跌.尾吞oV,5蛀.Fe震正根.主,,-1,31,22,持被,,多被,2.4,4.2,5.9,10,
10,-100,10,1.24
2020/6/16,8.08,8.13,8.15,8.05,0.37,1.24,银E2上,上,b乙→中37.Z-2,跌.尾反孕oVo,5蛀.Fe震正根.主,,-2,32,23,持被,,多被,0.8,3.8,5.9,10,
10,30,10,0.25
2020/6/17,7.96,8.1,8.1,7.92,-1.49,0.25,银E1上.被,上,c丙↘下38.Z-3,跌.尾吞oV,5蛀.Fe震正根.破,,-3,33,24,持被,,多被,0.5,3.3,6.1,9,
9,-600,8,1.01
2020/6/18,8.03,8.04,8.04,7.89,0.88,1.01,银E2上,上,b乙→中39.Z-4,跌.尾反孕oVo,9妩.De头正根.再B,,-4,34,25,持被,,多被,-0.1,2.9,3,5,
9,88,5,0.5
2020/6/19,7.99,8.07,8.07,7.9,-0.5,0.5,银E1上.被,上,c丙↘下40.Z-5,跌.尾吞oV,9妩.Fe震正根.破,,-5,35,26,持被,,多被,0.5,2.5,3.2,5,
9,-100,5,2.75
2020/6/22,8.01,7.96,8.21,7.84,0.25,2.75,银E2上.盈,上,b乙→中41.Z-6,跌.尾反孕oVo,9妩.De头正根.再B,雀,-6,36,27,持被,,多被,2.3,2.2,2.3,4,
9,9,5,4.74
2020/6/23,8.12,8.04,8.39,7.96,1.37,4.74,银E0上.盈,上,b乙↗上42.I,升.尾连oQ.Q2,4蛀.Dd头正芽.再B,雀,1,37,28,持主,,多被,4.3,2.3,4.3,6,
8,29,7,1.6
2020/6/24,8.15,8.19,8.25,8.07,0.37,1.6,银E0上.盈,上,b乙↗上43.B2,升.尾连QQ.Q3,4蛀.Dd头正芽.再B,连3,2,38,29,持主,,多被,2.2,2.4,4,6,
8,23,7,6.38
2020/6/29,8.26,8.13,8.67,8.07,1.35,6.38,银E0上.盈,上,b乙↗上44.B3,升.尾连QQ.Q4,4蛀.Aa龙猪.再B,a连4高,3,39,30,持主,,多被,6.8,2.7,6.8,9,
9,21,11,8.84
2020/6/30,8.82,8.37,8.99,8.31,6.78,8.84,银E0上.盈,上,b乙↗上45.A4,升.尾连QQ.Q5,0橅.Aa龙猪.再B,a连5高,4,40,31,持主,,多被,8.5,4.1,8.5,12,
12,77,15,4.54
2020/7/1,9.06,8.82,9.22,8.82,2.72,4.54,银E0上.盈,上,b乙↗上46.A5,升.尾连QQ.Q6,0橅.Aa龙猪.主,a连6偏,5,41,32,持主,,多被,8.5,5.8,8.5,14,
14,60,16,0.99
2020/7/2,9.03,9.08,9.15,8.81,-0.33,0.99,银E0上,上,b乙↗上47.A6,升.尾反孕Qv,0橅.Aa龙猪.主,,6,42,33,持主,,多被,5.7,6.9,6.5,13,
13,-33,14,1.99
2020/7/3,9.08,9,9.21,8.87,0.55,1.99,银E0上,上,b乙↗上48.A7,升.尾吞vO,0橅.Aa龙猪.主,,7,43,34,持主,,多被,4.8,7.5,4.9,12,
12,28,14,0.77
2020/7/6,9.06,9.1,9.15,8.93,-0.22,0.77,银E0上,上,b乙↗上49.A8,升.尾反孕vOv,0橅.Fa震正〇.主,,8,44,35,持主,,多被,3.1,7.8,3.8,11,
11,-29,11,0.11
2020/7/7,8.96,9.05,9.07,8.93,-1.1,0.11,银E0上,上,b乙↗上50.A9,跌.尾连vW.W2,2栅.Fa震正〇.主,,9,45,36,持主,,多被,1.7,7.5,3.4,11,
11,-1000,5,2.79
2020/7/8,9.05,8.95,9.21,8.73,1,2.79,银E0上.盈,上,b乙↗上51.A10,(跌)人.连后吞WO,2栅.Fa震正〇.主,雀,10,46,37,持主,,多被,2.8,7.3,2.8,10,
10,36,5,2.98
2020/7/9,9.23,9.14,9.32,9.1,1.99,2.98,银E0上.盈,上,b乙↗上52.A11,升.尾连OQ.Q2,2栅.Bc龙管栅.主,a,11,47,38,持主,,多长,3.3,7.3,3.3,10,
10,67,7,0.11
2020/7/10,9.09,9.2,9.24,8.95,-1.52,0.11,银E0上,上,b乙↗上53.A12,(升)人.连后吞QV,2栅.Bc龙管栅.主,,12,48,39,持主,,多长,2,7,2.9,10,
10,-1400,7,1.87
2020/7/13,9.17,9.07,9.26,9.01,0.88,1.87,银E0上,上,b乙↗上54.A13,(升)人.连后吞QVo,1柜.Aa龙猪.主,,13,49,40,持主,,多长,1.9,6.8,2.6,9,
9,47,7,1.31
2020/7/14,9.04,9.18,9.29,8.92,-1.42,1.31,银E2上,上,b乙→中55.Y,跌.尾吞oV,5蛀.Fe震正根.主,,-1,50,41,持被,,多长,2.3,6.2,2.6,8,
8,-108,7,5.09
2020/7/15,9.1,9.09,9.5,9.05,0.66,5.09,银E0上.盈,上,b乙↗上56.I暂,跌.尾反孕oVo,4暂.Aa龙猪.主,a高,1,51,42,持主,,多长,4.5,5.7,4.5,10,
10,13,7,2.09
2020/7/16,8.88,9.05,9.29,8.76,-2.42,2.09,银E2上,上,b乙→中57.Y暂,跌.尾吞oV,5暂.Be龙管根.主,,-1,52,43,持被,,多长,2.7,4.9,5.1,10,
10,-116,8,1.8
2020/7/17,8.96,8.81,9.04,8.46,0.9,1.8,银E2上,上,b乙→中58.Z-2暂,跌.尾反孕oVo,5暂.Be龙管根.主,,-2,53,44,持被,,多长,0.3,4.3,5.4,9,
9,50,12,3.79
2020/7/20,9.22,8.98,9.3,8.91,2.9,3.79,银E0上,上,b乙↗上59.I暂,升.尾连oQ.Q2,4暂.Fd震正芽.主,,1,54,45,持主,,多长,2.7,4.3,4.9,9,
9,76,12,9.98
2020/7/21,9.73,9.34,10.14,9.31,5.53,9.98,银E0上.盈,上,b乙↗上60.B2暂,升.尾连QQ.Q3,4暂.Aa龙猪.主,a连3高,2,55,46,持主,,多长,10.1,5.4,10.1,15,
15,55,20,6.17
2020/7/22,10.14,9.61,10.33,9.54,4.21,6.17,银E0上.盈,上,b乙↗上61.B3暂,升.尾连QQ.Q4,4暂.Aa龙猪.主,a连4高,3,56,47,持主,,多长,9.3,7,9.3,16,
16,68,22,1.87
2020/7/23,10.2,9.99,10.33,9.88,0.59,1.87,银E0上.盈,上,b乙↗上62.A4,升.尾连QQ.Q5,0橅.Aa龙猪.主,a连5偏,4,57,48,持主,,多长,6.8,8.4,6.8,15,
15,32,22,0.78
2020/7/24,9.58,10.2,10.28,9.46,-6.08,0.78,金E0上.盈,上,b乙↗上63.A5,(升)人.连后吞QV,1柜.Aa龙猪.主,偏,5,58,49,持主,,多长,6,7.9,6.5,14,
14,-775,16,2.4
2020/7/27,9.52,9.53,9.81,9.34,-0.63,2.4,金E2上,上,b乙→中64.Y,跌.尾连VW.W2,5蛀.Be龙管根.主,,-1,59,50,持被,,多长,1.5,7,6.9,14,
14,-26,11,3.15
2020/7/28,9.43,9.48,9.82,9.27,-0.95,3.15,金E2上,上,b乙→中65.Z-2,跌.尾连WW.W3,5蛀.Fe震正根.主,,-2,60,51,持被,,多长,2.2,5.9,7.5,13,
13,-30,11,7.21
2020/7/29,9.92,9.26,10.11,9.26,5.2,7.21,金E0上.盈,上,b乙↗上66.I暂,(跌)人.连后吞WO,4暂.Fd震正芽.主,高,1,61,52,持主,,多长,4.6,6,6.9,13,
13,72,12,2.62
2020/7/30,9.86,9.94,10.18,9.74,-0.6,2.62,金E0上,上,b乙↗上67.B2暂,(跌)人.连后吞WOv,4暂.Fd震正芽.主,,2,62,53,持主,,多长,4.7,6,5.8,12,
12,-23,11,2.33
2020/7/31,10.04,9.74,10.09,9.66,1.83,2.33,金E0上,上,b乙↗上68.B3暂,升.尾吞vO,4暂.Fd震正芽.主,,3,63,54,持主,,多长,2.9,6.2,3.8,10,
11,78,10,5.88
2020/8/3,10.55,10.04,10.63,9.95,5.08,5.88,金E0上.盈,上,b乙↗上69.A4,升.尾连OQ.Q2,0橅.Aa龙猪.主,a高,4,64,55,持主,,多长,6.4,7.2,6.4,14,
14,86,15,5.31
2020/8/4,10.8,10.55,11.11,10.34,2.37,5.31,金E0上.盈,上,b乙↗上70.A5,升.尾连QQ.Q3,0橅.Aa龙猪.主,a连3高,5,65,56,持主,,多长,8.8,8.4,8.8,18,
18,45,20,2.13
2020/8/5,10.93,10.91,11.03,10.65,1.2,2.13,金E0上.盈,上,b乙↗上71.A6,升.尾连QQ.Q4,0橅.Aa龙猪.主,连4,6,66,57,持主,,多长,5.9,9.4,6.6,16,
16,57,15,1.83
2020/8/6,10.73,10.91,11.13,10.68,-1.83,1.83,金E0上.盈,上,b乙↗上72.A7,(升)人.连后吞QV,1柜.Aa龙猪.主,a,7,67,58,持主,,多长,5.7,9.6,5.7,15,
15,-100,15,0.65
2020/8/7,10.66,10.67,10.8,10.35,-0.65,0.65,金E0上,上,b乙↗上73.A8,跌.尾连VW.W2,2栅.Bc龙管栅.主,,8,68,59,持主,,多长,2,9.3,5.1,14,
14,-100,12,3.47
2020/8/10,10.63,10.66,11.03,10.56,-0.28,3.47,金E0上,上,b乙↗上74.A9,跌.尾连WW.W3,3桮.Bd龙管杂.主,,9,69,60,持主,,多长,4,8.7,4.9,14,
14,-8,8,1.13
2020/8/11,10.11,10.6,10.75,10.06,-4.89,1.13,金E2上,上,b乙→中75.Y,跌.尾连WW.W4,5蛀.Fe震正根.主,,-1,70,61,持被,,多长,2.4,7.2,6,13,
13,-433,11,3.17
2020/8/12,9.83,10.09,10.43,9.62,-2.77,3.17,金E1上.被,上,c丙↘下76.Z-2,跌.尾连WW.W5,5蛀.Fe震正根.破,,-2,71,62,持被,,多长,1,5.2,7.7,13,
13,-87,16,10.07
2020/8/13,10.36,9.86,10.82,9.84,5.39,10.07,金E1上.被.盈,上,c丙↘下77.Z-3,(跌)人.连后吞WO,5蛀.Fe震正根.破,高,-3,72,63,持被,,多长,5.1,4.6,7.1,12,
13,54,15,4.15
2020/8/14,10.48,10.36,10.79,10.23,1.16,4.15,金E0上,上,b乙↗上78.I暂,升.尾连OQ.Q2,4暂.Dd头正芽.再B,,1,73,64,持主,,多长,4.4,4.5,6.8,11,
12,28,15,2.48
2020/8/17,10.46,10.54,10.74,10.2,-0.19,2.48,金E0上,上,b乙↗上79.B2暂,升.尾反孕Qv,4暂.Dd头正芽.再B,,2,74,65,持主,,多长,3.6,4.4,4.4,8,
12,-8,12,1.91
2020/8/18,10.22,10.24,10.66,10.02,-2.29,1.91,金E2上,上,b乙→中80.Y暂,跌.尾连vW.W2,5暂.De头正根.再B,,-1,75,66,持被,,多长,3.1,3.9,4.6,8,
11,-120,12,9.98
2020/8/19,11.24,10.21,11.24,10.13,9.98,9.98,金E0上.盈,上,b乙↗上81.I暂,(跌)人.连后吞WO,4暂.Aa龙猪.再B,a高,1,76,67,持主,,多长,6.7,5.1,6.7,12,
12,100,14,3.47
2020/8/20,10.9,11.17,11.63,10.73,-3.02,3.47,金E0上.盈,上,b乙↗上82.B2暂,(跌)人.连后吞WOv,4暂.Aa龙猪.再B,a偏,2,77,68,持主,,多长,9.1,5.6,9.1,15,
15,-87,16,5.14
2020/8/21,11.08,10.92,11.46,10.71,1.65,5.14,金E0上.盈,上,b乙↗上83.B3暂,(人)人.孕孕vo,4暂.Aa龙猪.主,高,3,78,69,持主,,多长,6.3,6.1,7.9,14,
14,32,16,2.71
2020/8/24,11.03,11.05,11.38,10.85,-0.45,2.71,金E0上,上,b乙↗上84.A4,(人)人.孕孕vo,0橅.Aa龙猪.主,,4,79,70,持主,,多长,4.8,6.2,7.1,13,
13,-17,16,0.27
2020/8/25,10.92,10.95,11.06,10.85,-1,0.27,金E0上,上,b乙↗上85.A5,跌.尾连vW.W2,2栅.Fa震正〇.主,,5,80,71,持主,,多长,1.5,6,6.8,13,
13,-367,15,2.38
2020/8/26,10.86,10.92,11.18,10.74,-0.55,2.38,金E2上,上,b乙→中86.Y,跌.尾连WW.W3,5蛀.Fe震正根.主,,-1,81,72,持被,,多长,2.6,5.5,6.8,12,
12,-23,9,2.95
2020/8/27,11.04,10.81,11.18,10.67,1.66,2.95,金E0上,上,b乙↗上87.I暂,(跌)人.连后吞WO,4暂.Fd震正芽.主,,1,82,73,持主,,多长,2.3,5.3,4.9,10,
12,56,7,0.36
2020/8/28,11,11.04,11.08,10.71,-0.36,0.36,金E0上,上,b乙↗上88.B2暂,(跌)人.连后吞WOv,4暂.Fd震正芽.主,,2,83,74,持主,,多长,1.2,5.1,3.9,9,
11,-100,7,1.82
2020/8/31,10.89,11.02,11.2,10.85,-1,1.82,金E2上.盈,上,b乙→中89.Y暂,跌.尾连vW.W2,5暂.Fe震正根.主,雀,-1,84,75,持被,,多长,2.4,4.6,2.4,7,
11,-55,5,1.29
2020/9/1,10.93,10.87,11.03,10.77,0.37,1.29,金E2上,上,b乙→中90.Z-2暂,跌.尾反孕Wo,5暂.Fe震正根.主,,-2,85,76,持被,,多长,0.8,4.3,2.4,6,
10,29,5,0.73
2020/9/2,10.82,10.98,11.01,10.78,-1.01,0.73,金E2上,上,b乙→中91.Z-3暂,跌.尾吞oV,5暂.Fe震正根.主,,-3,86,77,持被,,多长,0.9,3.7,2.6,6,
10,-137,5,0.55
2020/9/3,10.47,10.8,10.88,10.36,-3.23,0.55,金E1上.被,上,c丙↘下92.Z-4,跌.尾连VW.W2,9妩.Fe震正根.破,,-4,87,78,持被,,多长,0.7,2.7,3.6,6,
8,-583,8,-0.57
2020/9/4,10.29,10.41,10.41,9.89,-1.72,-0.57,金e5中.警,中,z丁↘忑-1.Z-5,跌.尾连WW.W3,9妩.__Aa龙猪._破,,-5,-1,79,卖浮,,多长,-2.4,1.5,5,,
,0,13,6.41
2020/9/7,10.37,10.29,10.95,10.29,0.78,6.41,金e5中.警,中,z丁↘忑-2.Z-6,跌.尾反孕Wo,9妩.__Aa龙猪._破,,-6,-2,80,卖浮,,多长,3.6,0.6,4.3,,
,12,12,1.54
2020/9/8,10,10.39,10.53,9.94,-3.57,1.54,金e5中.警,中,z丁↘忑-3.Z-7,跌.尾吞oV,9妩.__Aa龙猪._初,,-7,-3,81,卖浮,,多长,1,-0.5,5.6,,
,-231,11,-0.5
2020/9/9,9.47,9.95,9.95,9.38,-5.3,-0.5,金e6下.警,下,z丁↘忑-4.Z-8,跌.尾连VW.W2,9妩.__Aa龙猪._初,,-8,-4,82,卖浮,,多被,-2.2,-2.3,7.6,,
,0,17,2.85
2020/9/10,9.36,9.46,9.74,9.29,-1.16,2.85,金e6下.警,下,z丁↘忑-5.Z-9,跌.尾连WW.W3,9妩.__Aa龙猪._初,,-9,-5,83,卖浮,,多被,-2,-3.9,10.1,,
,-41,18,2.46
2020/9/11,9.57,9.34,9.59,9.15,2.24,2.46,金e6下.警,下,z丁↘忑-6.Z-10,(跌)人.连后吞WO,8姖.__Aa龙猪._初,,-10,-6,84,卖浮,,多被,-2.2,-4.7,11.7,,
,91,20,2.51
2020/9/14,9.67,9.57,9.81,9.34,1.04,2.51,金e6下.警,下,z丁↘忑-7.Z-11,升.尾连OQ.Q2,7姗.__Bb龙管杂._初,,-11,-7,85,卖浮,,多被,0.6,-4.8,8,,
,42,15,7.96
2020/9/15,9.87,9.87,10.44,9.45,2.07,7.96,金e5中.警,中,y戊↘忠-8.I,升.尾连QQ.Q3,4蛀.__Be龙管根._初,,1,-8,86,卖浮,,多长,7,-4.4,7,,
,26,14,1.42
2020/9/16,9.87,9.94,10.01,9.76,0,1.42,金e5中.警,中,y戊↘忠-9.B2,升.尾连QQ.Q4,4蛀.__Fe震正根._主,,2,-9,87,卖浮,,多长,2.3,-3.9,6.7,,
,0,14,-0.1
2020/9/17,9.69,9.85,9.86,9.59,-1.82,-0.1,金e6下.警,下,y戊↘忑-10.Y暂,(升)人.连后吞QV,5暂.__Fa震正〇._主,,-1,-10,88,卖浮,,多被,0.9,-3.7,6.8,,
,0,14,0.62
2020/9/18,9.66,9.69,9.75,9.59,-0.31,0.62,金e6下.警,下,y戊↘忑-11.Z-2暂,跌.尾连VW.W2,5暂.__Fa震正〇._主,,-2,-11,89,卖浮,,多被,0.1,-3.6,7.1,,
,-50,12,0.83
2020/9/21,9.57,9.74,9.74,9.44,-0.93,0.83,金e6下.警,下,y戊↘忑-12.Z-3暂,跌.尾连WW.W3,5暂.__Fa震正〇._主,,-3,-12,90,卖浮,,多被,0.4,-3.7,7.6,,
,-112,11,0
2020/9/22,9.29,9.46,9.57,9.29,-2.93,0,金e6下.警,下,y戊↘忑-13.Z-4,跌.尾连WW.W4,9妩.__Fa震正〇._主,,-4,-13,91,卖浮,,多被,-0.3,-4.3,4.3,,
,0,8,5.06
2020/9/23,9.65,9.3,9.76,9.24,3.88,5.06,金e6下.警,下,y戊↘忑-14.Z-5,(跌)人.连后吞WO,8姖.__Fa震正〇._主,,-5,-14,92,卖浮,,多被,1.8,-4.1,2.8,,
,77,7,0.73
2020/9/24,9.55,9.62,9.72,9.39,-1.04,0.73,金e6下.警,下,y戊↘忑-15.Z-6,(跌)人.连后吞WOv,8姖.__Fa震正〇._主,,-6,-15,93,卖浮,,多被,1.5,-3.9,1.9,,
,-143,6,3.46
2020/9/25,9.69,9.57,9.88,9.5,1.47,3.46,金e6下.警,下,y戊↘忠-16.I,升.尾吞vO,4蛀.__Fe震正根._主,,1,-16,94,卖浮,,多被,2.9,-3.4,2.9,,
,42,7,0.62
2020/9/28,9.59,9.74,9.75,9.53,-1.03,0.62,金e6下.警,下,y戊↘忠-17.B2,升.尾反孕vOv,4蛀.__Fe震正根._主,,2,-17,95,卖浮,,多被,1.5,-3.1,2.9,,
,-167,7,1.15
2020/9/29,9.36,9.59,9.7,9.34,-2.4,1.15,金e6下.警,下,y戊↘忑-18.Y暂,跌.尾连vW.W2,5暂.__Fa震正〇._主,,-1,-18,96,卖浮,,多被,1.6,-3.3,3.5,,
,-209,7,3.1
2020/9/30,9.41,9.34,9.65,9.03,0.53,3.1,金e6下.警,下,y戊↘忑-19.Z-2暂,跌.尾反孕Wo,5暂.__Aa龙猪._主,,-2,-19,97,卖浮,,多被,1.5,-3.4,3.9,,
,17,9,7.01
2020/10/9,9.89,9.5,10.07,9.5,5.1,7.01,金e5中,中,r己↗忐-20.I暂,升.尾连oQ.Q2,4暂.__Fe震正根.储,,1,-20,98,卖浮,,多长,5.1,-2.6,5.1,,
,73,12,2.43
2020/10/12,9.98,9.91,10.13,9.75,0.91,2.43,金E4上.盈,上,a甲↗上1.B2暂,升.尾连QQ.Q3,4暂.Aa龙猪.储,a连3,2,1,99,持主,,多长,4.6,-1.6,4.6,2,
2,37,12,5.61
2020/10/13,10.42,9.98,10.54,9.89,4.41,5.61,金E4上.盈,上,a甲↗上2.B3暂,升.尾连QQ.Q4,4暂.Aa龙猪.初,a连4高,3,2,100,持主,,多长,6.8,0,6.8,6,
6,79,17,1.06
2020/10/14,10.35,10.52,10.53,10.27,-0.67,1.06,金E4上,上,a甲↗上3.A4,升.尾反孕Qv,0橅.Aa龙猪.初,,4,3,101,持主,,多长,5.1,1.2,5.2,6,
6,-64,17,0.87
2020/10/15,10.31,10.32,10.44,10.24,-0.39,0.87,金E4上,上,a甲↗上4.A5,跌.尾连vW.W2,2栅.Bc龙管栅.初,,5,4,102,持主,,多长,3.2,1.8,4.2,6,
6,-44,11,2.13
2020/10/16,10.34,10.31,10.53,10.29,0.29,2.13,金E0上,上,a甲↗上5.A6,(跌)人.连后吞WO,2栅.Fa震正〇.初,,6,5,103,持主,,多长,3.4,2.3,3.5,5,
5,14,8,5.71
2020/10/19,10.82,10.34,10.93,10.34,4.64,5.71,金E0上.盈,上,a甲↗上6.A7,升.尾连OQ.Q2,2栅.Bc龙管栅.初,a高,7,6,104,持主,,多长,5.7,3.3,5.7,9,
9,81,11,2.13
2020/10/20,10.92,10.92,11.05,10.69,0.92,2.13,金E0上.盈,上,a甲↗上7.A8,升.尾连QQ.Q3,2栅.Bc龙管栅.初,a连3,8,7,105,持主,,多长,5.2,4.3,5.2,9,
9,43,8,1.83
2020/10/21,11.03,10.84,11.12,10.84,1.01,1.83,金E0上.盈,上,a甲↗上8.A9,升.尾连QQ.Q4,0橅.Aa龙猪.初,a连4,9,8,106,持主,,多长,4.3,5.1,4.3,9,
9,55,9,0.63
2020/10/22,10.55,11.09,11.1,10.44,-4.35,0.63,金E0上,上,a甲↗上9.A10,(升)人.连后吞QV,1柜.Aa龙猪.主,,10,9,107,持主,,多长,4,4.8,4.2,9,
9,-686,8,4.55
2020/10/23,10.47,10.72,11.03,10.44,-0.76,4.55,金E2上,上,b乙→中10.Y,跌.尾连VW.W2,5蛀.Be龙管根.主,,-1,10,108,持被,,多长,3.8,4.1,4.6,8,
8,-17,8,2.58
2020/10/26,10.31,10.7,10.74,10.25,-1.53,2.58,金E1上.被,上,c丙↘下11.Z-2,跌.尾连WW.W3,5蛀.Fe震正根.破,,-2,11,109,持被,,多长,1.8,3.2,5.4,8,
8,-59,8,3.01
2020/10/27,10.28,10.31,10.62,10.17,-0.29,3.01,金E1上.被,上,c丙↘下12.Z-3,跌.尾连WW.W4,5蛀.Fe震正根.破,,-3,12,110,持被,,多长,1.4,2.4,6.2,8,
8,-10,9,3.11
2020/10/28,10.45,10.34,10.6,9.95,1.65,3.11,金E2上,上,b乙→中13.Z-4,(跌)人.连后吞WO,8姖.De头正根.再B,,-4,13,111,持被,,多长,1.5,2,6.2,8,
8,53,12,-0.1
2020/10/29,10.16,10.34,10.44,10.16,-2.78,-0.1,金E1上.被,上,c丙↘下14.Z-5,(人)人.吞吞* OV,8姖.Fe震正根._破,,-5,14,112,持被,,多长,0.6,1.3,6.3,7,
8,0,11,1.28
2020/10/30,9.9,10.29,10.29,9.89,-2.56,1.28,金e5中.警,中,z丁↘忑-1.Z-6,跌.尾连VW.W2,8姖.__Aa龙猪._破,,-6,-1,113,卖浮,,多长,0.3,0.3,4.7,,
,-200,9,2.22
2020/11/2,9.79,9.89,10.12,9.71,-1.11,2.22,金e6下.警,下,z丁↘忑-2.Z-7,跌.尾连WW.W3,8姖.__Aa龙猪._初,,-7,-2,114,卖浮,,多被,-0.1,-0.7,4.9,,
,-50,9,8.68
2020/11/3,10.38,9.79,10.64,9.73,6.03,8.68,金E3上.警.盈,上,y戊↘忠-3.I,(跌)人.连后吞WO,4蛀.Ff震负.再D,雀高,1,1,115,持主,,多长,4.8,-0.5,4.8,4,
9,69,10,2.7
2020/11/4,10.53,10.44,10.66,10.29,1.45,2.7,金E3上.盈,上,r己↗忐-4.B2,升.尾连OQ.Q2,4蛀.Df头负.再D,雀,2,2,116,持主,,多长,4.1,0.3,4.1,4,
8,54,10,1.8
2020/11/5,10.62,10.56,10.72,10.42,0.85,1.8,金E0上.盈,上,a甲↗上1.B3,升.尾连QQ.Q3,4蛀.Dd头正芽.再D,雀连3,3,3,117,持主,,多长,3.6,1,3.6,4,
7,47,10,0.66
2020/11/6,10.39,10.69,10.69,10.32,-2.17,0.66,金E0上,上,a甲↗上2.A4,(升)人.连后吞QV,1柜.Dd头正芽.再D,,4,4,118,持主,,多长,3,1.2,3.3,4,
4,-329,10,1.54
2020/11/9,10.16,10.52,10.55,10.1,-2.21,1.54,金e5中.被,中,c丙↘下3.Y,跌.尾连VW.W2,5蛀.__Df头负._破,,-1,-1,119,卖浮,,多长,2.1,0.8,3.7,,
,-144,10,3.94
2020/11/10,10.21,9.93,10.56,9.93,0.49,3.94,金e5中.警,中,z丁↘忑-1.Z-2,跌.尾反孕Wo,5蛀.__Fa震正〇._破,,-2,-2,120,卖浮,,多长,2.5,0.4,4.1,,
,13,8,0.88
2020/11/11,10.07,10.21,10.3,10.04,-1.37,0.88,金e5中.警,中,z丁↘忑-2.Z-3,(跌)人.孕孕ov,5蛀.__Fa震正〇._初,,-3,-3,121,卖浮,,多长,0.6,0,4.7,,
,-156,8,1.39
2020/11/12,10.07,10.09,10.21,10.01,0,1.39,金e5中.警,中,z丁↘忑-3.Z-4,(人)人.孕孕vo,9妩.__Fa震正〇._初,,-4,-4,122,卖浮,,多长,0.2,-0.4,4.9,,
,0,8,2.38
2020/11/13,10.16,10.07,10.31,9.96,0.89,2.38,金e5中.警,中,z丁↘忑-4.Z-5,升.尾连oQ.Q2,7姗.__Fa震正〇._初,,-5,-5,123,卖浮,,多长,1.4,-0.5,3.8,,
,37,6,1.38
2020/11/16,10.09,10.16,10.3,10.04,-0.69,1.38,金e5中.警,中,z丁↘忑-5.Z-6,升.尾反孕Qv,7姗.__Fa震正〇._初,,-6,-6,124,卖浮,,多长,1.5,-0.6,4,,
,-50,6,3.37
2020/11/17,10.06,10.09,10.43,10,-0.3,3.37,金e5中.警,中,z丁↘忑-6.Z-7,跌.尾连vW.W2,7姗.__Fa震正〇._初,,-7,-7,125,卖浮,,多长,3,-0.8,3,,
,-9,5,4.27
2020/11/18,10.34,10.16,10.49,10.09,2.78,4.27,金E4上.盈,上,r己↗忐-7.I,(跌)人.连后吞WO,4蛀.Df头负.储,雀,1,1,126,持主,,多长,3.2,-0.4,3.2,2,
5,65,5,0.19
2020/11/19,10.12,10.36,10.36,10.12,-2.13,0.19,金e5中.警,中,y戊↘忑-8.Y暂,(人)人.吞吞* OV,5暂.__Fa震正〇._初,,-1,-1,127,卖浮,,多长,1.9,-0.4,3.2,,
,-1100,5,2.47
2020/11/20,10.28,10.19,10.37,10.05,1.58,2.47,金E4上,上,r己↗忐-9.I暂,(人)人.吞吞* OV,4暂.Df头负.储,,1,1,128,持主,,多长,1.8,-0.2,2.9,2,
3,64,5,0.49
2020/11/23,10.09,10.26,10.33,10.05,-1.85,0.49,金e5中.警,中,y戊↘忑-10.Y暂,跌.尾吞oV,5暂.__Fa震正〇._再B,,-1,-1,129,卖浮,,多长,1.5,-0.3,3.1,,
,-380,5,0.89
2020/11/24,10.03,10.09,10.18,10.03,-0.59,0.89,金e6下.警,下,y戊↘忑-11.Z-2暂,跌.尾连VW.W2,5暂.__Fa震正〇._再B,,-2,-2,130,卖浮,,多被,0.4,-0.5,3.5,,
,-67,5,0.4
2020/11/25,9.64,9.99,10.07,9.64,-3.89,0.4,金e6下.警,下,y戊↘忑-12.Z-3暂,跌.尾连WW.W3,5暂.__Aa龙猪._再B,,-3,-3,131,卖浮,,多被,0.5,-1.4,3.5,,
,-975,8,2.07
2020/11/26,9.74,9.73,9.84,9.61,1.04,2.07,金e6下.警,下,y戊↘忑-13.Z-4,跌.尾反孕Wo,9妩.__Aa龙猪._再B,,-4,-4,132,卖浮,,多被,-0.9,-2,4.4,,
,50,8,0.31
2020/11/27,9.67,9.74,9.77,9.54,-0.72,0.31,金e6下.警,下,y戊↘忑-14.Z-5,跌.尾吞oV,9妩.__Aa龙猪._主,,-5,-5,133,卖浮,,多被,-0.8,-2.5,4.8,,
,-233,8,1.55
2020/11/30,9.52,9.72,9.82,9.52,-1.55,1.55,金v9下.警,下,y戊↘忑-15.Z-6,跌.尾连VW.W2,9妩.__Aa龙猪._主,,-6,-6,-1,NA,,空看,0.6,-3,4.3,,
,-100,7,3.36
2020/12/1,9.7,9.62,9.84,9.47,1.89,3.36,金e6下.警,下,y戊↘忑-16.Z-7,跌.尾反孕Wo,9妩.__Aa龙猪._主,,-7,-7,1,卖浮,,多被,1.2,-3,3.5,,
,56,6,0.41
2020/12/2,9.53,9.7,9.74,9.5,-1.75,0.41,金v0忑.警,忑,y戊↘忑-17.Z-8,跌.尾吞oV,9妩.__Aa龙猪._主,,-8,-8,-1,NA,,空看,0.7,-3.2,1.7,,
,-425,4,0.84
2020/12/3,9.39,9.61,9.61,9.32,-1.47,0.84,金v0忑.警,忑,y戊↘忑-18.Z-9,跌.尾连VW.W2,9妩.__Aa龙猪._主,,-9,-9,-2,NA,,空看,0.1,-3.6,2.5,,
,-175,6,1.92
2020/12/4,9.56,9.39,9.57,9.33,1.81,1.92,金v0忑.警,忑,y戊↘忑-19.Z-10,跌.尾反孕Wo,9妩.__Aa龙猪._主,,-10,-10,-3,NA,,空看,-0.1,-3.5,2.8,,
,94,6,1.88
2020/12/7,9.73,9.62,9.74,9.44,1.78,1.88,金e7忑.警,忑,y戊↘忠-20.I,升.尾连oQ.Q2,4蛀.__Be龙管根._主,,1,-11,1,卖浮,,多被,1.4,-3,2.5,,
,94,6,5.04
2020/12/8,9.83,9.74,10.22,9.49,1.03,5.04,金e7忑,忑,r己↗忐-21.B2,升.尾连QQ.Q3,4蛀.__Fe震正根.储,,2,-12,2,卖浮,,多被,5.8,-2.4,5.8,,
,20,10,1.12
2020/12/9,9.58,9.72,9.94,9.58,-2.54,1.12,金e7忑.警,忑,y戊↘忑-22.Y暂,(升)人.连后吞QV,5暂.__Fa震正〇._再B,,-1,-13,3,卖浮,,多被,2.9,-2.2,5.8,,
,-227,10,0.52
2020/12/10,9.46,9.58,9.63,9.34,-1.25,0.52,金v0忑.警,忑,y戊↘忑-23.Z-2暂,跌.尾连VW.W2,5暂.__Fa震正〇._再B,,-2,-14,-1,NA,,空看,0.2,-2.4,6.3,,
,-240,10,0.85
2020/12/11,9.17,9.54,9.54,9.1,-3.07,0.85,嘘v0忑.警,忑,y戊↘忑-24.Z-3暂,跌.尾连WW.W3,5暂.__Aa龙猪._再B,,-3,-15,-2,NA,,空看,0.4,-3.1,7.5,,
,-363,12,5.67
2020/12/14,9.56,9.26,9.69,9.22,4.25,5.67,嘘v0忑.警,忑,y戊↘忑-25.Z-4,(跌)人.连后吞WO,8姖.__Aa龙猪._再B,,-4,-16,-3,NA,,空看,2.1,-3,7.7,,
,75,12,1.88
2020/12/15,9.46,9.4,9.74,9.4,-1.05,1.88,嘘v0忑.警,忑,y戊↘忑-26.Z-5,(跌)人.连后吞WOv,8姖.__Aa龙猪._主,,-5,-17,-4,NA,,空看,2.7,-2.8,4.8,,
,-56,9,0.85
2020/12/16,9.41,9.44,9.54,9.4,-0.53,0.85,嘘v0忑.警,忑,y戊↘忑-27.Z-6,跌.尾连vW.W2,8姖.__Fa震正〇._主,,-6,-18,-5,NA,,空看,0.8,-2.8,2.9,,
,-63,7,1.38
2020/12/17,9.33,9.51,9.54,9.28,-0.85,1.38,嘘v0忑.警,忑,y戊↘忑-28.Z-7,跌.尾连WW.W3,8姖.__Fa震正〇._主,,-7,-19,-6,NA,,空看,1.2,-2.9,3.3,,
,-62,7,0.96
2020/12/18,9.21,9.32,9.42,9.19,-1.29,0.96,嘘v0忑.警,忑,y戊↘忑-29.Z-8,跌.尾连WW.W4,9妩.__Fa震正〇._主,,-8,-20,-7,NA,,空看,0.5,-3.1,3.9,,
,-133,6,0.98
2020/12/21,8.91,9.3,9.3,8.85,-3.26,0.98,嘘v0忑.警,忑,y戊↘忑-30.Z-9,跌.尾连WW.W5,9妩.__Aa龙猪._主,,-9,-21,-8,NA,,空看,0.5,-3.8,5.2,,
,-333,10,5.95
2020/12/22,9.29,8.85,9.44,8.79,4.26,5.95,嘘v0忑.警,忑,y戊↘忑-31.Z-10,跌.尾反孕Wo,9妩.__Aa龙猪._主,,-10,-22,-9,NA,,空看,2.2,-3.7,3.3,,
,72,9,0.97
2020/12/23,9.31,9.3,9.38,9.2,0.22,0.97,嘘v1忑.警,忑,y戊↘忠-32.I,升.尾连oQ.Q2,4蛀.__Be龙管根._主,,1,-23,-10,NA,,空看,1.4,-3.3,3.1,,
,22,9,-0.54
2020/12/24,9.04,9.26,9.26,8.95,-2.9,-0.54,嘘v0忑.警,忑,y戊↘忑-33.Y暂,(升)人.连后吞QV,5暂.__Aa龙猪._主,,-1,-24,-11,NA,,空看,0.6,-3.5,2.5,,
,0,7,1.88
2020/12/25,9.11,8.99,9.21,8.91,0.77,1.88,嘘v0忑.警,忑,y戊↘忑-34.Z-2暂,(升)人.连后吞QVo,5暂.__Fa震正〇._主,,-2,-25,-12,NA,,空看,0.4,-3.5,2.9,,
,41,7,-0.44
2020/12/28,8.8,9.01,9.07,8.55,-3.4,-0.44,嘘v0忑.警,忑,y戊↘忑-35.Z-3暂,跌.尾吞oV,5暂.__Aa龙猪._主,,-3,-26,-13,NA,,空看,-0.2,-4,3.9,,
,0,10,0.8
2020/12/29,8.78,8.7,8.87,8.55,-0.23,0.8,嘘v0忑.警,忑,y戊↘忑-36.Z-4,跌.尾连VW.W2,9妩.__Aa龙猪._主,,-4,-27,-14,NA,,空看,-1.4,-4.4,4.3,,
,-29,10,0.23
2020/12/30,8.63,8.76,8.8,8.25,-1.71,0.23,嘘v0忑.警,忑,y戊↘忑-37.Z-5,跌.尾连WW.W3,9妩.__Aa龙猪._主,,-5,-28,-15,NA,,空看,-1.1,-5,4.1,,
,-750,12,-0.23
2020/12/31,8.37,8.54,8.61,7.95,-3.01,-0.23,尿v0忑.警,忑,y戊↘忑-38.Z-6,跌.尾连WW.W4,9妩.__Aa龙猪._主,,-6,-29,-16,NA,,空看,-1.7,-5.8,5.2,,
,0,16,0.84
2021/1/4,8.19,8.37,8.44,7.95,-2.15,0.84,尿v0忑.警,忑,y戊↘忑-39.Z-7,跌.尾连WW.W5,9妩.__Aa龙猪._主,,-7,-30,-17,NA,,空看,-1.9,-6.7,5.5,,
,-257,14,2.93
2021/1/5,8.29,8.19,8.43,7.95,1.22,2.93,尿v0忑.警,忑,y戊↘忑-40.Z-8,跌.尾反孕Wo,9妩.__Aa龙猪._主,,-8,-31,-18,NA,,空看,-0.8,-7.2,4.4,,
,42,12,-0.12
2021/1/6,8.12,8.23,8.28,8.03,-2.05,-0.12,尿v0忑.警,忑,y戊↘忑-41.Z-9,跌.尾吞oV,9妩.__Aa龙猪._主,,-9,-32,-19,NA,,空看,-1.3,-7.6,4.9,,
,0,11,1.48
2021/1/7,7.87,8.24,8.24,7.8,-3.08,1.48,尿v0忑.警,忑,y戊↘忑-42.Z-10,跌.尾连VW.W2,9妩.__Aa龙猪._主,,-10,-33,-20,NA,,空看,-0.1,-8.3,4.4,,
,-208,10,0.64
2021/1/8,7.77,7.87,7.92,7.09,-1.27,0.64,尿v0忑.警,忑,y戊↘忑-43.Z-11,跌.尾连WW.W3,9妩.__Aa龙猪._主,,-11,-34,-21,NA,,空看,-2.4,-9,4,,
,-200,19,2.32
2021/1/11,7.72,7.77,7.95,7.49,-0.64,2.32,尿v0忑.警,忑,y戊↘忑-44.Z-12,跌.尾连WW.W4,9妩.__Aa龙猪._主,,-12,-35,-22,NA,,空看,-0.6,-9.4,5.5,,
,-28,19,5.31
2021/1/12,7.99,7.74,8.13,7.55,3.5,5.31,尿v0忑.警,忑,y戊↘忑-45.Z-13,(跌)人.连后吞WO,8姖.__Aa龙猪._主,,-13,-36,-23,NA,,空看,2,-9,3.9,,
,66,17,1.25
2021/1/13,7.78,7.95,8.09,7.7,-2.63,1.25,尿v0忑.警,忑,y戊↘忑-46.Z-14,(跌)人.连后吞WOv,8姖.__Fa震正〇._主,,-14,-37,-24,NA,,空看,2.2,-8.9,4.1,,
,-210,16,1.29
2021/1/14,7.73,7.78,7.88,7.56,-0.64,1.29,尿v0忑.警,忑,y戊↘忑-47.Z-15,跌.尾连vW.W2,8姖.__Fa震正〇._主,,-15,-38,-25,NA,,空看,0.2,-8.8,3.4,,
,-50,15,5.17
2021/1/15,8.08,7.74,8.13,7.67,4.53,5.17,尿v1忑.警,忑,y戊↘忠-48.I,(跌)人.连后吞WO,4蛀.__Fe震正根._主,,1,-39,-26,NA,,空看,2.9,-7.8,2.9,,
,87,9,1.86
2021/1/18,7.98,8.16,8.23,7.95,-1.24,1.86,尿v1忑.警,忑,y戊↘忠-49.B2,(跌)人.连后吞WOv,4蛀.__Fe震正根._主,,2,-40,-27,NA,,空看,3.8,-7.1,3.8,,
,-67,9,2.13
2021/1/19,8.09,7.97,8.15,7.93,1.38,2.13,尿v1忑.警,忑,y戊↘忠-50.B3,(人)人.孕孕vo,4蛀.__Fe震正根._主,,3,-41,-28,NA,,空看,2.3,-6.2,3.3,,
,65,9,0.87
2021/1/20,8,8.12,8.16,7.9,-1.11,0.87,尿v1忑.警,忑,y戊↘忠-51.A4,(人)人.孕孕vo,0橅.__Fe震正根._主,,4,-42,-29,NA,,空看,2.2,-5.6,3.1,,
,-129,9,0.63
2021/1/21,7.89,7.99,8.05,7.84,-1.38,0.63,尿v0忑.警,忑,y戊↘忑-52.Y,跌.尾连vW.W2,5蛀.__Fa震正〇._主,,-1,-43,-30,NA,,空看,1,-5.4,3.3,,
,-220,7,0
2021/1/22,7.41,7.89,7.89,7.38,-6.08,0,尿v0忑.警,忑,y戊↘忑-53.Z-2,跌.尾连WW.W3,5蛀.__Aa龙猪._主,,-2,-44,-31,NA,,空看,0.6,-6.2,5,,
,0,12,0.67
2021/1/25,7.11,7.46,7.46,6.81,-4.05,0.67,尿v0忑.警,忑,y戊↘忑-54.Z-3,跌.尾连WW.W4,5蛀.__Aa龙猪._主,,-3,-45,-32,NA,,空看,-2.5,-7.6,6.7,,
,-600,20,3.09
2021/1/26,7.11,7.07,7.33,6.94,0,3.09,尿v0忑.警,忑,y戊↘忑-55.Z-4,跌.尾反孕Wo,9妩.__Aa龙猪._主,,-4,-46,-33,NA,,空看,-2.1,-8.6,9,,
,0,20,2.53
2021/1/27,7.29,7.1,7.29,6.86,2.53,2.53,尿v0忑.警,忑,y戊↘忑-56.Z-5,升.尾连oQ.Q2,7姗.__Bb龙管杂._主,,-5,-47,-34,NA,,空看,-1.6,-8.8,8.7,,
,100,18,4.8
2021/1/28,7.06,7.48,7.64,6.94,-3.16,4.8,尿v0忑.警,忑,y戊↘忑-57.Z-6,(升)人.连后吞QV,7姗.__Fa震正〇._主,,-6,-48,-35,NA,,空看,4.5,-9.2,7.9,,
,-66,16,2.12
2021/1/29,7.12,7.02,7.21,6.99,0.85,2.12,尿v0忑.警,忑,y戊↘忑-58.Z-7,(升)人.连后吞QVo,7姗.__Fa震正〇._主,,-7,-49,-36,NA,,空看,-0.5,-9.2,5.4,,
,40,12,0.56
2021/2/1,7.08,7.12,7.16,7.01,-0.56,0.56,尿v0忑.警,忑,y戊↘忑-59.Z-8,(人)人.孕孕vo,7姗.__Fa震正〇._主,,-8,-50,-37,NA,,空看,-0.5,-9.1,6.2,,
,-100,11,2.12
2021/2/2,7.1,7.08,7.23,7.03,0.28,2.12,尿v0忑.警,忑,y戊↘忑-60.Z-9,(人)人.孕孕vo,9妩.__Fa震正〇._主,,-9,-51,-38,NA,,空看,0.9,-8.8,6.6,,
,13,11,1.41
2021/2/3,7.14,7.06,7.2,7.06,0.56,1.41,尿v0忑.警,忑,y戊↘忑-61.Z-10,升.尾连oQ.Q2,7姗.__Fa震正〇._主,,-10,-52,-39,NA,,空看,0.7,-8.3,6.8,,
,40,10,3.08
2021/2/4,7.28,7.08,7.36,7.02,1.96,3.08,尿v1忑.警,忑,y戊↘忠-62.I,升.尾连QQ.Q3,4蛀.__Fe震正根._主,,1,-53,-40,NA,,空看,2.5,-7.5,2.5,,
,64,5,9.07
2021/2/5,7.68,7.28,7.94,7.23,5.49,9.07,尿v2忑,忑,r己↗忐-63.B2,升.尾连QQ.Q4,4蛀.__Fe震正根.储,,2,-54,-41,NA,,空看,8.8,-5.8,8.8,,
,61,13,3.26
2021/2/8,7.63,7.65,7.93,7.53,-0.65,3.26,尿v2忑,忑,r己↗忐-64.B3,升.尾反孕Qv,4蛀.__Fe震正根.储,,3,-55,-42,NA,,空看,7.2,-4.3,7.4,,
,-20,13,-0.66
2021/2/9,7.44,7.58,7.58,7.16,-2.49,-0.66,尿v3忑,忑,a甲↗上1.A4,跌.尾连vW.W2,2栅.__Ff震负.储,,4,-56,-43,NA,,空看,2,-3.7,6.9,,
,0,13,2.82
2021/2/10,7.49,7.36,7.65,7.33,0.67,2.82,尿v3忑,忑,a甲↗上2.A5,跌.尾反孕Wo,2栅.__Ff震负.储,,5,-57,-44,NA,,空看,2.7,-3.2,6.6,,
,24,13,4.14
2021/2/18,7.63,7.51,7.8,7.51,1.87,4.14,尿v3忑,忑,a甲↗上3.A6,升.尾连oQ.Q2,2栅.__Ff震负.储,,6,-58,-45,NA,,空看,4.1,-2.5,6,,
,45,11,0.79
2021/2/19,7.67,7.57,7.69,7.44,0.52,0.79,尿v3忑,忑,a甲↗上4.A7,升.尾连QQ.Q3,2栅.__Ff震负.储,,7,-59,-46,NA,,空看,1.9,-1.8,5.1,,
,67,11,1.04
2021/2/22,7.56,7.6,7.75,7.55,-1.43,1.04,尿v3忑,忑,a甲↗上5.A8,(升)人.连后吞QV,1柜.__Ff震负.储,,8,-60,-47,NA,,空看,2.5,-1.6,3.2,,
,-138,9,-0.13
2021/2/23,7.29,7.55,7.55,7.27,-3.57,-0.13,尿v3忑.被,忑,c丙↘下6.Y,跌.尾连VW.W2,5蛀.__Df头负._再C,,-1,-61,-48,NA,,空长,0.6,-2,4,,
,0,7,1.51
2021/2/24,7.34,7.27,7.4,7.22,0.69,1.51,尿v0忑.警,忑,z丁↘忑-1.Z-2,跌.尾反孕Wo,5蛀.__Fa震正〇._再C,,-2,-62,-49,NA,,空长,-0.7,-2.4,4.7,,
,45,8,7.22
2021/2/25,7.49,7.44,7.87,7.4,2.04,7.22,尿v0忑.警,忑,z丁↘忑-2.Z-3,升.尾连oQ.Q2,5蛀.__Fa震正〇._再C,,-3,-63,-50,NA,,空长,5.6,-2.2,5.6,,
,28,9,-2.27
2021/2/26,7.24,7.3,7.32,7.05,-3.34,-2.27,屎v0忑.警,忑,z丁↘忑-3.Z-4,(升)人.连后吞QV,7姗.__Bb龙管杂._再C,,-4,-64,-51,NA,,空长,-1.1,-2.6,6.3,,
,0,12,0.83
2021/3/1,7.2,7.2,7.3,7.12,-0.55,0.83,屎v0忑.警,忑,z丁↘忑-4.Z-5,跌.尾连VW.W2,7姗.__Bb龙管杂._再C,,-5,-65,-52,NA,,空长,-0.6,-3,7.1,,
,-67,12,3.06
2021/3/2,7.14,7.26,7.42,7.04,-0.83,3.06,屎v0忑.警,忑,z丁↘忑-5.Z-6,跌.尾连WW.W3,7姗.__Bb龙管杂._主,,-6,-66,-53,NA,,空长,1.8,-3.3,8,,
,-27,12,1.82
2021/3/3,7.16,7.14,7.27,7.07,0.28,1.82,屎v0忑.警,忑,z丁↘忑-6.Z-7,跌.尾反孕Wo,9妩.__Aa龙猪._主,,-7,-67,-54,NA,,空长,0.3,-3.5,8.6,,
,15,12,9.92
2021/3/4,7.87,7.12,7.87,7.11,9.92,9.92,屎V5忠.盈,忠,r己↗忐-7.I,升.尾连oQ.Q2,4蛀.Df头负.储,a高,1,1,-55,NA,,空长,6.7,-1.9,6.7,4,
4,100,12,5.72
2021/3/5,8.23,7.98,8.32,7.84,4.57,5.72,屎V5忠.盈,忠,a甲↗上1.B2,升.尾连QQ.Q3,4蛀.Aa龙猪.初,a连3高,2,2,-56,NA,,空长,9.5,0.5,9.5,10,
10,80,18,10.09
2021/3/8,8.52,8.07,9.06,8.07,3.52,10.09,屎V6忐.盈,忐,a甲↗上2.B3,升.尾连QQ.Q4,4蛀.Aa龙猪.初,a连4高,3,3,-57,NA,,空看,15.4,3,15.4,18,
18,35,29,-0.12
2021/3/9,8.19,8.4,8.51,8.05,-3.87,-0.12,屎V6忐.盈,忐,a甲↗上3.A4,升.尾反孕Qv,0橅.Aa龙猪.初,偏,4,4,-58,NA,,空看,6.6,4.1,13.5,18,
18,0,28,2.81
2021/3/10,8.33,8.19,8.42,7.91,1.71,2.81,屎V6忐,忐,a甲↗上4.A5,(升)人.孕孕vo,0橅.Aa龙猪.初,,5,5,-59,NA,,空看,4.1,4.9,12,17,
17,61,27,0.36
2021/3/11,8.24,8.36,8.36,7.99,-1.08,0.36,屎V6忐,忐,a甲↗上5.A6,(人)人.孕孕vo,0橅.Fa震正〇.初,,6,6,-60,NA,,空看,2.6,5.1,11.2,16,
16,-300,16,0.12
2021/3/12,8.2,8.1,8.25,8.01,-0.49,0.12,屎V6忐,忐,a甲↗上6.A7,跌.尾连vW.W2,2栅.Fa震正〇.初,,7,7,-61,NA,,空看,1,4.9,10.9,16,
16,-400,15,4.27
2021/3/15,8.13,8.14,8.55,8.02,-0.85,4.27,屎V6忐.盈,忐,b乙→中7.Y,跌.尾连WW.W3,5蛀.Fe震正根.主,雀,-1,8,-62,NA,,空看,4.7,4.5,4.7,9,
15,-20,8,9.72
2021/3/16,8.88,8.05,8.92,8.05,9.23,9.72,屎E9忐.盈,忐,b乙↗上8.I暂,(跌)人.连后吞WO,4暂.Fd震正芽.主,雀高,1,9,1,持主,,多被,7.1,5.7,7.1,13,
15,95,13,3.6
2021/3/17,8.84,8.79,9.2,8.65,-0.45,3.6,屎E9忐.盈,忐,b乙↗上9.B2暂,(跌)人.连后吞WOv,4暂.Aa龙猪.主,a偏,2,10,2,持主,,多被,8.6,6.7,8.6,15,
15,-13,15,7.24
2021/3/18,9.17,8.8,9.48,8.79,3.73,7.24,屎E9忐.盈,忐,b乙↗上10.B3暂,升.尾吞vO,4暂.Aa龙猪.主,a高,3,11,3,持主,,多被,9.4,8,9.4,18,
18,52,18,2.4
2021/3/19,9.15,9.05,9.39,8.95,-0.22,2.4,银E9忐.盈,忐,b乙↗上11.A4,升.尾反孕vOv,0橅.Aa龙猪.主,偏,4,12,4,持主,,多被,6.6,8.7,7.6,16,
16,-9,18,2.73
2021/3/22,9.2,9.4,9.4,8.82,0.55,2.73,银E9忐,忐,b乙↗上12.A5,升.尾吞vO,0橅.Aa龙猪.主,,5,13,5,持主,,多被,5.2,9.1,6.1,15,
15,20,18,3.91
2021/3/23,9.1,9.48,9.56,9,-1.09,3.91,银E9忐.盈,忐,b乙↗上13.A6,(升)人.吞吞vOV,1柜.Aa龙猪.主,a偏,6,14,6,持主,,多被,6.3,9,6.3,15,
15,-28,11,0.88
2021/3/24,8.7,8.99,9.18,8.64,-4.4,0.88,银E2上,上,b乙→中14.Y,跌.尾连VW.W2,5蛀.Be龙管根.主,,-1,15,7,持被,,多被,2.6,7.8,6.9,15,
15,-500,11,1.95
2021/3/25,8.51,8.55,8.87,8.31,-2.18,1.95,银E1上.被,上,c丙↘下15.Z-2,跌.尾连WW.W3,5蛀.Fe震正根.破,,-2,16,8,持被,,多被,0.4,6.2,8.2,14,
14,-112,15,4.35
2021/3/26,8.65,8.35,8.88,8.35,1.65,4.35,银E1上.被,上,c丙↘下16.Z-3,(跌)人.连后吞WO,5蛀.Fe震正根.破,,-3,17,9,持被,,多被,1.2,5.1,9,14,
14,38,15,5.43
2021/3/29,8.83,8.7,9.12,8.66,2.08,5.43,银E2上.盈,上,b乙→中17.Z-4,升.尾连OQ.Q2,7姗.De头正根.再B,高,-4,18,10,持被,,多被,4,4.7,9,14,
14,38,15,3.62
2021/3/30,8.83,8.77,9.15,8.73,0,3.62,银E0上.盈,上,b乙↗上18.I,升.尾连QQ.Q3,4蛀.Dd头正芽.再B,连3,1,19,11,持主,,多被,4.2,4.4,4.5,9,
13,0,10,4.76
2021/3/31,9.24,8.75,9.25,8.75,4.64,4.76,银E0上.盈,上,b乙↗上19.B2,升.尾连QQ.Q4,4蛀.Dd头正芽.再B,雀连4,2,20,12,持主,,多被,4.1,5,4.1,9,
13,98,11,6.49
2021/4/1,9.75,9.15,9.84,9.09,5.52,6.49,银E0上.盈,上,b乙↗上20.B3,升.尾连QQ.Q5,4蛀.Aa龙猪.再B,a连5高,3,21,13,持主,,多被,8.1,6.6,8.1,15,
15,85,18,0.72
2021/4/2,9.68,9.75,9.82,9.56,-0.72,0.72,银E0上,上,b乙↗上21.A4,升.尾反孕Qv,0橅.Aa龙猪.再B,,4,22,14,持主,,多被,5.8,7.6,6.1,14,
14,-100,14,2.17
2021/4/6,9.78,9.71,9.89,9.44,1.03,2.17,银E0上.盈,上,b乙↗上22.A5,升.尾吞vO,0橅.Aa龙猪.主,a,5,23,15,持主,,多被,4.9,8.4,4.9,13,
13,48,13,0.61
2021/4/7,9.6,9.81,9.84,9.58,-1.84,0.61,银E0上,上,b乙↗上23.A6,(升)人.吞吞vOV,1柜.Aa龙猪.主,,6,24,16,持主,,多被,3.6,8.3,4.1,12,
12,-300,13,0.94
2021/4/8,9.56,9.6,9.69,9.45,-0.42,0.94,银E0上,上,b乙↗上24.A7,跌.尾连VW.W2,2栅.Bc龙管栅.主,,7,25,17,持主,,多被,1.7,7.9,3.8,11,
11,-44,9,0.73
2021/4/9,9.41,9.4,9.63,9.34,-1.57,0.73,金E2上,上,b乙→中25.Y,跌.尾连WW.W3,5蛀.Fe震正根.主,,-1,26,18,持被,,多被,1.3,7.1,4,11,
11,-214,6,3.93
2021/4/12,9.37,9.38,9.78,9.29,-0.43,3.93,金E2上,上,b乙→中26.Z-2,跌.尾连WW.W4,5蛀.Fe震正根.主,,-2,27,19,持被,,多长,3.2,6.2,4.4,10,
10,-11,6,2.88
2021/4/13,9.26,9.34,9.64,9.24,-1.17,2.88,金E2上,上,b乙→中27.Z-3,跌.尾连WW.W5,5蛀.Fe震正根.主,,-3,28,20,持被,,多长,2.3,5.3,4.5,9,
10,-41,6,1.19
2021/4/14,9.19,9.22,9.37,9.17,-0.76,1.19,金E1上.被,上,c丙↘下28.Z-4,跌.尾连WW.W6,9妩.Fe震正根.破,,-4,29,21,持被,,多长,0.1,4.3,4.5,9,
10,-64,7,1.52
2021/4/15,9.24,9.19,9.33,9,0.54,1.52,金E1上.被,上,c丙↘下29.Z-5,(跌)人.连后吞WO,8姖.Fe震正根.破,,-5,30,22,持被,,多长,0.2,3.6,5,8,
10,36,9,4.87
2021/4/16,9.59,9.13,9.69,9.13,3.79,4.87,金E0上,上,b乙↗上30.I,升.尾连OQ.Q2,4蛀.Dd头正芽.再B,,1,31,23,持主,,多长,3.4,3.8,4.4,8,
9,78,9,1.36
2021/4/19,9.54,9.59,9.72,9.46,-0.52,1.36,金E0上.盈,上,b乙↗上31.B2,升.尾反孕Qv,4蛀.Dd头正芽.再B,雀,2,32,24,持主,,多长,3.2,3.9,3.2,7,
9,-38,8,1.05
2021/4/20,9.33,9.14,9.64,9.04,-2.2,1.05,金E2上,上,b乙→中32.Y暂,跌.尾连vW.W2,5暂.De头正根.再B,,-1,33,25,持被,,多长,2.5,3.6,3.3,6,
8,-210,8,5.04
2021/4/21,9.38,9.27,9.8,9.22,0.54,5.04,金E2上.盈,上,b乙→中33.Z-2暂,(跌)人.连后吞WO,5暂.Be龙管根.再B,a高,-2,34,26,持被,,多长,4.2,3.2,4.2,7,
7,11,9,2.35
2021/4/22,9.32,9.38,9.6,9.21,-0.64,2.35,金E1上.被,上,c丙↘下34.Z-3暂,(跌)人.连后吞WOv,5暂.Fe震正根.破,,-3,35,27,持被,,多长,2.3,2.8,4.5,7,
7,-27,8,0.54
2021/4/23,9.37,9.32,9.37,9.12,0.54,0.54,金E2上,上,b乙→中35.Z-4,(人)人.孕孕vo,8姖.Be龙管根.再B,,-4,36,28,持被,,多长,0,2.5,4.5,7,
7,100,8,7.9
2021/4/26,9.94,9.36,10.11,9.36,6.08,7.9,金E0上.盈,上,b乙↗上36.I,升.尾连oQ.Q2,4蛀.Aa龙猪.再B,a高,1,37,29,持主,,多长,6.4,3.4,6.4,10,
10,77,12,3.52
2021/4/27,9.99,9.89,10.29,9.84,0.5,3.52,金E0上.盈,上,b乙↗上37.B2,升.尾连QQ.Q3,4蛀.Aa龙猪.再B,a连3偏,2,38,30,持主,,多长,6.8,4.3,6.8,11,
11,14,13,1.3
2021/4/28,9.85,9.94,10.12,9.7,-1.4,1.3,金E0上,上,b乙↗上38.B3,(升)人.连后吞QV,4蛀.Aa龙猪.再B,,3,39,31,持主,,多长,4.2,4.6,5.9,10,
10,-108,13,1.83
2021/4/29,9.56,10.03,10.03,9.47,-2.94,1.83,金E2上,上,b乙→中39.Y暂,跌.尾连VW.W2,5暂.Be龙管根.再B,,-1,40,32,持被,,多长,3.4,4.1,6.1,10,
10,-161,13,1.67
2021/4/30,9.53,9.57,9.72,9.3,-0.31,1.67,金E2上,上,b乙→中40.Z-2暂,跌.尾连WW.W3,5暂.Fe震正根.主,,-2,41,33,持被,,多长,0.7,3.4,6.6,10,
10,-19,11,0.73
2021/5/6,9.38,9.6,9.6,9.15,-1.57,0.73,金E1上.被,上,c丙↘下41.Z-3暂,跌.尾连WW.W4,5暂.Fe震正根.破,,-3,42,34,持被,,多长,0.2,2.6,7.4,10,
10,-214,12,4.26
2021/5/7,9.6,9.39,9.78,9.39,2.35,4.26,金E1上.被,上,c丙↘下42.Z-4,(跌)人.连后吞WO,8姖.Fe震正根.破,,-4,43,35,持被,,多长,2.2,2.3,5.7,8,
9,55,11,1.77
2021/5/10,9.25,9.77,9.77,8.8,-3.65,1.77,金e5中.警,中,z丁↘忑-1.Z-5,(人)人.吞吞* OV,8姖.__Aa龙猪._破,,-5,-1,36,卖浮,,多长,2.9,1.5,5.6,,
,-206,14,1.3
2021/5/11,9.29,9.01,9.37,9,0.43,1.3,金e5中.警,中,z丁↘忑-2.Z-6,(人)人.吞吞* OV,8姖.__Aa龙猪._破,,-6,-2,37,卖浮,,多长,-0.7,0.9,3.7,,
,33,11,1.83
2021/5/12,9.37,9.04,9.46,9.04,0.86,1.83,金e5中.警,中,z丁↘忑-3.Z-7,升.尾连oQ.Q2,7姗.__Bb龙管杂._破,,-7,-3,38,卖浮,,多长,0.6,0.6,4,,
,47,11,1.17
2021/5/13,9.11,9.34,9.48,9.11,-2.77,1.17,金e5中.警,中,z丁↘忑-4.Z-8,升.尾反孕Qv,7姗.__Fa震正〇._初,,-8,-4,39,卖浮,,多长,1.6,-0.1,4.8,,
,-236,11,1.32
2021/5/14,9.01,9.12,9.23,9,-1.1,1.32,金e5中.警,中,z丁↘忑-5.Z-9,跌.尾连vW.W2,7姗.__Fa震正〇._初,,-9,-5,40,卖浮,,多长,-0.2,-0.8,5.7,,
,-83,11,0.44
2021/5/17,8.9,9.05,9.05,8.54,-1.22,0.44,金e6下.警,下,z丁↘忑-6.Z-10,跌.尾连WW.W3,7姗.__Bb龙管杂._初,,-10,-6,41,卖浮,,多被,-1.1,-1.5,3.6,,
,-275,11,0.56
2021/5/18,8.58,8.9,8.95,8.58,-3.6,0.56,金v9下.警,下,z丁↘忑-7.Z-11,跌.尾连WW.W4,9妩.__Aa龙猪._初,,-11,-7,-1,NA,,空看,-0.6,-2.7,5.3,,
,-640,11,1.86
2021/5/19,8.45,8.45,8.74,8.25,-1.52,1.86,金v9下.警,下,z丁↘忑-8.Z-12,跌.尾连WW.W5,9妩.__Aa龙猪._初,,-12,-8,-2,NA,,空看,-1.2,-3.8,7.2,,
,-81,15,6.75
2021/5/20,8.8,8.57,9.02,8.39,4.14,6.75,金v9下.警,下,z丁↘忑-9.Z-13,(跌)人.连后吞WO,8姖.__Aa龙猪._初,,-13,-9,-3,NA,,空看,2.5,-3.9,4.9,,
,61,12,0.34
2021/5/21,8.67,8.83,8.83,8.49,-1.48,0.34,嘘v9下.警,下,z丁↘忑-10.Z-14,(跌)人.连后吞WOv,8姖.__Aa龙猪._初,,-14,-10,-4,NA,,空看,0.8,-4,3.3,,
,-433,10,2.31
2021/5/24,8.75,8.66,8.87,8.53,0.92,2.31,嘘v9下.警,下,z丁↘忑-11.Z-15,(人)人.孕孕vo,8姖.__Fa震正〇._主,,-15,-11,-5,NA,,空看,1.4,-3.8,3.1,,
,40,9,1.6
2021/5/25,8.78,8.89,8.89,8.56,0.34,1.6,嘘v9下.警,下,y戊↘忠-12.I,升.尾连oQ.Q2,4蛀.__Fe震正根._主,,1,-12,-6,NA,,空看,1.5,-3.5,3,,
,21,9,1.37
2021/5/26,8.7,8.73,8.9,8.65,-0.91,1.37,嘘v9下.警,下,y戊↘忑-13.Y暂,(升)人.连后吞QV,5暂.__Fa震正〇._主,,-1,-13,-7,NA,,空看,1.8,-3.3,3.2,,
,-67,8,2.18
2021/5/27,8.82,8.84,8.89,8.65,1.38,2.18,嘘v9下.警,下,y戊↘忠-14.I暂,(人)人.吞吞* VO,4暂.__Fe震正根._主,,1,-14,-8,NA,,空看,1.5,-3,1.6,,
,63,5,0.68
2021/5/28,8.78,8.75,8.88,8.71,-0.45,0.68,嘘v9下.警,下,y戊↘忠-15.B2暂,(人)人.吞吞* OV,4暂.__Fe震正根._主,,2,-15,-9,NA,,空看,1.3,-2.7,1.5,,
,-67,4,2.05
2021/5/31,8.91,8.85,8.96,8.65,1.48,2.05,嘘v9下,下,r己↗忐-16.B3暂,(人)人.吞吞* VO,4暂.__Fe震正根.储,,3,-16,-10,NA,,空看,1.8,-2.2,1.8,,
,72,5,5.39
2021/6/1,9.22,8.95,9.39,8.83,3.48,5.39,嘘E4上.盈,上,a甲↗上1.A4,升.尾连OQ.Q2,1柜.Aa龙猪.储,a高,4,1,1,持主,,多长,5.5,-1.2,5.5,4,
4,65,9,2.28
2021/6/2,9.36,9.43,9.43,9.06,1.52,2.28,嘘E4上.盈,上,a甲↗上2.A5,升.尾连QQ.Q3,1柜.Aa龙猪.储,a连3,5,2,2,持主,,多长,4.5,0,4.5,4,
4,67,9,4.49
2021/6/3,9.7,9.33,9.78,9.24,3.63,4.49,嘘E4上.盈,上,a甲↗上3.A6,升.尾连QQ.Q4,0橅.Aa龙猪.初,a连4偏,6,3,3,持主,,多长,6.3,1.5,6.3,7,
7,81,13,1.24
2021/6/4,9.61,9.61,9.82,9.54,-0.93,1.24,金E0上.盈,上,a甲↗上4.A7,升.尾反孕Qv,0橅.Aa龙猪.初,a,7,4,4,持主,,多长,5.2,2.5,5.2,7,
7,-75,14,1.87
2021/6/7,9.41,9.64,9.79,9.38,-2.08,1.87,金E0上,上,a甲↗上5.A8,跌.尾连vW.W2,2栅.Bc龙管栅.初,,8,5,5,持主,,多长,4.4,2.7,4.7,7,
7,-111,11,2.55
2021/6/8,9.56,9.44,9.65,9.3,1.59,2.55,金E0上,上,a甲↗上6.A9,跌.尾反孕Wo,2栅.Bc龙管栅.初,,9,6,6,持主,,多长,2.3,2.9,4.1,7,
7,63,8,4.81
2021/6/9,9.84,9.59,10.02,9.52,2.93,4.81,金E0上.盈,上,a甲↗上7.A10,升.尾连oQ.Q2,2栅.Bc龙管栅.初,a,10,7,7,持主,,多长,5.1,3.6,5.1,8,
8,61,8,3.56
2021/6/10,9.84,9.78,10.19,9.74,0,3.56,金E0上.盈,上,a甲↗上8.A11,升.尾连QQ.Q3,2栅.Bc龙管栅.主,a连3,11,8,8,持主,,多长,5.9,4,5.9,10,
10,0,10,0.91
2021/6/11,9.8,9.75,9.93,9.73,-0.41,0.91,金E0上,上,a甲↗上9.A12,升.尾反孕Qv,0橅.Aa龙猪.主,,12,9,9,持主,,多长,2.6,4.2,5.2,9,
9,-44,10,3.06
2021/6/15,9.97,9.79,10.1,9.71,1.73,3.06,金E0上,上,a甲↗上10.A13,升.尾吞vO,0橅.Aa龙猪.主,,13,10,10,持主,,多长,3.5,4.5,4.4,9,
9,57,10,0.5
2021/6/16,9.61,10.02,10.02,9.61,-3.61,0.5,金E2上,上,b乙→中11.Y,(升)人.吞吞vOV,5蛀.Fe震正根.主,,-1,11,11,持被,,多长,2.8,4.1,4.6,8,
8,-720,7,3.54
2021/6/17,9.56,9.59,9.95,9.4,-0.52,3.54,金E2上,上,b乙→中12.Z-2,跌.尾连VW.W2,5蛀.Fe震正根.主,,-2,12,12,持被,,多长,2.6,3.4,5.1,8,
8,-15,8,3.66
2021/6/18,9.56,9.64,9.91,9.34,0,3.66,金E2上,上,b乙→中13.Z-3,跌.尾反孕Wo,5蛀.Fe震正根.主,,-3,13,13,持被,,多长,2.6,2.8,4.6,7,
8,0,8,0.52
2021/6/21,9.5,9.5,9.61,9.3,-0.63,0.52,金E1上.被,上,c丙↘下14.Z-4,跌.尾吞oV,9妩.Fe震正根.破,,-4,14,14,持被,,多长,0,2.2,5.1,7,
8,-120,9,5.68
2021/6/22,9.7,9.62,10.04,9.49,2.11,5.68,金E0上.盈,上,b乙↗上15.I,(跌)人.吞吞oVO,4蛀.Dd头正芽.再B,雀高,1,15,15,持主,,多长,4.3,2.1,4.3,6,
8,37,8,3.4
2021/6/23,9.76,9.74,10.03,9.59,0.62,3.4,金E0上,上,b乙↗上16.B2,升.尾连OQ.Q2,4蛀.Dd头正芽.再B,,2,16,16,持主,,多长,3.9,2.2,4,6,
7,18,8,1.43
2021/6/24,9.76,9.87,9.9,9.67,0,1.43,金E0上.盈,上,b乙↗上17.B3,升.尾连QQ.Q3,4蛀.Dd头正芽.再B,连3,3,17,17,持主,,多长,2.2,2.3,3.7,6,
7,0,8,0.41
2021/6/25,9.51,9.72,9.8,9.47,-2.56,0.41,金E1上.被,上,c丙↘下18.Y暂,(升)人.连后吞QV,5暂.Fe震正根.破,,-1,18,18,持被,,多长,1.5,1.9,4,5,
6,-625,8,0.32
2021/6/28,9.32,9.37,9.54,9.29,-2,0.32,金e5中.警,中,z丁↘忑-1.Z-2暂,跌.尾连VW.W2,5暂.__Aa龙猪._破,,-2,-1,19,卖浮,,多长,-0.3,1.1,4.9,,
,-633,8,0.86
2021/6/29,9.07,9.38,9.4,9,-2.68,0.86,金e6下.警,下,z丁↘忑-2.Z-3暂,跌.尾连WW.W3,5暂.__Aa龙猪._初,,-3,-2,20,卖浮,,多被,-0.5,-0.1,6.2,,
,-312,11,1.87
2021/6/30,8.83,9.1,9.24,8.78,-2.65,1.87,金v9下.警,下,z丁↘忑-3.Z-4,跌.尾连WW.W4,9妩.__Aa龙猪._初,,-4,-3,-1,NA,,空看,-0.4,-1.4,6.7,,
,-141,13,1.7
2021/7/1,8.79,8.84,8.98,8.75,-0.45,1.7,金v9下.警,下,z丁↘忑-4.Z-5,跌.尾连WW.W5,9妩.__Aa龙猪._初,,-5,-4,-2,NA,,空看,-1.7,-2.5,7.3,,
,-27,12,3.53
2021/7/2,9.06,8.93,9.1,8.68,3.07,3.53,金v9下.警,下,z丁↘忑-5.Z-6,(跌)人.连后吞WO,8姖.__Aa龙猪._初,,-6,-5,-3,NA,,空看,0.2,-2.8,5,,
,87,10,1.21
2021/7/5,9.05,9.05,9.17,8.88,-0.11,1.21,金v9下.警,下,z丁↘忑-6.Z-7,(跌)人.连后吞WOv,8姖.__Aa龙猪._初,,-7,-6,-4,NA,,空看,1.1,-2.7,3.7,,
,-9,8,2.32
2021/7/6,9.22,9.05,9.26,8.93,1.88,2.32,金e6下.警,下,y戊↘忠-7.I,升.尾吞vO,4蛀.__Be龙管根._初,,1,-7,1,卖浮,,多被,1.8,-2.3,1.8,,
,81,7,0.43
2021/7/7,9.17,9.14,9.26,9.08,-0.54,0.43,金e6下.警,下,y戊↘忠-8.B2,升.尾反孕vOv,4蛀.__Fe震正根._主,,2,-8,2,卖浮,,多被,1.5,-1.9,1.5,,
,-125,7,1.31
2021/7/8,9.01,9.29,9.29,8.93,-1.74,1.31,金v9下.警,下,y戊↘忑-9.Y暂,跌.尾连vW.W2,5暂.__Fa震正〇._主,,-1,-9,-1,NA,,空看,2.1,-1.9,2.1,,
,-133,7,1.89
2021/7/9,8.96,9.18,9.18,8.9,-0.55,1.89,嘘v9下.警,下,y戊↘忑-10.Z-2暂,跌.尾连WW.W3,5暂.__Fa震正〇._主,,-2,-10,-2,NA,,空看,1.3,-2.1,2.5,,
,-29,5,1
2021/7/12,8.95,8.88,9.05,8.88,-0.11,1,嘘v9下.警,下,y戊↘忑-11.Z-3暂,跌.尾连WW.W4,5暂.__Fa震正〇._主,,-3,-11,-3,NA,,空看,0.2,-2.2,2.9,,
,-11,5,2.01
2021/7/13,9.05,9.13,9.13,8.76,1.12,2.01,嘘v9下.警,下,y戊↘忑-12.Z-4,(跌)人.连后吞WO,8姖.__Fa震正〇._主,,-4,-12,-4,NA,,空看,1.1,-2.1,2.9,,
,56,6,0.66
2021/7/14,8.96,8.93,9.11,8.93,-0.99,0.66,嘘v9下.警,下,y戊↘忑-13.Z-5,(人)人.吞吞* OV,8姖.__Fa震正〇._主,,-5,-13,-5,NA,,空看,1.1,-2.1,3.1,,
,-150,6,2.57
2021/7/15,9.14,8.94,9.19,8.84,2.01,2.57,嘘e6下.警,下,y戊↘忠-14.I,(人)人.吞吞* VO,4蛀.__Fe震正根._主,,1,-14,1,卖浮,,多被,1.7,-1.7,1.7,,
,78,5,0.88
2021/7/16,8.92,9.22,9.22,8.86,-2.41,0.88,嘘v9下.警,下,y戊↘忑-15.Y暂,(人)人.吞吞* OV,5暂.__Fa震正〇._主,,-1,-15,-1,NA,,空看,2.3,-1.8,2.3,,
,-275,5,1.68
2021/7/19,8.99,8.97,9.07,8.84,0.78,1.68,嘘v9下.警,下,y戊↘忑-16.Z-2暂,(人)人.吞吞* OV,5暂.__Fa震正〇._主,,-2,-16,-2,NA,,空看,0.7,-1.7,2.4,,
,47,5,0.11
2021/7/20,8.9,8.86,9,8.72,-1,0.11,嘘v0忑.警,忑,y戊↘忑-17.Z-3暂,跌.尾吞oV,5暂.__Aa龙猪._主,,-3,-17,-3,NA,,空看,0.2,-1.8,2.7,,
,-900,6,1.46
2021/7/21,8.92,8.88,9.03,8.86,0.22,1.46,嘘v0忑.警,忑,y戊↘忑-18.Z-4,(跌)人.吞吞oVO,8姖.__Aa龙猪._主,,-4,-18,-4,NA,,空看,0.8,-1.9,2.9,,
,15,6,2.58
2021/7/22,8.97,8.96,9.15,8.81,0.56,2.58,嘘v0忑.警,忑,y戊↘忑-19.Z-5,升.尾连OQ.Q2,7姗.__Bb龙管杂._主,,-5,-19,-5,NA,,空看,2.1,-1.7,2.9,,
,22,6,4.68
2021/7/23,9.36,9.01,9.39,8.79,4.35,4.68,金E9忐.盈,忐,a甲↗上1.I,升.尾连QQ.Q3,4蛀.Aa龙猪.储,a连3,1,1,1,持主,,多长,3.8,-0.8,3.8,2,
2,93,8,6.73
2021/7/26,9.94,9.4,9.99,9.18,6.2,6.73,金E4上.盈,上,a甲↗上2.B2,升.尾连QQ.Q4,4蛀.Aa龙猪.初,a连4高,2,2,2,持主,,多长,7.8,1.1,7.8,8,
8,92,15,1.91
2021/7/27,9.69,9.81,10.13,9.61,-2.52,1.91,金E0上.盈,上,a甲↗上3.B3,升.尾反孕Qv,4蛀.Aa龙猪.初,a偏,3,3,3,持主,,多长,7.7,2.2,7.7,10,
10,-132,15,3.61
2021/7/28,9.92,9.66,10.04,9.44,2.37,3.61,金E0上,上,a甲↗上4.A4,升.尾吞vO,0橅.Aa龙猪.初,,4,4,4,持主,,多长,5.1,3.2,6,9,
9,66,15,1.61
2021/7/29,9.94,9.94,10.08,9.87,0.2,1.61,金E0上,上,a甲↗上5.A5,升.尾连OQ.Q2,0橅.Aa龙猪.初,,5,5,5,持主,,多长,4.2,4,4.7,8,
8,12,15,1.71
2021/7/30,10.1,9.69,10.11,9.69,1.61,1.71,金E0上.盈,上,a甲↗上6.A6,升.尾连QQ.Q3,0橅.Fa震正〇.初,连3,6,6,6,持主,,多长,3.2,4.7,3.4,8,
8,94,10,1.68
2021/8/2,10.21,9.98,10.27,9.95,1.09,1.68,金E0上.盈,上,a甲↗上7.A7,升.尾连QQ.Q4,0橅.Aa龙猪.主,a连4,7,7,7,持主,,多长,3.6,5.3,3.6,9,
9,65,9,5.19
2021/8/3,10.69,10.17,10.74,10.14,4.7,5.19,金E0上.盈,上,a甲↗上8.A8,升.尾连QQ.Q5,0橅.Aa龙猪.主,a连5高,8,8,8,持主,,多长,6.2,6.5,6.2,13,
13,91,14,1.5
2021/8/4,10.64,10.58,10.85,10.57,-0.47,1.5,金E0上.盈,上,a甲↗上9.A9,升.尾反孕Qv,0橅.Aa龙猪.主,a,9,9,9,持主,,多长,5.6,7.3,5.6,13,
13,-31,12,1.13
2021/8/5,10.5,10.6,10.76,10.46,-1.32,1.13,金E0上,上,a甲↗上10.A10,跌.尾连vW.W2,2栅.Bc龙管栅.主,,10,10,10,持主,,多长,3.9,7.4,4.7,12,
12,-117,12,2.76
2021/8/6,10.53,10.46,10.79,10.42,0.29,2.76,金E0上,上,a甲↗上11.A11,跌.尾反孕Wo,2栅.Bc龙管栅.主,,11,11,11,持主,,多长,3.6,7.2,4.2,11,
11,10,9,1.04
2021/8/9,10.5,10.64,10.64,10.38,-0.28,1.04,金E0上,上,a甲↗上12.A12,(跌)人.孕孕ov,2栅.Fa震正〇.主,,12,12,12,持主,,多长,1.8,6.9,3.8,11,
11,-27,7,3.9
2021/8/10,10.54,10.43,10.91,10.21,0.38,3.9,金E0上.盈,上,a甲↗上13.A13,(人)人.孕孕vo,2栅.Bc龙管栅.主,a,13,13,13,持主,,多长,4.2,6.6,4.2,10,
10,10,7,0.95
2021/8/11,10.48,10.49,10.64,10.44,-0.57,0.95,金E0上,上,a甲↗上14.A14,(人)人.孕孕vo,0橅.Aa龙猪.主,,14,14,14,持主,,多长,1.5,6.1,4.1,10,
10,-60,7,1.05
2021/8/12,10.31,10.49,10.59,10.29,-1.62,1.05,金E2上,上,b乙→中15.Y,跌.尾连vW.W2,5蛀.Be龙管根.主,,-1,15,15,持被,,多长,1.4,5.3,4.5,10,
10,-155,7,1.26
2021/8/13,10.44,10.31,10.44,10.26,1.26,1.26,金E2上,上,b乙→中16.Z-2,跌.尾反孕Wo,5蛀.Fe震正根.主,,-2,16,16,持被,,多长,0,4.9,4.5,9,
9,100,7,1.44
2021/8/16,10.33,10.59,10.59,10.19,-1.05,1.44,金E2上,上,b乙→中17.Z-3,(跌)人.孕孕ov,5蛀.Fe震正根.主,,-3,17,17,持被,,多长,1.7,4.3,4.8,9,
9,-73,7,2.03
2021/8/17,10.2,10.38,10.54,10.11,-1.26,2.03,金E1上.被,上,c丙↘下18.Z-4,跌.尾连vW.W2,9妩.Fe震正根.破,,-4,18,18,持被,,多长,1.8,3.6,2.7,6,
9,-62,5,0.2
2021/8/18,10.09,10.16,10.22,9.78,-1.08,0.2,金E1上.被,上,c丙↘下19.Z-5,跌.尾连WW.W3,9妩.Fe震正根.破,,-5,19,19,持被,,多长,-0.7,2.7,2.9,5,
8,-550,8,0.99
2021/8/19,9.94,10.11,10.19,9.81,-1.49,0.99,金e5中.警,中,z丁↘忑-1.Z-6,跌.尾连WW.W4,9妩.__Aa龙猪._破,,-6,-1,20,卖浮,,多长,0,1.8,3.9,,
,-150,8,1.21
2021/8/20,9.89,9.89,10.06,9.78,-0.5,1.21,金e5中.警,中,z丁↘忑-2.Z-7,跌.尾连WW.W5,9妩.__Aa龙猪._破,,-7,-2,21,卖浮,,多长,-0.5,1,4.8,,
,-42,8,1.42
2021/8/23,9.81,10.03,10.03,9.73,-0.81,1.42,金e5中.警,中,z丁↘忑-3.Z-8,跌.尾连WW.W6,9妩.__Aa龙猪._破,,-8,-3,22,卖浮,,多长,0.1,0.3,5.2,,
,-57,8,1.83
2021/8/24,9.87,9.85,9.99,9.69,0.61,1.83,金e5中.警,中,z丁↘忑-4.Z-9,跌.尾反孕Wo,9妩.__Aa龙猪._初,,-9,-4,23,卖浮,,多长,0.2,-0.2,2.5,,
,33,5,4.05
2021/8/25,10,9.88,10.27,9.8,1.32,4.05,金e5中.警,中,z丁↘忑-5.Z-10,升.尾连oQ.Q2,7姗.__Bb龙管杂._初,,-10,-5,24,卖浮,,多长,3.1,-0.2,3.1,,
,33,6,2.7
2021/8/26,10.06,10.2,10.27,9.97,0.6,2.7,金E3上.警.盈,上,y戊↘忠-6.I,升.尾连QQ.Q3,4蛀.Ff震负.再D,雀连3,1,1,25,持主,,多长,2.9,0,2.9,2,
6,22,6,1.29
2021/8/27,9.92,10.04,10.19,9.88,-1.39,1.29,金e5中.警,中,y戊↘忑-7.Y暂,(升)人.连后吞QV,5暂.__Fa震正〇._初,,-1,-1,26,卖浮,,多长,2.2,-0.1,3,,
,-108,6,0.6
2021/8/30,9.55,9.92,9.98,9.5,-3.73,0.6,金e6下.警,下,y戊↘忑-8.Z-2暂,跌.尾连VW.W2,5暂.__Aa龙猪._初,,-2,-2,27,卖浮,,多被,1,-0.8,4,,
,-617,8,1.68
2021/8/31,9.5,9.55,9.71,9.46,-0.52,1.68,金e6下.警,下,y戊↘忑-9.Z-3暂,跌.尾连WW.W3,5暂.__Aa龙猪._初,,-3,-3,28,卖浮,,多被,-0.6,-1.6,5.1,,
,-31,9,1.68
2021/9/1,9.38,9.44,9.66,9.31,-1.26,1.68,金v9下.警,下,y戊↘忑-10.Z-4,跌.尾连WW.W4,9妩.__Aa龙猪._初,,-4,-4,-1,NA,,空看,0,-2.4,6.3,,
,-75,10,2.24
2021/9/2,9.5,9.4,9.59,9.2,1.28,2.24,金e6下.警,下,y戊↘忑-11.Z-5,(跌)人.连后吞WO,8姖.__Aa龙猪._初,,-5,-5,1,卖浮,,多被,-0.1,-2.7,6.1,,
,57,11,1.79
2021/9/3,9.5,9.49,9.67,9.44,0,1.79,金e6下.警,下,y戊↘忑-12.Z-6,升.尾连OQ.Q2,7姗.__Bb龙管杂._初,,-6,-6,2,卖浮,,多被,1.1,-2.8,4.3,,
,0,8,3.16
2021/9/6,9.71,9.46,9.8,9.39,2.21,3.16,金e6下.警,下,y戊↘忠-13.I,升.尾连QQ.Q3,4蛀.__Be龙管根._主,,1,-7,3,卖浮,,多被,2.2,-2.4,2.2,,
,70,7,2.57
2021/9/7,9.86,9.64,9.96,9.55,1.54,2.57,金e5中,中,r己↗忐-14.B2,升.尾连QQ.Q4,4蛀.__Fe震正根.储,,2,-8,4,卖浮,,多长,3.2,-1.7,3.2,,
,60,8,1.32
2021/9/8,9.86,9.77,9.99,9.7,0,1.32,金E4上.盈,上,r己↗忐-15.B3,升.尾连QQ.Q5,4蛀.Df头负.储,雀连5,3,1,5,持主,,多长,2.8,-1.1,2.8,1,
4,0,9,1.22
2021/9/9,9.94,9.86,9.98,9.74,0.81,1.22,金E4上.盈,上,a甲↗上1.A4,升.尾连QQ.Q6,0橅.Dd头正芽.储,连6,4,2,6,持主,,多长,2.1,-0.5,2.2,1,
3,67,6,0.8
2021/9/10,9.75,10.01,10.02,9.7,-1.91,0.8,金e5中,中,a甲↗上2.A5,(升)人.连后吞QV,1柜.__Ff震负.储,,5,-1,7,卖浮,,多长,2.4,-0.4,2.4,,
,-237,7,3.49
2021/9/13,9.99,9.77,10.09,9.73,2.46,3.49,金E4上.盈,上,a甲↗上3.A6,(升)人.连后吞QVo,1柜.Aa龙猪.初,a,6,1,8,持主,,多长,2.6,0,2.6,2,
2,71,6,0.2
2021/9/14,9.68,9.76,10.01,9.68,-3.1,0.2,金e5中.被,中,c丙↘下4.Y,跌.尾吞oV,5蛀.__Df头负._再D,,-1,-1,9,卖浮,,多长,2,-0.2,2.9,,
,-1550,4,2.17
2021/9/15,9.76,9.79,9.89,9.48,0.83,2.17,金e5中.被,中,c丙↘下5.Z-2,(跌)人.吞吞oVO,5蛀.__Df头负._再D,,-2,-2,10,卖浮,,多长,1,-0.3,3,,
,38,6,2.87
2021/9/16,9.62,9.76,10.04,9.6,-1.43,2.87,金e6下.警,下,z丁↘忑-1.Z-3,(人)人.吞吞* OV,5蛀.__Fa震正〇._再D,,-3,-3,11,卖浮,,多被,3,-0.6,3.5,,
,-50,6,2.29
2021/9/17,9.75,9.62,9.84,9.54,1.35,2.29,金e5中.警,中,z丁↘忑-2.Z-4,(人)人.吞吞* OV,8姖.__Fa震正〇._再D,,-4,-4,12,卖浮,,多长,1,-0.6,3.6,,
,59,6,1.64
2021/9/22,9.77,9.72,9.91,9.44,0.21,1.64,金e5中.警,中,y戊↘忠-3.I,升.尾连oQ.Q2,4蛀.__Be龙管根._再D,,1,-5,13,卖浮,,多长,1.7,-0.6,3,,
,12,6,0.31
2021/9/23,9.69,9.72,9.8,9.57,-0.82,0.31,金e6下.警,下,y戊↘忑-4.Y暂,(升)人.连后吞QV,5暂.__Aa龙猪._再D,,-1,-6,14,卖浮,,多被,0.7,-0.6,3.1,,
,-267,6,0.41
2021/9/24,9.52,9.63,9.73,9.46,-1.75,0.41,金e6下.警,下,y戊↘忑-5.Z-2暂,跌.尾连VW.W2,5暂.__Aa龙猪._主,,-2,-7,15,卖浮,,多被,0.5,-1,3.7,,
,-425,6,0.42
2021/9/27,8.98,9.5,9.56,8.9,-5.67,0.42,金v9下.警,下,y戊↘忑-6.Z-3暂,跌.尾连WW.W3,5暂.__Aa龙猪._主,,-3,-8,-1,NA,,空看,0.5,-2.2,4.1,,
,-1350,11,4.23
2021/9/28,9.29,8.98,9.36,8.98,3.45,4.23,金v9下.警,下,y戊↘忑-7.Z-4,跌.尾反孕Wo,9妩.__Aa龙猪._主,,-4,-9,-2,NA,,空看,-0.7,-2.8,5.1,,
,82,11,0.86
2021/9/29,9.12,9.23,9.37,9.1,-1.83,0.86,金v0忑.警,忑,y戊↘忑-8.Z-5,(跌)人.孕孕ov,9妩.__Aa龙猪._主,,-5,-10,-3,NA,,空看,0.3,-3.3,4.9,,
,-212,10,2.08
2021/9/30,9.2,9.23,9.31,9.06,0.88,2.08,嘘v0忑.警,忑,y戊↘忑-9.Z-6,(人)人.孕孕vo,9妩.__Fa震正〇._主,,-6,-11,-4,NA,,空看,0.2,-3.5,4.7,,
,42,9,2.83
2021/10/8,9.37,9.37,9.46,9.17,1.85,2.83,嘘v1忑.警,忑,y戊↘忠-10.I,升.尾连oQ.Q2,4蛀.__Fe震正根._主,,1,-12,-5,NA,,空看,1.8,-3.2,2.8,,
,65,7,2.13
2021/10/11,9.42,9.57,9.57,9.28,0.53,2.13,嘘v1忑.警,忑,y戊↘忠-11.B2,升.尾连QQ.Q3,4蛀.__Fe震正根._主,,2,-13,-6,NA,,空看,2.6,-2.7,2.6,,
,25,7,1.06
2021/10/12,9.38,9.32,9.52,9.27,-0.42,1.06,嘘v1忑.警,忑,y戊↘忠-12.B3,(升)人.连后吞QV,4蛀.__Fe震正根._主,,3,-14,-7,NA,,空看,1.9,-2.4,2.4,,
,-40,6,2.13
2021/10/13,9.49,9.38,9.58,9.27,1.17,2.13,嘘v2忑,忑,r己↗忐-13.A4,(人)人.吞吞* VO,1柜.__Fe震正根.储,,4,-15,-8,NA,,空看,2.1,-1.9,2.1,,
,55,6,0.53
2021/10/14,9.44,9.43,9.54,9.41,-0.53,0.53,嘘v2忑,忑,r己↗忐-14.A5,(人)人.吞吞* VO,1柜.__Fe震正根.储,,5,-16,-9,NA,,空看,1.5,-1.6,1.9,,
,-100,4,4.13
2021/10/15,9.22,9.45,9.83,9.16,-2.33,4.13,嘘v0忑.警,忑,y戊↘忑-15.Y,跌.尾连vW.W2,5蛀.__Fa震正〇._再B,,-1,-17,-10,NA,,空看,5,-1.7,5,,
,-56,7,2.17
2021/10/18,9.36,9.18,9.42,9.13,1.52,2.17,嘘v0忑.警,忑,y戊↘忑-16.Z-2,跌.尾反孕Wo,5蛀.__Fa震正〇._再B,,-2,-18,-11,NA,,空看,0.7,-1.7,5.1,,
,70,8,0.11
2021/10/19,9.16,9.37,9.37,9.1,-2.14,0.11,嘘v0忑.警,忑,y戊↘忑-17.Z-3,跌.尾吞oV,5蛀.__Fa震正〇._再B,,-3,-19,-12,NA,,空看,0.6,-1.9,5.6,,
,-2000,8,0.33
2021/10/20,8.92,9.19,9.19,8.87,-2.62,0.33,嘘v0忑.警,忑,y戊↘忑-18.Z-4,跌.尾连VW.W2,9妩.__Aa龙猪._再B,,-4,-20,-13,NA,,空看,-0.3,-2.6,6.7,,
,-800,11,1.79
2021/10/21,8.91,8.94,9.08,8.85,-0.11,1.79,嘘v0忑.警,忑,y戊↘忑-19.Z-5,跌.尾连WW.W3,9妩.__Aa龙猪._主,,-5,-21,-14,NA,,空看,-0.5,-3.2,7.7,,
,-6,11,0.56
2021/10/22,8.86,8.96,8.96,8.46,-0.56,0.56,尿v0忑.警,忑,y戊↘忑-20.Z-6,跌.尾连WW.W4,9妩.__Aa龙猪._主,,-6,-22,-15,NA,,空看,-1,-3.6,4.1,,
,-100,11,1.02
2021/10/25,8.88,8.78,8.95,8.71,0.23,1.02,尿v0忑.警,忑,y戊↘忑-21.Z-7,跌.尾反孕Wo,9妩.__Aa龙猪._主,,-7,-23,-16,NA,,空看,-0.5,-3.8,4.2,,
,22,11,0.79
2021/10/26,8.81,8.88,8.95,8.67,-0.79,0.79,尿v0忑.警,忑,y戊↘忑-22.Z-8,(跌)人.孕孕ov,9妩.__Aa龙猪._主,,-8,-24,-17,NA,,空看,0.1,-4,2.8,,
,-100,9,-0.45
2021/10/27,8.55,8.76,8.77,8.33,-2.95,-0.45,尿v0忑.警,忑,y戊↘忑-23.Z-9,跌.尾连vW.W2,9妩.__Aa龙猪._主,,-9,-25,-18,NA,,空看,-0.8,-4.5,2.7,,
,0,9,2.22
2021/10/28,8.65,8.55,8.74,8.45,1.17,2.22,尿v0忑.警,忑,y戊↘忑-24.Z-10,跌.尾反孕Wo,9妩.__Aa龙猪._主,,-10,-26,-19,NA,,空看,-0.4,-4.7,2.1,,
,53,8,0.69
2021/10/29,8.54,8.55,8.71,8.3,-1.27,0.69,尿v0忑.警,忑,y戊↘忑-25.Z-11,跌.尾吞oV,9妩.__Aa龙猪._主,,-11,-27,-20,NA,,空看,0,-5,2.8,,
,-183,8,1.17
2021/11/1,8.34,8.5,8.64,8.31,-2.34,1.17,尿v0忑.警,忑,y戊↘忑-26.Z-12,跌.尾连VW.W2,9妩.__Aa龙猪._主,,-12,-28,-21,NA,,空看,0.3,-5.5,3.9,,
,-200,8,0.84
2021/11/2,8.06,8.31,8.41,7.91,-3.36,0.84,尿v0忑.警,忑,y戊↘忑-27.Z-13,跌.尾连WW.W3,9妩.__Aa龙猪._主,,-13,-29,-22,NA,,空看,-0.7,-6.3,3.6,,
,-400,11,1.74
2021/11/3,8.13,8.13,8.2,7.93,0.87,1.74,尿v0忑.警,忑,y戊↘忑-28.Z-14,跌.尾反孕Wo,9妩.__Aa龙猪._主,,-14,-30,-23,NA,,空看,-1.9,-6.9,4.5,,
,50,10,2.83
2021/11/4,8.32,8.25,8.36,8.13,2.34,2.83,尿v0忑.警,忑,y戊↘忑-29.Z-15,升.尾连oQ.Q2,7姗.__Bb龙管杂._主,,-15,-31,-24,NA,,空看,0.4,-6.7,4.6,,
,83,10,1.56
2021/11/5,8.25,8.31,8.45,8.2,-0.84,1.56,尿v0忑.警,忑,y戊↘忑-30.Z-16,升.尾反孕Qv,7姗.__Fa震正〇._主,,-16,-32,-25,NA,,空看,1.8,-6.4,4,,
,-54,9,4.48
2021/11/8,8.53,8.44,8.62,8.2,3.39,4.48,尿v1忑.警,忑,y戊↘忠-31.I,升.尾吞vO,4蛀.__Fe震正根._主,,1,-33,-26,NA,,空看,3.2,-5.6,3.2,,
,76,9,1.06
2021/11/9,8.6,8.52,8.62,8.29,0.82,1.06,尿v2忑,忑,r己↗忐-32.B2,升.尾连OQ.Q2,4蛀.__Fe震正根.储,,2,-34,-27,NA,,空看,2.4,-4.6,2.4,,
,78,9,3.6
2021/11/10,8.83,8.58,8.91,8.45,2.67,3.6,尿v2忑,忑,r己↗忐-33.B3,升.尾连QQ.Q3,4蛀.__Fe震正根.储,,3,-35,-28,NA,,空看,4.6,-3.3,4.6,,
,74,10,5.55
2021/11/11,9.14,8.83,9.32,8.82,3.51,5.55,尿V5忠.盈,忠,a甲↗上1.A4,升.尾连QQ.Q4,0橅.Aa龙猪.储,a连4高,4,1,-29,NA,,空看,7.3,-1.6,7.3,5,
5,63,14,1.53
2021/11/12,9.06,9.13,9.28,8.95,-0.88,1.53,尿V5忠,忠,a甲↗上2.A5,升.尾反孕Qv,0橅.Aa龙猪.储,,5,2,-30,NA,,空看,5.4,-0.5,5.9,5,
5,-57,14,2.87
2021/11/15,9.27,8.98,9.32,8.93,2.32,2.87,尿V6忐.盈,忐,a甲↗上3.A6,升.尾吞vO,0橅.Aa龙猪.初,a,6,3,-31,NA,,空看,4.3,0.7,4.3,5,
5,81,12,6.58
2021/11/16,9.63,9.29,9.88,9.18,3.88,6.58,尿E9忐.盈,忐,a甲↗上4.A7,升.尾连OQ.Q2,0橅.Aa龙猪.初,a高,7,4,1,持主,,多长,8.4,2.3,8.4,10,
10,59,17,6.23
2021/11/17,10.19,9.63,10.23,9.53,5.82,6.23,尿E9忐.盈,忐,a甲↗上5.A8,升.尾连QQ.Q3,0橅.Aa龙猪.初,a连3高,8,5,2,持主,,多长,8.9,4.5,8.9,13,
13,93,16,2.85
2021/11/18,10.21,10.22,10.48,10.12,0.2,2.85,尿E9忐.盈,忐,a甲↗上6.A9,升.尾连QQ.Q4,0橅.Aa龙猪.初,a连4偏,9,6,3,持主,,多长,8.7,6.2,8.7,15,
15,7,17,0.49
2021/11/19,10.11,10.16,10.26,10,-0.98,0.49,金E9忐,忐,a甲↗上7.A10,(升)人.连后吞QV,1柜.Aa龙猪.初,,10,7,4,持主,,多长,4.7,7,7,14,
14,-200,17,0.99
2021/11/22,9.98,10.17,10.21,9.83,-1.29,0.99,金E9忐,忐,a甲↗上8.A11,跌.尾连VW.W2,2栅.Bc龙管栅.初,,11,8,5,持主,,多长,3.4,7.1,6.1,13,
13,-130,14,1.1
2021/11/23,9.87,10.09,10.09,9.72,-1.1,1.1,金E9忐,忐,a甲↗上9.A12,跌.尾连WW.W3,3桮.Fa震正〇.主,,12,9,6,持主,,多长,2,6.7,6,13,
13,-100,10,3.75
2021/11/24,10.16,9.93,10.24,9.8,2.94,3.75,金E0上,上,a甲↗上10.A13,(跌)人.连后吞WO,3桮.Fa震正〇.主,,13,10,7,持主,,多长,2.9,6.7,5.3,12,
12,78,8,0.1
2021/11/25,9.98,10.17,10.17,9.87,-1.77,0.1,金E0上,上,a甲↗上11.A14,(跌)人.连后吞WOv,3桮.Fa震正〇.主,,14,11,8,持主,,多长,2,6.3,2.9,9,
11,-1800,6,1.7
2021/11/26,10.05,10.03,10.15,9.87,0.7,1.7,金E0上,上,a甲↗上12.A15,(人)人.孕孕vo,2栅.Fa震正〇.主,,15,12,9,持主,,多长,1.6,6,2.5,8,
11,41,5,1.09
2021/11/29,10.11,10.05,10.16,9.78,0.6,1.09,金E0上,上,a甲↗上13.A16,升.尾连oQ.Q2,0橅.Fa震正〇.主,,16,13,10,持主,,多长,1.3,5.7,2.1,8,
10,55,5,2.27
2021/11/30,10.34,10.19,10.34,10.02,2.27,2.27,金E0上.盈,上,a甲↗上14.A17,升.尾连QQ.Q3,0橅.Fa震正〇.主,雀连3,17,14,11,持主,,多长,2.4,5.9,2.4,8,
9,100,6,5.03
2021/12/1,10.53,10.43,10.86,10.3,1.84,5.03,金E0上.盈,上,a甲↗上15.A18,升.尾连QQ.Q4,0橅.Aa龙猪.主,a连4高,18,15,12,持主,,多长,6.3,6.4,6.3,13,
13,37,11,6.84
2021/12/2,10.98,10.56,11.25,10.54,4.27,6.84,金E0上.盈,上,a甲↗上16.A19,升.尾连QQ.Q5,0橅.Aa龙猪.主,a连5高,19,16,13,持主,,多长,8.1,7.4,8.1,16,
16,63,15,5.46
2021/12/3,10.77,11.58,11.58,10.56,-1.91,5.46,金E0上.盈,上,a甲↗上17.A20,升.尾反孕Qv,0橅.Aa龙猪.主,a高,20,17,14,持主,,多长,9.9,7.8,9.9,18,
18,-35,18,4.83
2021/12/6,10.98,10.87,11.29,10.85,1.95,4.83,金E0上,上,a甲↗上18.A21,(升)人.孕孕vo,0橅.Aa龙猪.主,,21,18,15,持主,,多长,5.9,8.1,8.6,17,
17,40,16,5.74
2021/12/7,11.32,11.28,11.61,11.06,3.1,5.74,金E0上.盈,上,a甲↗上19.A22,升.尾连oQ.Q2,0橅.Aa龙猪.主,a高,22,19,16,持主,,多长,7.2,8.8,7.2,16,
16,54,13,8.75
2021/12/8,11.88,11.14,12.31,11.14,4.95,8.75,金E0上.盈,上,a甲↗上20.A23,升.尾连QQ.Q3,0橅.Aa龙猪.主,a宽连3高,23,20,17,持主,,多长,10.8,10.2,10.8,22,
22,57,17,6.06
2021/12/9,12.29,11.95,12.6,11.74,3.45,6.06,金E0上.盈,上,a甲↗上21.A24,升.尾连QQ.Q4,0橅.Aa龙猪.主,a宽连4高,24,21,18,持主,,多长,10.2,11.7,10.2,23,
23,57,19,0.49
2021/12/10,12,12.29,12.35,11.65,-2.36,0.49,金E0上.盈,上,a甲↗上22.A25,升.尾反孕Qv,0橅.Aa龙猪.主,宽偏,25,22,19,持主,,多长,6.2,12.2,8.4,21,
21,-483,16,4.75
2021/12/13,12.47,11.93,12.57,11.9,3.92,4.75,金E0上.盈,上,a甲↗上23.A26,升.尾吞vO,0橅.Aa龙猪.主,偏,26,23,20,持主,,多长,6,12.9,6.2,19,
19,82,14,6.09
2021/12/14,12.99,12.51,13.23,12.34,4.17,6.09,金E0上.盈,上,a甲↗上24.A27,升.尾连OQ.Q2,0橅.Aa龙猪.主,a宽高,27,24,21,持主,,多长,8.8,13.9,8.8,23,
23,68,19,0.08
2021/12/15,12.78,13,13,12.52,-1.62,0.08,金E0上.盈,上,a甲↗上25.A28,升.尾反孕Qv,0橅.Aa龙猪.主,宽,28,25,22,持主,,多长,5.1,14.2,7,22,
22,-2100,14,0.23
2021/12/16,12.43,12.78,12.81,12.23,-2.74,0.23,金E0上,上,a甲↗上26.A29,跌.尾连vW.W2,2栅.Bc龙管栅.主,,29,26,23,持主,,多长,3.1,13.4,6.5,20,
20,-1167,14,0.48
2021/12/17,12.09,12.42,12.49,11.99,-2.74,0.48,金E2上,上,b乙→中27.Y,跌.尾连WW.W3,5蛀.Fe震正根.主,,-1,27,24,持被,,多长,1,11.9,7,19,
19,-567,11,-0.08
2021/12/20,11.43,12.08,12.08,11.31,-5.46,-0.08,金E1上.被,上,c丙↘下28.Z-2,跌.尾连WW.W4,5蛀.Fe震正根.破,,-2,28,25,持被,,多长,-0.5,9.4,8.9,19,
19,0,17,5.86
2021/12/21,11.9,11.46,12.1,11.4,4.11,5.86,金E1上.被.盈,上,c丙↘下29.Z-3,跌.尾反孕Wo,5蛀.Fe震正根.破,高,-3,29,26,持被,,多长,0.5,8,8,16,
18,70,15,1.51
2021/12/22,11.79,11.83,12.08,11.62,-0.92,1.51,金E1上.被,上,c丙↘下30.Z-4,(跌)人.孕孕ov,9妩.Fe震正根.破,,-4,30,27,持被,,多长,1,6.8,7.1,14,
18,-61,13,1.36
2021/12/23,11.74,11.72,11.95,11.42,-0.42,1.36,金E1上.被,上,c丙↘下31.Z-5,跌.尾连vW.W2,9妩.Fe震正根.破,,-5,31,28,持被,,多长,0.5,5.8,5,11,
17,-31,10,6.22
2021/12/24,12.45,11.86,12.47,11.64,6.05,6.22,金E0上.盈,上,b乙↗上32.I,(跌)人.连后吞WO,4蛀.Dd头正芽.再B,雀高,1,32,29,持主,,多长,3.9,6.1,3.9,10,
16,97,10,6.99
2021/12/27,13.16,12.34,13.32,12.18,5.7,6.99,金E0上.盈,上,b乙↗上33.B2,升.尾连OQ.Q2,4蛀.Aa龙猪.再B,a高,2,33,30,持主,,多长,8.4,7.5,8.4,16,
16,82,17,1.29
2021/12/28,13.25,13.05,13.33,12.92,0.68,1.29,金E0上.盈,上,b乙↗上34.B3,升.尾连QQ.Q3,4蛀.Aa龙猪.再B,a连3偏,3,34,31,持主,,多长,6.1,8.7,6.1,15,
15,53,17,8.38
2021/12/29,14.02,13.72,14.36,12.92,5.81,8.38,金E0上.盈,上,b乙↗上35.A4,升.尾连QQ.Q4,0橅.Aa龙猪.再B,a宽连4高,4,35,32,持主,,多长,10.9,10.5,10.9,22,
22,69,26,0.71
2021/12/30,13.47,14.02,14.12,12.62,-3.92,0.71,金E0上.盈,上,b乙↗上36.A5,(升)人.连后吞QV,1柜.Aa龙猪.主,宽偏,5,36,33,持主,,多长,7.4,11,9.2,21,
21,-550,23,4.9
2021/12/31,14.11,13.17,14.13,13.13,4.75,4.9,金E0上,上,b乙↗上37.A6,(人)人.吞吞* VO,1柜.Aa龙猪.主,,6,37,34,持主,,多长,5.4,11.7,7.1,19,
19,97,18,1.2
2022/1/4,13.82,14.02,14.28,13.72,-2.06,1.2,金E0上,上,b乙↗上38.A7,(人)人.吞吞* VO,1柜.Fa震正〇.主,,7,38,35,持主,,多长,5.3,11.7,5.9,18,
18,-171,14,1.52
2022/1/5,14.03,13.92,14.03,13.05,1.52,1.52,金E0上,上,b乙↗上39.A8,升.尾吞vO,1柜.Fa震正〇.主,,8,39,36,持主,,多长,2.4,11.6,4.9,16,
16,100,14,1.71
2022/1/6,13.84,13.89,14.27,13.28,-1.35,1.71,金E0上,上,b乙↗上40.A9,(升)人.吞吞vOV,1柜.Fa震正〇.主,,9,40,37,持主,,多长,3.7,11,3.8,15,
15,-79,13,2.89
2022/1/7,13.95,13.92,14.24,13.73,0.79,2.89,金E0上,上,b乙↗上41.A10,(人)人.吞吞* VO,1柜.Fa震正〇.主,,10,41,38,持主,,多长,3.1,10.4,3.4,14,
14,27,9,1.65
2022/1/10,13.57,13.82,14.18,13.48,-2.72,1.65,金E2上,上,b乙→中42.Y,(人)人.吞吞* OV,5蛀.Fe震正根.主,,-1,42,39,持被,,多长,3,9.3,3.7,13,
14,-165,9,3.17
2022/1/11,13.53,13.35,14,13.31,-0.29,3.17,金E2上,上,b乙→中43.Z-2,跌.尾连VW.W2,5蛀.Fe震正根.主,,-2,43,40,持被,,多长,2.1,8.2,4.1,12,
13,-9,9,1.03
2022/1/12,13.64,13.4,13.67,13.37,0.81,1.03,金E2上,上,b乙→中44.Z-3,(跌)人.连后吞WO,5蛀.Fe震正根.主,,-3,44,41,持被,,多长,-0.1,7.4,4.3,12,
12,79,7,1.32
2022/1/13,13.59,13.67,13.82,13.1,-0.37,1.32,金E2上,上,b乙→中45.Z-4,(跌)人.连后吞WOv,8姖.Fe震正根.主,,-4,45,42,持被,,多长,1.2,6.6,4.3,11,
11,-28,9,4.49
2022/1/14,13.8,13.89,14.2,13.43,1.55,4.49,金E0上.盈,上,b乙↗上46.I,升.尾吞vO,4蛀.Fd震正芽.主,雀,1,46,43,持主,,多长,3.8,6.3,3.8,10,
10,34,8,1.3
2022/1/17,13.67,13.83,13.98,13.31,-0.94,1.3,金E0上,上,b乙↗上47.B2,(升)人.吞吞vOV,4蛀.Fd震正芽.主,,2,47,44,持主,,多长,2.2,5.8,3.8,9,
10,-72,8,3.37
2022/1/18,13.57,13.75,14.13,13.35,-0.73,3.37,金E2上,上,b乙→中48.Y暂,跌.尾连VW.W2,5暂.Fe震正根.主,,-1,48,45,持被,,多长,3.4,5.2,4,9,
9,-22,8,3.32
2022/1/19,13.47,13.55,14.02,13.42,-0.74,3.32,金E1上.被,上,c丙↘下49.Z-2暂,跌.尾连WW.W3,5暂.Fe震正根.破,,-2,49,46,持被,,多长,3,4.5,4.3,9,
9,-22,8,0.37
2022/1/20,12.92,13.38,13.52,12.87,-4.08,0.37,金E3上.警,上,z丁↘忑-1.Z-3暂,跌.尾连WW.W4,5暂.Ff震负.破,,-3,50,47,持被,,多长,0.5,3.2,5.6,8,
9,-1100,10,0.7
2022/1/21,12.11,12.91,13.01,11.97,-6.27,0.7,金e5中.警,中,z丁↘忑-2.Z-4,跌.尾连WW.W5,9妩.__Aa龙猪._破,,-4,-1,48,卖浮,,多长,-0.8,1,7.7,,
,-900,18,1.32
2022/1/24,12.03,12.11,12.27,11.87,-0.66,1.32,金e5中.警,中,z丁↘忑-3.Z-5,跌.尾连WW.W6,9妩.__Aa龙猪._初,,-5,-2,49,卖浮,,多长,-4.1,-1,10.4,,
,-50,19,1
2022/1/25,11.7,12.05,12.15,11.63,-2.74,1,金e6下.警,下,z丁↘忑-4.Z-6,跌.尾连WW.W7,9妩.__Aa龙猪._初,,-6,-3,50,卖浮,,多被,-2.7,-2.8,12.3,,
,-275,21,1.28
2022/1/26,11.62,11.64,11.85,11.43,-0.68,1.28,金e6下.警,下,z丁↘忑-5.Z-7,跌.尾连WW.W8,9妩.__Aa龙猪._初,,-7,-4,51,卖浮,,多被,-3.1,-4.2,10.6,,
,-53,18,0.86
2022/1/27,11.26,11.63,11.72,11.24,-3.1,0.86,金e6下.警,下,z丁↘忑-6.Z-8,跌.尾连WW.W9,9妩.__Aa龙猪._初,,-8,-5,52,卖浮,,多被,-1.9,-5.6,8.9,,
,-360,16,6.66
2022/1/28,11.73,11.16,12.01,11.11,4.17,6.66,金e6下.警,下,z丁↘忑-7.Z-9,(跌)人.连后吞WO,8姖.__Aa龙猪._初,,-9,-6,53,卖浮,,多被,1.4,-5.9,3.6,,
,63,10,3.32
2022/2/7,11.76,11.95,12.12,11.64,0.26,3.32,金e6下.警,下,z丁↘忑-8.Z-10,升.尾连OQ.Q2,7姗.__Bb龙管杂._初,,-10,-7,54,卖浮,,多被,2.7,-5.8,3,,
,8,9,0.85
2022/2/8,11.28,11.78,11.86,11.21,-4.08,0.85,金e6下.警,下,z丁↘忑-9.Z-11,(升)人.连后吞QV,7姗.__Bb龙管杂._主,,-11,-8,55,卖浮,,多被,1.6,-6.2,3.8,,
,-480,9,2.22
2022/2/9,11.52,11.39,11.53,11,2.13,2.22,金e6下.警,下,z丁↘忑-10.Z-12,(升)人.连后吞QVo,7姗.__Bb龙管杂._主,,-12,-9,56,卖浮,,多被,-0.7,-6.1,4.4,,
,96,10,4.43
2022/2/10,11.88,11.33,12.03,11.33,3.13,4.43,金e6下.警,下,y戊↘忠-11.I,升.尾连oQ.Q2,4蛀.__Be龙管根._主,,1,-10,57,卖浮,,多被,3.2,-5.4,4,,
,71,10,0.76
2022/2/11,11.08,11.87,11.97,11.08,-6.73,0.76,金e6下.警,下,y戊↘忑-12.Y暂,(升)人.连后吞QV,5暂.__Aa龙猪._主,,-1,-11,58,卖浮,,多被,3.7,-5.8,5,,
,-889,10,5.96
2022/2/14,11.62,11.04,11.74,10.84,4.87,5.96,金e6下.警,下,y戊↘忑-13.Z-2暂,(升)人.连后吞QVo,5暂.__Aa龙猪._主,,-2,-12,59,卖浮,,多被,1.8,-5.4,4.3,,
,82,11,0.26
2022/2/15,11.53,11.65,11.65,11.13,-0.77,0.26,金e6下.警,下,y戊↘忑-14.Z-3暂,(人)人.孕孕vo,5暂.__Aa龙猪._主,,-3,-13,60,卖浮,,多被,1,-5.1,4.3,,
,-300,11,0.69
2022/2/16,11.47,11.47,11.61,11.34,-0.52,0.69,金e6下.警,下,y戊↘忑-15.Z-4,跌.尾连vW.W2,9妩.__Aa龙猪._主,,-4,-14,61,卖浮,,多被,0.8,-4.8,4.5,,
,-75,11,0.17
2022/2/17,11.12,11.47,11.49,11.12,-3.05,0.17,金e6下.警,下,y戊↘忑-16.Z-5,跌.尾连WW.W3,9妩.__Fa震正〇._主,,-5,-15,62,卖浮,,多被,0.6,-5.1,4.8,,
,-1750,10,2.61
2022/2/18,11.23,11.12,11.41,10.96,0.99,2.61,金e6下.警,下,y戊↘忑-17.Z-6,跌.尾反孕Wo,9妩.__Fa震正〇._主,,-6,-16,63,卖浮,,多被,0.4,-5.1,3.3,,
,38,8,8.82
2022/2/21,12.08,11.14,12.22,11.11,7.57,8.82,金e5中,中,r己↗忐-18.I,升.尾连oQ.Q2,4蛀.__Fe震正根.储,,1,-17,64,卖浮,,多长,6.2,-3.8,6.2,,
,86,11,6.29
2022/2/22,12.67,12.09,12.84,12,4.88,6.29,金E4上.盈,上,a甲↗上1.B2,升.尾连QQ.Q3,4蛀.Aa龙猪.储,a连3高,2,1,65,持主,,多长,8.8,-1.6,8.8,7,
7,78,17,1.97
2022/2/23,12.89,12.6,12.92,12.52,1.74,1.97,金E4上.盈,上,a甲↗上2.B3,升.尾连QQ.Q4,4蛀.Aa龙猪.初,a连4偏,3,2,66,持主,,多长,6.7,0.5,6.7,7,
7,88,18,3.26
2022/2/24,12.78,12.72,13.31,12.52,-0.85,3.26,金E4上.盈,上,a甲↗上3.A4,升.尾反孕Qv,0橅.Aa龙猪.初,a偏,4,3,67,持主,,多长,8,1.9,8,10,
10,-26,21,1.64
2022/2/25,12.67,12.77,12.99,12.55,-0.86,1.64,金E4上,上,a甲↗上4.A5,跌.尾连vW.W2,2栅.Bc龙管栅.初,,5,4,68,持主,,多长,4.3,2.5,6.9,9,
9,-52,20,4.34
2022/2/28,13.07,12.57,13.22,12.11,3.16,4.34,金E0上,上,a甲↗上5.A6,(跌)人.连后吞WO,2栅.Bc龙管栅.初,,6,5,69,持主,,多长,4.8,3.4,5.5,9,
9,73,11,0.99
2022/3/1,12.81,13,13.2,12.8,-1.99,0.99,金E0上,上,a甲↗上6.A7,(跌)人.连后吞WOv,2栅.Fa震正〇.初,,7,6,70,持主,,多长,4,3.6,4.8,8,
8,-200,10,1.41
2022/3/2,12.96,12.81,12.99,12.5,1.17,1.41,金E0上,上,a甲↗上7.A8,(人)人.孕孕vo,2栅.Fa震正〇.初,,8,7,71,持主,,多长,1.7,3.8,4.2,8,
8,83,10,0.62
2022/3/3,12.97,12.94,13.04,12.75,0.08,0.62,金E0上,上,a甲↗上8.A9,升.尾连oQ.Q2,0橅.Fa震正〇.初,,9,8,72,持主,,多长,1.6,3.9,3,7,
7,12,9,3.39
2022/3/4,13.35,12.82,13.41,12.81,2.93,3.39,金E0上.盈,上,a甲↗上9.A10,升.尾连QQ.Q3,0橅.Aa龙猪.主,a连3,10,9,73,持主,,多长,3.5,4.4,3.5,8,
8,86,11,1.2
2022/3/7,13.1,13.34,13.51,12.95,-1.87,1.2,金E0上.盈,上,a甲↗上10.A11,升.尾反孕Qv,0橅.Aa龙猪.主,a,11,10,74,持主,,多长,3.8,4.4,3.8,8,
8,-156,8,6.79
2022/3/8,12.62,13.05,13.99,12.62,-3.66,6.79,金E2上.盈,上,b乙→中11.Y,跌.尾连vW.W2,5蛀.Be龙管根.主,a高,-1,11,75,持被,,多长,8.1,3.6,8.1,12,
12,-54,12,2.77
2022/3/9,12.71,12.59,12.97,12.05,0.71,2.77,金E2上,上,b乙→中12.Z-2,跌.尾反孕Wo,5蛀.Be龙管根.主,,-2,12,76,持被,,多长,0.7,2.9,8.7,11,
11,26,16,0.87
2022/3/10,12.39,12.77,12.82,12.13,-2.52,0.87,金e5中.被,中,c丙↘下13.Z-3,跌.尾吞oV,5蛀.__Df头负._破,,-3,-1,77,卖浮,,多长,0.5,1.9,9.7,,
,-291,16,1.29
2022/3/11,12.49,12.33,12.55,11.84,0.81,1.29,金e5中.被,中,c丙↘下14.Z-4,跌.尾反孕oVo,9妩.__Df头负._破,,-4,-2,78,卖浮,,多长,-0.9,1.3,10.5,,
,62,18,0.4
2022/3/14,11.35,12.5,12.54,11.23,-9.13,0.4,金e6下.警,下,z丁↘忑-1.Z-5,跌.尾吞oV,9妩.__Aa龙猪._初,,-5,-3,79,卖浮,,多被,1.5,-0.8,13.2,,
,-2280,25,1.94
2022/3/15,10.91,11.52,11.57,10.6,-3.88,1.94,金v9下.警,下,z丁↘忑-2.Z-6,跌.尾连VW.W2,9妩.__Aa龙猪._初,,-6,-4,-1,NA,,空看,-3.3,-3.2,8.4,,
,-200,22,1.19
2022/3/16,10.92,10.93,11.04,10.46,0.09,1.19,金v9下.警,下,z丁↘忑-3.Z-7,跌.尾反孕Wo,9妩.__Aa龙猪._初,,-7,-5,-2,NA,,空看,-5.2,-5,10.1,,
,8,23,10.07
2022/3/17,12.02,11.01,12.02,11.01,10.07,10.07,金e6下.警,下,y戊↘忠-4.I,升.尾连oQ.Q2,4蛀.__Be龙管根._初,,1,-6,1,卖浮,,多被,3.1,-4.6,7.7,,
,100,20,5.07
2022/3/18,12.17,12.62,12.63,11.75,1.25,5.07,金e6下.警,下,y戊↘忠-5.B2,升.尾连QQ.Q3,4蛀.__Be龙管根._初,,2,-7,2,卖浮,,多被,7.3,-3.5,7.3,,
,25,21,0.41
2022/3/21,11.86,12.19,12.22,11.71,-2.55,0.41,金e6下.警,下,y戊↘忠-6.B3,(升)人.连后吞QV,4蛀.__Fe震正根._主,,3,-8,3,卖浮,,多被,3.4,-2.9,6.9,,
,-620,21,5.31
2022/3/22,12.07,11.81,12.49,11.79,1.77,5.31,金e6下.警,下,y戊↘忠-7.A4,(升)人.连后吞QVo,1柜.__Fe震正根._主,,4,-9,4,卖浮,,多被,5.1,-2.3,6.3,,
,33,21,1.08
2022/3/23,11.77,11.85,12.2,11.73,-2.49,1.08,金e6下.警,下,y戊↘忑-8.Y,跌.尾吞oV,5蛀.__Fa震正〇._主,,-1,-10,5,卖浮,,多被,2.7,-2.2,6.4,,
,-231,15,-0.17
2022/3/24,11.57,11.75,11.75,11.45,-1.7,-0.17,金e6下.警,下,y戊↘忑-9.Z-2,跌.尾连VW.W2,5蛀.__Fa震正〇._主,,-2,-11,6,卖浮,,多被,-0.5,-2.5,7,,
,0,10,0.95
2022/3/25,11.47,11.52,11.68,11.4,-0.86,0.95,金e6下.警,下,y戊↘忑-10.Z-3,跌.尾连WW.W3,5蛀.__Fa震正〇._主,,-3,-12,7,卖浮,,多被,-0.3,-2.9,6.6,,
,-91,10,9.94
2022/3/28,11.88,11.63,12.61,11.41,3.57,9.94,金e6下.警,下,y戊↘忠-11.I暂,(跌)人.连后吞WO,4暂.__Fe震正根._主,,1,-13,8,卖浮,,多被,7.5,-2.6,7.5,,
,36,11,1.01
2022/3/29,11.57,11.87,12,11.42,-2.61,1.01,金e6下.警,下,y戊↘忑-12.Y暂,(人)人.吞吞* OV,5暂.__Fa震正〇._主,,-1,-14,9,卖浮,,多被,2.6,-2.6,7.8,,
,-258,11,6.14
2022/3/30,12.18,11.45,12.28,11.43,5.27,6.14,金e5中,中,r己↗忐-13.I暂,(人)人.吞吞* VO,4暂.__Fe震正根.储,,1,-15,10,卖浮,,多长,4.1,-1.8,6.9,,
,86,11,1.4
2022/3/31,12.06,12.1,12.35,11.93,-0.99,1.4,金E4上,上,r己↗忐-14.B2暂,(人)人.吞吞* VO,4暂.Df头负.储,,2,1,11,持主,,多长,4,-1.1,6.2,4,
5,-71,11,7.13
2022/4/1,12.68,12.03,12.92,11.63,5.14,7.13,金E4上.盈,上,a甲↗上1.B3暂,升.尾吞vO,4暂.Aa龙猪.初,a高,3,2,12,持主,,多长,7,0.2,7,7,
7,72,13,4.26
2022/4/6,12.91,12.63,13.22,12.52,1.81,4.26,金E4上.盈,上,a甲↗上2.A4,升.尾连OQ.Q2,0橅.Aa龙猪.初,a偏,4,3,13,持主,,多长,7.4,1.7,7.4,9,
9,43,16,-0.23
2022/4/7,12.15,12.85,12.88,12.15,-5.89,-0.23,金E0上,上,a甲↗上3.A5,(升)人.连后吞QV,1柜.Aa龙猪.初,,5,4,14,持主,,多长,4.5,1.7,7.3,9,
9,0,16,1.89
2022/4/8,11.73,12.15,12.38,11.6,-3.46,1.89,金e6下.被,下,c丙↘下4.Y,跌.尾连VW.W2,5蛀.__Df头负._再D,,-1,-1,15,卖浮,,多被,1.5,0.7,8.4,,
,-183,14,0.85
2022/4/11,11.29,11.83,11.83,11.22,-3.75,0.85,金v9下.警,下,z丁↘忑-1.Z-2,跌.尾连WW.W3,5蛀.__Aa龙猪._初,,-2,-2,-1,NA,,空看,-1.1,-0.8,10.5,,
,-440,18,2.21
2022/4/12,11.54,11.23,11.54,10.83,2.21,2.21,金v9下.警,下,z丁↘忑-2.Z-3,跌.尾反孕Wo,5蛀.__Aa龙猪._初,,-3,-3,-2,NA,,空看,-2.4,-1.7,11.9,,
,100,22,-0.17
2022/4/13,11.07,11.38,11.52,10.98,-4.07,-0.17,金v0忑.警,忑,z丁↘忑-3.Z-4,跌.尾吞oV,9妩.__Aa龙猪._初,,-4,-4,-3,NA,,空看,-0.9,-2.9,10.8,,
,0,19,2.53
2022/4/14,11.28,11.09,11.35,11,1.9,2.53,金v0忑.警,忑,z丁↘忑-4.Z-5,跌.尾反孕oVo,9妩.__Aa龙猪._再D,,-5,-5,-4,NA,,空看,-1.3,-3.5,7.7,,
,75,14,0
2022/4/15,11.05,11.26,11.28,11.04,-2.04,0,嘘v0忑.警,忑,z丁↘忑-5.Z-6,跌.尾吞oV,9妩.__Fa震正〇._主,,-6,-6,-5,NA,,空看,-0.8,-4,4,,
,0,9,3.62
2022/4/18,11.43,11.03,11.45,10.74,3.44,3.62,嘘v0忑.警,忑,z丁↘忑-6.Z-7,(跌)人.吞吞oVO,8姖.__Aa龙猪._主,,-7,-7,-6,NA,,空看,0.8,-3.9,1.6,,
,95,7,0.61
2022/4/19,11.22,11.24,11.5,11.14,-1.84,0.61,嘘v0忑.警,忑,z丁↘忑-7.Z-8,(跌)人.吞吞oVOv,8姖.__Aa龙猪._主,,-8,-8,-7,NA,,空看,1.6,-3.8,1.7,,
,-300,7,1.16
2022/4/20,11.27,11.05,11.35,11.03,0.45,1.16,嘘v0忑.警,忑,z丁↘忑-8.Z-9,升.尾吞vO,6娝.__Bc龙管栅._主,,-9,-9,-8,NA,,空看,0.4,-3.7,1.7,,
,38,7,0
2022/4/21,10.93,11.07,11.27,10.81,-3.02,0,嘘v0忑.警,忑,z丁↘忑-9.Z-10,(升)人.吞吞vOV,6娝.__Fa震正〇._主,,-10,-10,-9,NA,,空看,0.5,-4,2.5,,
,0,7,5.49
2022/4/22,11.36,10.84,11.53,10.47,3.93,5.49,嘘v1忑.警,忑,y戊↘忠-10.I,(人)人.吞吞* VO,4蛀.__Be龙管根._主,,1,-11,-10,NA,,空看,2.7,-3.6,2.7,,
,72,10,-0.26
2022/4/25,10.28,11.33,11.33,10.23,-9.51,-0.26,嘘v0忑.警,忑,y戊↘忑-11.Y暂,(人)人.吞吞* OV,5暂.__Aa龙猪._主,,-1,-12,-11,NA,,空看,2.8,-4.8,4.6,,
,0,13,0.88
2022/4/26,9.83,10.2,10.37,9.52,-4.38,0.88,嘘v0忑.警,忑,y戊↘忑-12.Z-2暂,跌.尾连VW.W2,5暂.__Aa龙猪._主,,-2,-13,-12,NA,,空看,-3.2,-6.6,7.7,,
,-500,21,4.58
2022/4/27,10.04,9.46,10.28,9.21,2.14,4.58,嘘v0忑.警,忑,y戊↘忑-13.Z-3暂,跌.尾反孕Wo,5暂.__Aa龙猪._主,,-3,-14,-13,NA,,空看,-2,-7.6,9.9,,
,47,25,-1.1
2022/4/28,9.3,9.93,9.93,9.07,-7.37,-1.1,嘘v0忑.警,忑,y戊↘忑-14.Z-4,跌.尾吞oV,9妩.__Aa龙猪._主,,-4,-15,-14,NA,,空看,-2.4,-9.3,13.3,,
,0,27,6.88
2022/4/29,9.62,9.38,9.94,9.38,3.44,6.88,尿v0忑.警,忑,y戊↘忑-15.Z-5,跌.尾反孕oVo,9妩.__Aa龙猪._主,,-5,-16,-15,NA,,空看,-0.5,-10.1,13.5,,
,50,25,1.87
2022/5/5,9.43,9.61,9.8,9.31,-1.98,1.87,尿v0忑.警,忑,y戊↘忑-16.Z-6,(跌)人.孕孕ov,9妩.__Aa龙猪._主,,-6,-17,-16,NA,,空看,-0.2,-10.6,5.6,,
,-106,14,-0.64
2022/5/6,9.24,9.34,9.37,9.03,-2.01,-0.64,尿v0忑.警,忑,y戊↘忑-17.Z-7,跌.尾连vW.W2,9妩.__Aa龙猪._主,,-7,-18,-17,NA,,空看,-2.9,-11.1,6.5,,
,0,14,1.95
2022/5/9,9.19,9.07,9.42,9.07,-0.54,1.95,尿v0忑.警,忑,y戊↘忑-18.Z-8,跌.尾连WW.W3,9妩.__Aa龙猪._主,,-8,-19,-18,NA,,空看,-1,-11.4,4.5,,
,-28,10,1.96
2022/5/10,9.25,9.04,9.37,8.95,0.65,1.96,尿v0忑.警,忑,y戊↘忑-19.Z-9,(跌)人.连后吞WO,8姖.__Aa龙猪._主,,-9,-20,-19,NA,,空看,-0.6,-11.3,5.5,,
,33,11,5.08
2022/5/11,9.26,9.29,9.72,9.26,0.11,5.08,尿v0忑.警,忑,y戊↘忑-20.Z-10,升.尾连OQ.Q2,7姗.__Bb龙管杂._主,,-10,-21,-20,NA,,空看,3.8,-11,4.6,,
,2,9,1.3
2022/5/12,9.29,9.28,9.38,9.05,0.32,1.3,尿v0忑.警,忑,y戊↘忑-21.Z-11,升.尾连QQ.Q3,6娝.__Bc龙管栅._主,,-11,-22,-21,NA,,空看,0.4,-10.5,4.1,,
,25,9,2.15
2022/5/13,9.34,9.3,9.49,9.2,0.54,2.15,尿v0忑.警,忑,y戊↘忑-22.Z-12,升.尾连QQ.Q4,6娝.__Fa震正〇._主,,-12,-23,-22,NA,,空看,1.7,-9.9,4.2,,
,25,9,6.21
2022/5/16,9.62,9.34,9.92,9.32,3,6.21,尿v1忑.警,忑,y戊↘忠-23.I,升.尾连QQ.Q5,4蛀.__Fe震正根._主,,1,-24,-23,NA,,空看,5.6,-8.7,5.6,,
,48,11,1.14
2022/5/17,9.63,9.62,9.73,9.43,0.1,1.14,尿v1忑.警,忑,y戊↘忠-24.B2,升.尾连QQ.Q6,4蛀.__Fe震正根._主,,2,-25,-24,NA,,空看,2.8,-7.6,4.9,,
,9,10,4.57
2022/5/18,9.92,9.69,10.07,9.55,3.01,4.57,尿v2忑,忑,r己↗忐-25.B3,升.尾连QQ.Q7,4蛀.__Fe震正根.储,,3,-26,-25,NA,,空看,5.1,-6.2,5.1,,
,66,11,1.01
2022/5/19,9.79,9.74,10.02,9.68,-1.31,1.01,尿v2忑,忑,r己↗忐-26.A4,升.尾反孕Qv,0橅.__Fe震正根.储,,4,-27,-26,NA,,空看,3.8,-5.2,4.3,,
,-130,9,1.12
2022/5/20,9.75,9.8,9.9,9.71,-0.41,1.12,尿v2忑,忑,r己↗忐-27.A5,跌.尾连vW.W2,2栅.__Fe震正根.储,,5,-28,-27,NA,,空看,2.2,-4.5,3.9,,
,-36,8,0.1
2022/5/23,9.57,9.75,9.76,9.46,-1.85,0.1,尿v0忑.警,忑,y戊↘忑-28.Y,跌.尾连WW.W3,5蛀.__Fa震正〇._再B,,-1,-29,-28,NA,,空看,0.9,-4.3,4.1,,
,-1800,7,0.94
2022/5/24,8.97,9.59,9.66,8.87,-6.27,0.94,尿v0忑.警,忑,y戊↘忑-29.Z-2,跌.尾连WW.W4,5蛀.__Aa龙猪._再B,,-2,-30,-29,NA,,空看,1.6,-5.3,5.9,,
,-667,14,1.67
2022/5/25,9.11,8.95,9.12,8.58,1.56,1.67,尿v0忑.警,忑,y戊↘忑-30.Z-3,跌.尾反孕Wo,5蛀.__Aa龙猪._再B,,-3,-31,-30,NA,,空看,-2.8,-5.9,6.8,,
,93,17,0.22
2022/5/26,9.07,9.13,9.13,8.63,-0.44,0.22,尿v0忑.警,忑,y戊↘忑-31.Z-4,(跌)人.孕孕ov,9妩.__Aa龙猪._再B,,-4,-32,-31,NA,,空看,-1.7,-6.3,6.6,,
,-200,15,0.66
2022/5/27,9.01,9.1,9.13,8.96,-0.66,0.66,尿v0忑.警,忑,y戊↘忑-32.Z-5,跌.尾连vW.W2,9妩.__Aa龙猪._主,,-5,-33,-32,NA,,空看,-0.8,-6.5,6,,
,-100,14,3.44
2022/5/30,9.23,9.05,9.32,8.89,2.44,3.44,尿v0忑.警,忑,y戊↘忑-33.Z-6,(跌)人.连后吞WO,8姖.__Fa震正〇._主,,-6,-34,-33,NA,,空看,1.4,-6.2,5.1,,
,71,13,2.71
2022/5/31,9.41,9.23,9.48,9.18,1.95,2.71,尿v1忑.警,忑,y戊↘忠-34.I,升.尾连OQ.Q2,4蛀.__Fe震正根._主,,1,-35,-34,NA,,空看,2.6,-5.4,2.6,,
,72,10,1.38
2022/6/1,9.32,9.43,9.54,9.27,-0.96,1.38,尿v1忑.警,忑,y戊↘忠-35.B2,升.尾反孕Qv,4蛀.__Fe震正根._主,,2,-36,-35,NA,,空看,3,-4.7,3,,
,-69,11,1.07
2022/6/2,9.35,9.34,9.42,9.2,0.32,1.07,尿v1忑.警,忑,y戊↘忠-36.B3,(升)人.孕孕vo,4蛀.__Fe震正根._主,,3,-37,-36,NA,,空看,1.4,-4.2,2.7,,
,30,7,10.05
2022/6/6,9.84,10.29,10.29,9.63,5.24,10.05,尿v3忑,忑,a甲↗上1.A4,升.尾连oQ.Q2,0橅.__Ff震负.储,,4,-38,-37,NA,,空看,9.2,-2.9,9.2,,
,52,16,-0.1
2022/6/7,9.63,9.76,9.83,9.37,-2.13,-0.1,尿v3忑,忑,a甲↗上2.A5,(升)人.连后吞QV,1柜.__Ff震负.储,,5,-39,-38,NA,,空看,3.5,-2.1,8.4,,
,0,12,0
2022/6/8,9.43,9.51,9.63,9.27,-2.08,0,尿v3忑,忑,a甲↗上3.A6,跌.尾连VW.W2,2栅.__Ff震负.储,,6,-40,-39,NA,,空看,1.4,-1.9,8.4,,
,0,12,0.32
2022/6/9,9.05,9.44,9.46,9.05,-4.03,0.32,尿v0忑.警,忑,z丁↘忑-1.Y,跌.尾连WW.W3,5蛀.__Fa震正〇._再C,,-1,-41,-40,NA,,空看,0.7,-2.6,9.5,,
,-1267,14,1.88
2022/6/10,9.12,8.96,9.22,8.9,0.77,1.88,尿v0忑.警,忑,z丁↘忑-2.Z-2,跌.尾反孕Wo,5蛀.__Fa震正〇._再C,,-2,-42,-41,NA,,空看,-1,-3,10.5,,
,41,16,4.71
2022/6/13,9.3,9.16,9.55,9.06,1.97,4.71,尿v0忑.警,忑,z丁↘忑-3.Z-3,升.尾连oQ.Q2,5蛀.__Fa震正〇._再C,,-3,-43,-42,NA,,空看,2.8,-3,5.8,,
,42,10,1.4
2022/6/14,9.3,9.3,9.43,9.17,0,1.4,尿v0忑.警,忑,z丁↘忑-4.Z-4,升.尾连QQ.Q3,6娝.__Fa震正〇._再C,,-4,-44,-43,NA,,空看,1.5,-2.8,3.7,,
,0,8,2.58
2022/6/15,9.39,9.3,9.54,9.22,0.97,2.58,尿v2忑,忑,r己↗忐-5.I,升.尾连QQ.Q4,4蛀.__Fe震正根.储,,1,-45,-44,NA,,空看,2.5,-2.4,2.6,,
,38,7,1.28
2022/6/16,9.4,9.43,9.51,9.34,0.11,1.28,尿v2忑,忑,r己↗忐-6.B2,升.尾连QQ.Q5,4蛀.__Fe震正根.储,,2,-46,-45,NA,,空看,1.9,-2,2.3,,
,8,7,-0.64
2022/6/17,9.2,9.3,9.34,9.07,-2.13,-0.64,尿v0忑.警,忑,y戊↘忑-7.Y暂,(升)人.连后吞QV,5暂.__Fa震正〇._再B,,-1,-47,-46,NA,,空看,0.3,-2.1,2.6,,
,0,5,5.76
2022/6/20,9.56,9.24,9.73,9.16,3.91,5.76,尿v3忑,忑,a甲↗上1.I暂,(人)人.吞吞* VO,4暂.__Ff震负.储,,1,-48,-47,NA,,空看,3.9,-1.5,3.9,,
,68,7,2.93
2022/6/21,9.59,9.54,9.84,9.49,0.31,2.93,尿V5忠.盈,忠,a甲↗上2.B2暂,升.尾连OQ.Q2,4暂.Aa龙猪.储,a,2,1,-48,NA,,空看,4.4,-0.9,4.4,3,
3,11,8,1.25
2022/6/22,9.31,9.71,9.71,9.26,-2.92,1.25,尿v3忑,忑,b乙→中3.Y暂,(升)人.连后吞QV,5暂.__Ff震负._再C,,-1,-1,-49,NA,,空看,3.2,-0.9,4.5,,
,-233,8,0.86
2022/6/23,9.35,9.31,9.39,9.16,0.43,0.86,尿v3忑.被,忑,c丙↘下4.Z-2暂,(升)人.连后吞QVo,5暂.__Df头负._再C,,-2,-2,-50,NA,,空看,-0.1,-1,4.7,,
,50,8,2.89
2022/6/24,9.56,9.41,9.62,9.31,2.25,2.89,尿V5忠,忠,b乙↗上5.I暂,升.尾连oQ.Q2,4暂.Dd头正芽.储,,1,1,-51,NA,,空看,2,-0.7,4.4,3,
3,78,7,1.36
2022/6/27,9.58,9.47,9.69,9.47,0.21,1.36,尿V5忠.盈,忠,b乙↗上6.B2暂,升.尾连QQ.Q3,4暂.Dd头正芽.储,连3,2,2,-52,NA,,空看,2.3,-0.3,3.9,3,
3,15,7,1.98
2022/6/28,9.65,9.54,9.77,9.4,0.73,1.98,尿V5忠.盈,忠,b乙↗上7.B3暂,升.尾连QQ.Q4,4暂.Dd头正芽.初,雀连4,3,3,-53,NA,,空看,2.6,0.2,2.6,2,
3,37,7,1.87
2022/6/29,9.43,9.64,9.83,9.38,-2.28,1.87,尿v3忑,忑,b乙→中8.Y暂,(升)人.连后吞QV,5暂.__Ff震负._再D,,-1,-1,-54,NA,,空看,3.4,0.1,3.4,,
,-122,7,1.38
2022/6/30,9.44,9.39,9.56,9.34,0.11,1.38,尿v3忑.被,忑,c丙↘下9.Z-2暂,(升)人.连后吞QVo,5暂.__Df头负._再D,,-2,-2,-55,NA,,空看,0.7,-0.1,3.6,,
,8,6,1.91
2022/7/1,9.52,9.5,9.62,9.39,0.85,1.91,尿v3忑,忑,b乙↗上10.I暂,升.尾连oQ.Q2,4暂.__Ff震负.储,,1,-3,-56,NA,,空看,1.3,-0.1,3.5,,
,44,5,0.53
2022/7/4,9.44,9.52,9.57,9.34,-0.84,0.53,尿v3忑.被,忑,c丙↘下11.Y暂,(升)人.连后吞QV,5暂.__Df头负._再D,,-1,-4,-57,NA,,空看,0.9,-0.1,3.7,,
,-160,5,0.42
2022/7/5,9.17,9.43,9.48,9.06,-2.86,0.42,尿v0忑.警,忑,z丁↘忑-1.Z-2暂,跌.尾连VW.W2,5暂.__Aa龙猪._再D,,-2,-5,-58,NA,,空看,0.7,-0.7,4.5,,
,-675,8,1.09
2022/7/6,8.95,9.1,9.27,8.85,-2.4,1.09,尿v0忑.警,忑,z丁↘忑-2.Z-3暂,跌.尾连WW.W3,5暂.__Aa龙猪._再D,,-3,-6,-59,NA,,空长,-0.2,-1.7,3.5,,
,-220,9,0.45
2022/7/7,8.65,8.95,8.99,8.57,-3.35,0.45,尿v0忑.警,忑,z丁↘忑-3.Z-4,跌.尾连WW.W4,9妩.__Aa龙猪._再D,,-4,-7,-60,NA,,空长,-1.5,-2.9,5.4,,
,-750,12,0.92
2022/7/8,8.55,8.56,8.73,8.45,-1.16,0.92,尿v0忑.警,忑,z丁↘忑-4.Z-5,跌.尾连WW.W5,9妩.__Aa龙猪._再D,,-5,-8,-61,NA,,空长,-2.6,-4.1,6.8,,
,-125,13,0.82
2022/7/11,8.35,8.62,8.62,8.25,-2.34,0.82,尿v0忑.警,忑,z丁↘忑-5.Z-6,跌.尾连WW.W6,9妩.__Aa龙猪._主,,-6,-9,-62,NA,,空长,-1.9,-5.3,7.9,,
,-286,15,0.48
2022/7/12,8.15,8.37,8.39,8.13,-2.4,0.48,尿v0忑.警,忑,z丁↘忑-6.Z-7,跌.尾连WW.W7,9妩.__Aa龙猪._主,,-7,-10,-63,NA,,空长,-2.5,-6.4,7.7,,
,-500,14,1.96
2022/7/13,8.29,8.23,8.31,8.12,1.72,1.96,尿v0忑.警,忑,z丁↘忑-7.Z-8,跌.尾反孕Wo,9妩.__Aa龙猪._主,,-8,-11,-64,NA,,空长,-2.2,-7,5.8,,
,87,11,0.24
2022/7/14,8.14,8.31,8.31,8.1,-1.81,0.24,尿v0忑.警,忑,z丁↘忑-8.Z-9,跌.尾吞oV,9妩.__Aa龙猪._主,,-9,-12,-65,NA,,空长,-1,-7.4,4,,
,-750,8,0.25
2022/7/15,8.02,8.13,8.16,7.97,-1.47,0.25,屎v0忑.警,忑,z丁↘忑-9.Z-10,跌.尾连VW.W2,9妩.__Aa龙猪._主,,-10,-13,-66,NA,,空长,-1.5,-7.8,4,,
,-600,8,2.74
2022/7/18,8.23,8.05,8.24,8.02,2.62,2.74,屎v0忑.警,忑,z丁↘忑-10.Z-11,(跌)人.连后吞WO,8姖.__Aa龙猪._主,,-11,-14,-67,NA,,空长,-0.1,-7.6,1.7,,
,95,5,0.73
2022/7/19,8.21,8.25,8.29,8.15,-0.24,0.73,屎v0忑.警,忑,z丁↘忑-11.Z-12,(跌)人.连后吞WOv,8姖.__Aa龙猪._主,,-12,-15,-68,NA,,空长,0.7,-7.2,0.9,,
,-33,4,2.92
2022/7/20,8.4,8.25,8.45,8.19,2.31,2.92,屎v1忑.警,忑,y戊↘忠-12.I,升.尾吞vO,4蛀.__Fe震正根._主,,1,-16,-69,NA,,空长,2.2,-6.4,2.2,,
,79,6,3.93
2022/7/21,8.47,8.42,8.73,8.37,0.83,3.93,屎v1忑.警,忑,y戊↘忠-13.B2,升.尾连OQ.Q2,4蛀.__Fe震正根._主,,2,-17,-70,NA,,空长,4.9,-5.5,4.9,,
,21,10,0
2022/7/22,8.3,8.43,8.47,8.17,-2.01,0,屎v1忑.警,忑,y戊↘忠-14.B3,(升)人.连后吞QV,4蛀.__Fe震正根._主,,3,-18,-71,NA,,空长,1.7,-5.1,4.9,,
,0,9,1.08
2022/7/25,8.18,8.29,8.39,8.14,-1.45,1.08,屎v0忑.警,忑,y戊↘忑-15.Y暂,跌.尾连VW.W2,5暂.__Fa震正〇._主,,-1,-19,-72,NA,,空长,1.1,-5,5.2,,
,-133,7,1.1
2022/7/26,8.25,8.2,8.27,8.11,0.86,1.1,屎v0忑.警,忑,y戊↘忑-16.Z-2暂,跌.尾反孕Wo,5暂.__Fa震正〇._主,,-2,-20,-73,NA,,空长,-0.1,-4.8,5.5,,
,78,8,0.36
2022/7/27,8.11,8.21,8.28,8.08,-1.7,0.36,屎v0忑.警,忑,y戊↘忑-17.Z-3暂,跌.尾吞oV,5暂.__Fa震正〇._主,,-3,-21,-74,NA,,空长,0.5,-4.8,6,,
,-467,8,1.11
2022/7/28,8.1,8.17,8.2,7.96,-0.12,1.11,屎v0忑.警,忑,y戊↘忑-18.Z-4,跌.尾连VW.W2,9妩.__Aa龙猪._主,,-4,-22,-75,NA,,空长,0,-4.9,3.3,,
,-11,6,0
2022/7/29,7.92,8.09,8.1,7.85,-2.22,0,屎v0忑.警,忑,y戊↘忑-19.Z-5,跌.尾连WW.W3,9妩.__Aa龙猪._主,,-5,-23,-76,NA,,空长,-0.3,-5.1,3.2,,
,0,7,0.13
2022/8/1,7.88,7.86,7.93,7.85,-0.51,0.13,屎v0忑.警,忑,y戊↘忑-20.Z-6,跌.尾连WW.W4,9妩.__Aa龙猪._主,,-6,-24,-77,NA,,空长,-1.6,-5.4,2.8,,
,-400,5,-0.51
2022/8/2,7.34,7.84,7.84,7.22,-6.85,-0.51,屎v0忑.警,忑,y戊↘忑-21.Z-7,跌.尾连WW.W5,9妩.__Aa龙猪._主,,-7,-25,-78,NA,,空长,-0.5,-6.7,5.1,,
,0,15,3.54
2022/8/3,7.29,7.26,7.6,7.24,-0.68,3.54,屎v0忑.警,忑,y戊↘忑-22.Z-8,跌.尾连WW.W6,9妩.__Aa龙猪._主,,-8,-26,-79,NA,,空长,-1.4,-7.8,6.3,,
,-19,14,2.47
2022/8/4,7.32,7.37,7.47,7.24,0.41,2.47,屎v0忑.警,忑,y戊↘忑-23.Z-9,(跌)人.连后吞WO,8姖.__Aa龙猪._主,,-9,-27,-80,NA,,空长,-1.5,-8.5,6.8,,
,17,12,5.87
2022/8/5,7.75,7.33,7.75,7.33,5.87,5.87,屎v1忑.警,忑,y戊↘忠-24.I,升.尾连OQ.Q2,4蛀.__Fe震正根._主,,1,-28,-81,NA,,空长,2,-7.8,4.4,,
,100,10,2.06
2022/8/8,7.84,7.72,7.91,7.64,1.16,2.06,屎v1忑.警,忑,y戊↘忠-25.B2,升.尾连QQ.Q3,4蛀.__Fe震正根._主,,2,-29,-82,NA,,空长,3.4,-6.8,3.4,,
,56,10,3.32
2022/8/9,7.88,7.9,8.1,7.8,0.51,3.32,屎v2忑,忑,r己↗忐-26.B3,升.尾连QQ.Q4,4蛀.__Fe震正根.储,,3,-30,-83,NA,,空长,5,-5.7,5,,
,15,12,0.25
2022/8/10,7.88,7.85,7.9,7.75,0,0.25,屎v2忑,忑,r己↗忐-27.A4,升.尾连QQ.Q5,0橅.__Fe震正根.储,,4,-31,-84,NA,,空长,1.7,-4.8,4.3,,
,0,12,5.46
2022/8/11,8.2,7.94,8.31,7.87,4.06,5.46,屎v2忑,忑,r己↗忐-28.A5,升.尾连QQ.Q6,0橅.__Fe震正根.储,,5,-32,-85,NA,,空长,5.6,-3.4,5.6,,
,74,13,5.24
2022/8/12,8.45,8.17,8.63,8.14,3.05,5.24,屎V5忠.盈,忠,a甲↗上1.A6,升.尾连QQ.Q7,0橅.Aa龙猪.储,a连7高,6,1,-86,NA,,空长,7.5,-1.7,7.5,5,
5,58,13,1.07
2022/8/15,8.32,8.46,8.54,8.15,-1.54,1.07,屎V5忠,忠,a甲↗上2.A7,升.尾反孕Qv,0橅.Aa龙猪.储,,7,2,-87,NA,,空长,5.1,-0.6,6.2,5,
5,-144,11,1.44
2022/8/16,8.25,8.4,8.44,8.2,-0.84,1.44,屎V5忠,忠,a甲↗上3.A8,跌.尾连vW.W2,2栅.Bc龙管栅.储,,8,3,-88,NA,,空长,3.3,-0.1,5.6,5,
5,-58,11,0.36
2022/8/17,8.18,8.25,8.28,8.13,-0.85,0.36,屎V5忠,忠,a甲↗上4.A9,跌.尾连WW.W3,3桮.Fa震正〇.初,,9,4,-89,NA,,空长,1.1,0,5.4,5,
5,-233,10,0.24
2022/8/18,8.08,8.2,8.2,8.05,-1.22,0.24,屎v3忑,忑,b乙→中5.Y,跌.尾连WW.W4,5蛀.__Ff震负._再D,,-1,-1,-90,NA,,空长,0.4,-0.2,5.7,,
,-500,7,2.35
2022/8/19,8.07,8.12,8.27,8.05,-0.12,2.35,屎v3忑,忑,b乙→中6.Z-2,跌.尾连WW.W5,5蛀.__Ff震负._再D,,-2,-2,-91,NA,,空长,1.6,-0.4,4.9,,
,-5,6,2.6
2022/8/22,8.21,8.02,8.28,7.95,1.73,2.6,屎v3忑,忑,b乙↗上7.I暂,(跌)人.连后吞WO,4暂.__Ff震负.储,,1,-3,-92,NA,,空长,1.6,-0.3,3.6,,
,67,6,-0.12
2022/8/23,8.12,8.13,8.2,8.05,-1.1,-0.12,屎v3忑,忑,b乙→中8.Y暂,(跌)人.连后吞WOv,5暂.__Ff震负._再D,,-1,-4,-93,NA,,空长,0.7,-0.3,1.7,,
,0,4,0.86
2022/8/24,7.9,8.06,8.19,7.86,-2.71,0.86,屎v3忑.被,忑,c丙↘下9.Z-2暂,跌.尾连vW.W2,5暂.__Df头负._再D,,-2,-5,-94,NA,,空长,1.2,-0.8,2.3,,
,-314,5,1.9
2022/8/25,8.04,7.88,8.05,7.82,1.77,1.9,屎v0忑.警,忑,z丁↘忑-1.Z-3暂,跌.尾反孕Wo,5暂.__Aa龙猪._再D,,-3,-6,-95,NA,,空长,-0.2,-1,2.6,,
,93,6,1
2022/8/26,7.99,8.04,8.12,7.96,-0.62,1,屎v0忑.警,忑,z丁↘忑-2.Z-4,(跌)人.孕孕ov,9妩.__Aa龙猪._再D,,-4,-7,-96,NA,,空长,0.9,-1.1,2.9,,
,-62,6,2.25
2022/8/29,8.16,7.9,8.17,7.78,2.13,2.25,屎v2忑,忑,r己↗忐-3.I,升.尾吞vO,4蛀.__Fe震正根.储,,1,-8,-97,NA,,空长,1.3,-0.8,1.7,,
,94,5,5.02
2022/8/30,8.39,8.27,8.57,8.27,2.82,5.02,屎V5忠.盈,忠,a甲↗上1.B2,升.尾连OQ.Q2,4蛀.Aa龙猪.储,a高,2,1,-98,NA,,空长,5.2,0,5.2,5,
5,56,10,0.12
2022/8/31,8.25,8.35,8.4,8.16,-1.67,0.12,屎V5忠,忠,a甲↗上2.B3,(升)人.连后吞QV,4蛀.Aa龙猪.初,,3,2,-99,NA,,空长,2.6,0.4,4.7,5,
5,-1400,10,0.61
2022/9/1,8.15,8.26,8.3,8.08,-1.21,0.61,屎V5忠,忠,a甲↗上3.A4,跌.尾连VW.W2,2栅.Bc龙管栅.初,,4,3,-100,NA,,空长,1.4,0.3,4.7,5,
5,-200,10,0.98
2022/9/2,8.2,8.15,8.23,8.06,0.61,0.98,屎V5忠,忠,a甲↗上4.A5,跌.尾反孕Wo,2栅.Fa震正〇.初,,5,4,-101,NA,,空长,0.5,0.4,4.7,5,
5,62,10,0.49
2022/9/5,8.04,8.23,8.24,7.95,-1.95,0.49,屎v3忑.被,忑,c丙↘下5.Y,跌.尾吞oV,5蛀.__Df头负._再D,,-1,-1,-102,NA,,空长,1,0,5.1,,
,-400,8,0.25
2022/9/6,7.84,8.04,8.06,7.77,-2.49,0.25,屎v0忑.警,忑,z丁↘忑-1.Z-2,跌.尾连VW.W2,5蛀.__Aa龙猪._再D,,-2,-2,-103,NA,,空长,-0.2,-0.7,4,,
,-1000,8,0
2022/9/7,7.62,7.84,7.84,7.6,-2.81,0,屎v0忑.警,忑,z丁↘忑-2.Z-3,跌.尾连WW.W3,5蛀.__Aa龙猪._再D,,-3,-3,-104,NA,,空长,-1.5,-1.8,4.3,,
,0,9,2.36
2022/9/8,7.64,7.66,7.8,7.6,0.26,2.36,屎v0忑.警,忑,z丁↘忑-3.Z-4,跌.尾反孕Wo,9妩.__Aa龙猪._再D,,-4,-4,-105,NA,,空长,-0.8,-2.6,4.8,,
,11,8,3.14
2022/9/9,7.81,7.63,7.88,7.59,2.23,3.14,屎v0忑.警,忑,z丁↘忑-4.Z-5,升.尾连oQ.Q2,7姗.__Bb龙管杂._再D,,-5,-5,-106,NA,,空长,0.7,-2.8,5.2,,
,71,9,3.2
2022/9/13,7.86,7.76,8.06,7.75,0.64,3.2,屎v0忑.警,忑,z丁↘忑-5.Z-6,升.尾连QQ.Q3,6娝.__Bc龙管栅._主,,-6,-6,-107,NA,,空长,3,-2.6,3,,
,20,6,0.51
2022/9/14,7.81,7.77,7.9,7.71,-0.64,0.51,屎v0忑.警,忑,z丁↘忑-6.Z-7,升.尾反孕Qv,6娝.__Bc龙管栅._主,,-7,-7,-108,NA,,空长,1,-2.4,3,,
,-125,6,3.97
2022/9/15,7.89,7.9,8.12,7.66,1.02,3.97,屎v1忑.警,忑,y戊↘忠-7.I,升.尾吞vO,4蛀.__Fe震正根._主,,1,-8,-109,NA,,空长,3.6,-2.1,3.6,,
,26,7,0.51
2022/9/16,7.57,7.93,7.93,7.49,-4.06,0.51,屎v0忑.警,忑,y戊↘忑-8.Y暂,(升)人.吞吞vOV,5暂.__Aa龙猪._主,,-1,-9,-110,NA,,空长,1.9,-2.5,4.4,,
,-800,8,-0.13
2022/9/19,7.44,7.56,7.56,7.31,-1.72,-0.13,屎v0忑.警,忑,y戊↘忑-9.Z-2暂,跌.尾连VW.W2,5暂.__Aa龙猪._主,,-2,-10,-111,NA,,空长,-1.7,-3.2,5.6,,
,0,11,1.61
2022/9/20,7.39,7.51,7.56,7.32,-0.67,1.61,屎v0忑.警,忑,y戊↘忑-10.Z-3暂,跌.尾连WW.W3,5暂.__Aa龙猪._主,,-3,-11,-112,NA,,空长,-0.6,-3.8,6.8,,
,-42,11,0
2022/9/21,7.39,7.36,7.39,7.23,0,0,屎v0忑.警,忑,y戊↘忑-11.Z-4,跌.尾反孕Wo,9妩.__Aa龙猪._主,,-4,-12,-113,NA,,空长,-2,-4.2,7.7,,
,0,12,-0.27
2022/9/22,7.11,7.3,7.37,7.09,-3.79,-0.27,屎v0忑.警,忑,y戊↘忑-12.Z-5,跌.尾吞oV,9妩.__Aa龙猪._主,,-5,-13,-114,NA,,空长,-0.8,-5,6.7,,
,0,12,1.27
2022/9/23,6.81,7.12,7.2,6.81,-4.22,1.27,屎v0忑.警,忑,y戊↘忑-13.Z-6,跌.尾连VW.W2,9妩.__Aa龙猪._主,,-6,-14,-115,NA,,空长,-0.9,-6.3,4,,
,-333,11,0.29
2022/9/26,6.63,6.74,6.83,6.62,-2.64,0.29,屎v0忑.警,忑,y戊↘忑-14.Z-7,跌.尾连WW.W3,9妩.__Aa龙猪._主,,-7,-15,-116,NA,,空长,-3.7,-7.7,6.6,,
,-900,14,3.62
2022/9/27,6.86,6.64,6.87,6.61,3.47,3.62,屎v0忑.警,忑,y戊↘忑-15.Z-8,(跌)人.连后吞WO,8姖.__Aa龙猪._主,,-8,-16,-117,NA,,空长,-1.8,-8.1,5.6,,
,96,12,1.02
2022/9/28,6.69,6.86,6.93,6.68,-2.48,1.02,屎v0忑.警,忑,y戊↘忑-16.Z-9,(跌)人.连后吞WOv,8姖.__Aa龙猪._主,,-9,-17,-118,NA,,空长,0.3,-8.5,6.7,,
,-243,11,2.09
2022/9/29,6.55,6.8,6.83,6.49,-2.09,2.09,屎v0忑.警,忑,y戊↘忑-17.Z-10,跌.尾连vW.W2,8姖.__Aa龙猪._主,,-10,-18,-119,NA,,空长,0.3,-9,5.7,,
,-100,11,1.22
2022/9/30,6.48,6.54,6.63,6.46,-1.07,1.22,屎v0忑.警,忑,y戊↘忑-18.Z-11,跌.尾连WW.W3,8姖.__Aa龙猪._主,,-11,-19,-120,NA,,空长,-1.3,-9.4,3.2,,
,-87,7,2.16
2022/10/10,6.37,6.6,6.62,6.35,-1.7,2.16,屎v0忑.警,忑,y戊↘忑-19.Z-12,跌.尾连WW.W4,9妩.__Aa龙猪._主,,-12,-20,-121,NA,,空长,0,-9.8,4.7,,
,-79,9,0.47
2022/10/11,6.35,6.39,6.4,6.22,-0.31,0.47,屎v0忑.警,忑,y戊↘忑-20.Z-13,跌.尾连WW.W5,9妩.__Aa龙猪._主,,-13,-21,-122,NA,,空长,-2.1,-10.1,6,,
,-67,11,0.79
2022/10/12,6.4,6.32,6.4,6.17,0.79,0.79,屎v0忑.警,忑,y戊↘忑-21.Z-14,(跌)人.连后吞WO,8姖.__Aa龙猪._主,,-14,-22,-123,NA,,空长,-1.4,-9.9,5.3,,
,100,11,-0.16
2022/10/13,6.32,6.37,6.39,6.26,-1.25,-0.16,屎v0忑.警,忑,y戊↘忑-22.Z-15,(跌)人.连后吞WOv,8姖.__Aa龙猪._主,,-15,-23,-124,NA,,空长,-0.8,-9.8,3,,
,0,7,3.48
2022/10/14,6.54,6.34,6.54,6.34,3.48,3.48,屎v1忑.警,忑,y戊↘忠-23.I,升.尾吞vO,4蛀.__Be龙管根._主,,1,-24,-125,NA,,空长,1.4,-9,2.6,,
,100,7,0.76
2022/10/17,6.58,6.53,6.59,6.49,0.61,0.76,屎v1忑.警,忑,y戊↘忠-24.B2,升.尾连OQ.Q2,4蛀.__Fe震正根._主,,2,-25,-126,NA,,空长,1.7,-8,1.7,,
,80,7,1.06
2022/10/18,6.53,6.61,6.65,6.51,-0.76,1.06,屎v1忑.警,忑,y戊↘忠-25.B3,升.尾反孕Qv,4蛀.__Fe震正根._主,,3,-26,-127,NA,,空长,2.3,-7.3,2.3,,
,-71,8,0
2022/10/19,6.43,6.53,6.53,6.38,-1.53,0,屎v0忑.警,忑,y戊↘忑-26.Y暂,跌.尾连vW.W2,5暂.__Fa震正〇._主,,-1,-27,-128,NA,,空长,0.6,-6.9,2.5,,
,0,6,0.62
2022/10/20,6.38,6.38,6.47,6.34,-0.78,0.62,屎v0忑.警,忑,y戊↘忑-27.Z-2暂,跌.尾连WW.W3,5暂.__Fa震正〇._主,,-2,-28,-129,NA,,空长,0.1,-6.8,2.9,,
,-125,5,1.72
2022/10/21,6.48,6.42,6.49,6.31,1.57,1.72,屎v0忑.警,忑,y戊↘忑-28.Z-3暂,(跌)人.连后吞WO,5暂.__Fa震正〇._主,,-3,-29,-130,NA,,空长,0.5,-6.3,3,,
,91,5,1.23
2022/10/24,6.16,6.49,6.56,6.1,-4.94,1.23,屎v0忑.警,忑,y戊↘忑-29.Z-4,(人)人.吞吞* OV,8姖.__Aa龙猪._主,,-4,-30,-131,NA,,空长,2.6,-6.6,4,,
,-400,9,0.32
2022/10/25,6.01,6.14,6.18,5.92,-2.44,0.32,屎v0忑.警,忑,y戊↘忑-30.Z-5,跌.尾连VW.W2,8姖.__Aa龙猪._主,,-5,-31,-132,NA,,空长,-1.8,-7.3,4.3,,
,-750,11,2.5
2022/10/26,6.14,6.05,6.16,6.04,2.16,2.5,屎v0忑.警,忑,y戊↘忑-31.Z-6,(跌)人.连后吞WO,6娝.__Bc龙管栅._主,,-6,-32,-133,NA,,空长,-1.2,-7.5,5.2,,
,87,11,10.1
2022/10/27,6.27,6.4,6.76,6.27,2.12,10.1,屎v0忑.警,忑,y戊↘忑-32.Z-7,升.尾连OQ.Q2,7姗.__Bb龙管杂._主,,-7,-33,-134,NA,,空长,8.5,-7,8.5,,
,21,14,0.8
2022/10/28,6.06,6.25,6.32,5.97,-3.35,0.8,屎v0忑.警,忑,y戊↘忑-33.Z-8,(升)人.连后吞QV,7姗.__Fa震正〇._主,,-8,-34,-135,NA,,空长,2.1,-7,9.2,,
,-420,14,0.17
2022/10/31,5.95,5.95,6.07,5.82,-1.82,0.17,屎v0忑.警,忑,y戊↘忑-34.Z-9,跌.尾连VW.W2,7姗.__Bb龙管杂._主,,-9,-35,-136,NA,,空长,-1,-7.3,10.3,,
,-1100,16,3.87
2022/11/1,6.17,5.97,6.18,5.95,3.7,3.87,屎v0忑.警,忑,y戊↘忑-35.Z-10,(跌)人.连后吞WO,7姗.__Bb龙管杂._主,,-10,-36,-137,NA,,空长,0.9,-6.8,10.4,,
,96,16,1.46
2022/11/2,6.23,6.18,6.26,6.11,0.97,1.46,屎v1忑.警,忑,y戊↘忠-36.I,升.尾连OQ.Q2,4蛀.__Be龙管根._主,,1,-37,-138,NA,,空长,1.8,-6.1,10,,
,67,16,-0.16
2022/11/3,6.17,6.22,6.22,6.12,-0.96,-0.16,屎v1忑.警,忑,y戊↘忠-37.B2,(升)人.连后吞QV,4蛀.__Fe震正根._主,,2,-38,-139,NA,,空长,1,-5.6,2.6,,
,0,9,2.27
2022/11/4,6.29,6.16,6.31,6.13,1.94,2.27,屎v2忑,忑,r己↗忐-38.B3,(人)人.吞吞* VO,4蛀.__Fe震正根.储,,3,-39,-140,NA,,空长,2,-4.8,2,,
,86,8,2.7
2022/11/7,6.44,6.3,6.46,6.26,2.38,2.7,屎v2忑,忑,r己↗忐-39.A4,升.尾连OQ.Q2,1柜.__Fe震正根.储,,4,-40,-141,NA,,空长,3.3,-3.7,3.3,,
,88,9,0.31
2022/11/8,6.4,6.4,6.46,6.34,-0.62,0.31,屎v3忑,忑,a甲↗上1.A5,升.尾反孕Qv,1柜.__Ff震负.储,,5,-41,-142,NA,,空长,2.6,-2.8,2.6,,
,-200,6,1.56
2022/11/9,6.44,6.38,6.5,6.38,0.63,1.56,屎v3忑,忑,a甲↗上2.A6,升.尾吞vO,0橅.__Ff震负.储,,6,-42,-143,NA,,空长,2.5,-2.1,2.5,,
,40,6,0.16
2022/11/10,6.42,6.44,6.45,6.33,-0.31,0.16,屎v3忑,忑,a甲↗上3.A7,升.尾反孕vOv,0橅.__Ff震负.储,,7,-43,-144,NA,,空长,1.3,-1.7,2.1,,
,-200,6,4.67
2022/11/11,6.61,6.55,6.72,6.49,2.96,4.67,屎V5忠.盈,忠,a甲↗上4.A8,升.尾吞vO,0橅.Aa龙猪.储,a,8,1,-145,NA,,空长,4.5,-0.8,4.5,3,
3,63,7,4.69
2022/11/14,6.63,6.73,6.92,6.62,0.3,4.69,屎V5忠.盈,忠,a甲↗上5.A9,升.尾连OQ.Q2,0橅.Aa龙猪.储,a偏,9,2,-146,NA,,空长,6.7,0,6.7,6,
6,6,9,3.17
2022/11/15,6.82,6.83,6.84,6.64,2.87,3.17,屎V5忠.盈,忠,a甲↗上6.A10,升.尾连QQ.Q3,0橅.Aa龙猪.初,连3,10,3,-147,NA,,空长,4.1,1,5.3,6,
6,90,9,0.44
2022/11/16,6.8,6.84,6.85,6.73,-0.29,0.44,屎V5忠,忠,a甲↗上7.A11,(升)人.连后吞QV,1柜.Aa龙猪.初,,11,4,-148,NA,,空长,3.1,1.8,4.2,6,
6,-67,9,0
2022/11/17,6.74,6.8,6.8,6.69,-0.88,0,屎V5忠,忠,a甲↗上8.A12,跌.尾连VW.W2,2栅.Fa震正〇.初,,12,5,-149,NA,,空长,1.8,2.1,3.6,5,
5,0,7,0.59
2022/11/18,6.62,6.76,6.78,6.61,-1.78,0.59,屎V5忠,忠,b乙→中9.Y,跌.尾连WW.W3,5蛀.Fe震正根.初,,-1,6,-150,NA,,空长,1.6,1.8,3.7,5,
5,-300,5,0.15
2022/11/21,6.57,6.59,6.63,6.49,-0.76,0.15,屎V5忠,忠,b乙→中10.Z-2,跌.尾连WW.W4,5蛀.Fe震正根.初,,-2,7,-151,NA,,空长,-0.3,1.4,3,4,
5,-500,6,1.07
2022/11/22,6.49,6.61,6.64,6.45,-1.22,1.07,屎v4忑.被,忑,c丙↘下11.Z-3,跌.尾连WW.W5,5蛀.__Df头负._破,,-3,-1,-152,NA,,空长,0.5,0.8,3.6,,
,-114,6,0
2022/11/23,6.4,6.46,6.49,6.34,-1.39,0,屎v3忑.被,忑,c丙↘下12.Z-4,跌.尾连WW.W6,9妩.__Df头负._再D,,-4,-2,-153,NA,,空长,-1,0.1,3.8,,
,0,7,1.72
2022/11/24,6.44,6.46,6.51,6.39,0.63,1.72,屎v0忑.警,忑,z丁↘忑-1.Z-5,跌.尾反孕Wo,9妩.__Fa震正〇._初,,-5,-3,-154,NA,,空长,-0.1,-0.4,4.1,,
,36,7,1.86
2022/11/25,6.54,6.45,6.56,6.38,1.55,1.86,屎v0忑.警,忑,z丁↘忑-2.Z-6,升.尾连oQ.Q2,7姗.__Fa震正〇._初,,-6,-4,-155,NA,,空长,0.7,-0.4,1.9,,
,83,5,-0.92
2022/11/28,6.45,6.48,6.48,6.32,-1.38,-0.92,屎v0忑.警,忑,z丁↘忑-3.Z-7,升.尾反孕Qv,7姗.__Bb龙管杂._初,,-7,-5,-156,NA,,空长,-0.3,-0.5,2.2,,
,0,5,8.68
2022/11/29,6.93,6.52,7.01,6.52,7.44,8.68,屎V5忠.盈,忠,a甲↗上1.I,升.尾吞vO,4蛀.Aa龙猪.初,a高,1,1,-157,NA,,空长,6.4,0.6,6.4,7,
7,86,11,0
2022/11/30,6.8,6.91,6.93,6.75,-1.88,0,屎V5忠,忠,a甲↗上2.B2,升.尾反孕vOv,4蛀.Aa龙猪.初,,2,2,-158,NA,,空长,4.1,1.4,5.3,6,
6,0,11,2.94
2022/12/1,6.93,6.86,7,6.8,1.91,2.94,屎V5忠,忠,a甲↗上3.B3,升.尾吞vO,4蛀.Aa龙猪.初,,3,3,-159,NA,,空长,4,2.1,4.1,6,
6,65,11,0.72
2022/12/2,6.89,6.94,6.98,6.85,-0.58,0.72,屎V6忐,忐,a甲↗上4.A4,升.尾反孕vOv,0橅.Fa震正〇.初,,4,4,-160,NA,,空看,2.9,2.6,3.3,5,
5,-80,11,3.05
2022/12/5,7.08,6.98,7.1,6.92,2.76,3.05,屎V6忐.盈,忐,a甲↗上5.A5,升.尾吞vO,0橅.Aa龙猪.主,a,5,5,-161,NA,,空看,3.5,3.3,3.5,6,
6,90,9,0.99
2022/12/6,7.02,7.04,7.15,6.98,-0.85,0.99,屎V6忐.盈,忐,a甲↗上6.A6,升.尾反孕vOv,0橅.Aa龙猪.主,a,6,6,-162,NA,,空看,3.4,3.6,3.4,7,
7,-86,6,0.57
2022/12/7,6.98,7,7.06,6.92,-0.57,0.57,屎V6忐,忐,a甲↗上7.A7,跌.尾连vW.W2,2栅.Bc龙管栅.主,,7,7,-163,NA,,空看,1.7,3.6,3,6,
6,-100,5,0.72
2022/12/8,6.9,7.02,7.03,6.85,-1.15,0.72,屎V6忐,忐,b乙→中8.Y,跌.尾连WW.W3,5蛀.Be龙管根.主,,-1,8,-164,NA,,空看,1.3,3.3,3.1,6,
6,-160,4,2.03
2022/12/9,6.89,6.94,7.04,6.87,-0.14,2.03,屎V6忐,忐,b乙→中9.Z-2,跌.尾连WW.W4,5蛀.Fe震正根.主,,-2,9,-165,NA,,空看,1.6,3,3.2,6,
6,-7,4,0.73
2022/12/12,6.82,6.85,6.94,6.79,-1.02,0.73,屎V5忠,忠,b乙→中10.Z-3,跌.尾连WW.W5,5蛀.Fe震正根.主,,-3,10,-166,NA,,空长,0.6,2.4,3.6,6,
6,-140,5,3.08
2022/12/13,7,6.82,7.03,6.8,2.64,3.08,屎V6忐,忐,b乙↗上11.I暂,(跌)人.连后吞WO,4暂.Fd震正芽.主,,1,11,-167,NA,,空看,1.6,2.4,2.1,4,
5,86,4,-0.14
2022/12/14,6.91,6.93,6.99,6.89,-1.29,-0.14,屎V6忐,忐,b乙↗上12.B2暂,(跌)人.连后吞WOv,4暂.Fd震正芽.主,,2,12,-168,NA,,空看,1,2.3,1.8,4,
5,0,4,2.46
2022/12/15,6.93,6.98,7.08,6.88,0.29,2.46,屎V6忐.盈,忐,b乙↗上13.B3暂,升.尾吞vO,4暂.Fd震正芽.主,雀,3,13,-169,NA,,空看,2.3,2.1,2.3,4,
5,12,4,0
2022/12/16,6.87,6.93,6.93,6.81,-0.87,0,屎V5忠,忠,b乙→中14.Y暂,(升)人.吞吞vOV,5暂.Fe震正根.主,,-1,14,-170,NA,,空长,0.3,1.8,2.5,4,
5,0,4,1.31
2022/12/19,6.67,6.87,6.96,6.64,-2.91,1.31,屎v4忑.警,忑,z丁↘忑-1.Z-2暂,跌.尾连VW.W2,5暂.__Aa龙猪._破,,-2,-1,-171,NA,,空长,1.5,1.1,3.3,,
,-222,7,1.2
2022/12/20,6.58,6.69,6.75,6.54,-1.35,1.2,屎v4忑.警,忑,z丁↘忑-2.Z-3暂,跌.尾连WW.W3,5暂.__Aa龙猪._破,,-3,-2,-172,NA,,空长,-0.5,0.1,4.4,,
,-112,8,1.67
2022/12/21,6.63,6.59,6.69,6.56,0.76,1.67,屎v4忑.警,忑,z丁↘忑-3.Z-4,跌.尾反孕Wo,9妩.__Aa龙猪._初,,-4,-3,-173,NA,,空长,-0.6,-0.4,5.2,,
,45,8,3.62
2022/12/22,6.69,6.62,6.87,6.56,0.9,3.62,屎v4忑.警,忑,z丁↘忑-4.Z-5,升.尾连oQ.Q2,7姗.__Bb龙管杂._初,,-5,-4,-174,NA,,空长,2.4,-0.6,3.7,,
,25,6,-0.15
2022/12/23,6.56,6.63,6.68,6.52,-1.94,-0.15,屎v4忑.警,忑,z丁↘忑-5.Z-6,(升)人.连后吞QV,7姗.__Bb龙管杂._初,,-6,-5,-175,NA,,空长,0.1,-1,4.3,,
,0,7,0.61
2022/12/26,6.44,6.56,6.6,6.39,-1.83,0.61,屎v0忑.警,忑,z丁↘忑-6.Z-7,跌.尾连VW.W2,7姗.__Bb龙管杂._初,,-7,-6,-176,NA,,空长,-0.2,-1.7,3.9,,
,-300,8,2.95
2022/12/27,6.59,6.49,6.63,6.45,2.33,2.95,屎v0忑.警,忑,z丁↘忑-7.Z-8,(跌)人.连后吞WO,7姗.__Bb龙管杂._初,,-8,-7,-177,NA,,空长,0.5,-1.8,4.2,,
,79,8,0
2022/12/28,6.39,6.59,6.59,6.36,-3.03,0,屎v0忑.警,忑,z丁↘忑-8.Z-9,(人)人.吞吞* OV,8姖.__Aa龙猪._初,,-9,-8,-178,NA,,空长,0.7,-2.2,5,,
,0,8,0.31
2022/12/29,6.25,6.36,6.41,6.24,-2.19,0.31,屎v0忑.警,忑,z丁↘忑-9.Z-10,跌.尾连VW.W2,8姖.__Aa龙猪._初,,-10,-9,-179,NA,,空长,-0.9,-2.9,3.3,,
,-700,7,0.96
2022/12/30,6.26,6.29,6.31,6.22,0.16,0.96,屎v0忑.警,忑,z丁↘忑-10.Z-11,跌.尾反孕Wo,8姖.__Aa龙猪._主,,-11,-10,-180,NA,,空长,-1.5,-3.5,3.5,,
,17,7,1.28
2023/1/3,6.34,6.24,6.34,6.22,1.28,1.28,屎v0忑.警,忑,z丁↘忑-11.Z-12,升.尾连oQ.Q2,7姗.__Bb龙管杂._主,,-12,-11,-181,NA,,空长,-0.6,-3.6,4,,
,100,7,4.57
2023/1/4,6.51,6.33,6.63,6.29,2.68,4.57,屎v1忑.警,忑,y戊↘忠-12.I,升.尾连QQ.Q3,4蛀.__Be龙管根._主,,1,-12,-182,NA,,空长,3.6,-3,3.6,,
,59,7,0.92
2023/1/5,6.55,6.54,6.57,6.45,0.61,0.92,屎v2忑,忑,r己↗忐-13.B2,升.尾连QQ.Q4,4蛀.__Fe震正根.储,,2,-13,-183,NA,,空长,2.1,-2.4,3,,
,67,7,3.97
2023/1/6,6.64,6.55,6.81,6.54,1.37,3.97,屎V5忠.盈,忠,r己↗忐-14.B3,升.尾连QQ.Q5,4蛀.Df头负.储,a连5,3,1,-184,NA,,空长,4.9,-1.6,4.9,3,
3,35,9,0.6
2023/1/9,6.61,6.59,6.68,6.56,-0.45,0.6,屎V5忠,忠,r己↗忐-15.A4,升.尾反孕Qv,0橅.Df头负.储,,4,2,-185,NA,,空长,2.3,-1,4.3,3,
3,-75,9,0.76
2023/1/10,6.55,6.59,6.66,6.49,-0.91,0.76,屎v3忑,忑,a甲↗上1.A5,跌.尾连vW.W2,2栅.__Ff震负.储,,5,-1,-186,NA,,空长,1.8,-0.8,4.1,,
,-120,8,0.46
2023/1/11,6.52,6.55,6.58,6.5,-0.46,0.46,屎v3忑.被,忑,c丙↘下2.Y,跌.尾连WW.W3,5蛀.__Df头负._再C,,-1,-2,-187,NA,,空长,0.6,-0.7,4.1,,
,-100,6,0.31
2023/1/12,6.52,6.54,6.54,6.39,0,0.31,屎v0忑.警,忑,z丁↘忑-1.Z-2,跌.尾反孕Wo,5蛀.__Fa震正〇._再C,,-2,-3,-188,NA,,空长,0.1,-0.7,4.2,,
,0,7,10.12
2023/1/13,7.18,6.52,7.18,6.49,10.12,10.12,屎V6忐.盈,忐,a甲↗上1.I暂,升.尾连oQ.Q2,4暂.Aa龙猪.初,a高,1,1,-189,NA,,空看,7.5,1,7.5,8,
8,100,12,5.57
2023/1/16,7.42,7.32,7.58,7.09,3.34,5.57,屎E9忐.盈,忐,a甲↗上2.B2暂,升.尾连QQ.Q3,4暂.Aa龙猪.初,a连3高,2,2,1,持主,,多被,10.3,3.2,10.3,13,
13,60,19,2.43
2023/1/17,7.32,7.3,7.6,7.21,-1.35,2.43,屎E9忐.盈,忐,a甲↗上3.B3暂,升.尾反孕Qv,4暂.Aa龙猪.初,a偏,3,3,2,持主,,多被,8.3,4.6,8.3,13,
13,-56,19,2.19
2023/1/18,7.14,7.36,7.48,7.14,-2.46,2.19,屎V6忐,忐,a甲↗上4.A4,跌.尾连vW.W2,2栅.Bc龙管栅.初,,4,4,-1,NA,,空看,5.7,4.9,7.4,12,
12,-113,19,0.98
2023/1/19,7.04,7.2,7.21,7.02,-1.4,0.98,屎V6忐,忐,a甲↗上5.A5,跌.尾连WW.W3,3桮.Bd龙管杂.初,,5,5,-2,NA,,空看,1.8,4.6,7.3,12,
12,-143,17,1.28
2023/1/20,7.1,7.07,7.13,7.03,0.85,1.28,屎V6忐,忐,a甲↗上6.A6,跌.尾反孕Wo,3桮.Fa震正〇.主,,6,6,-3,NA,,空看,0.6,4.3,7.3,11,
11,67,8,2.68
2023/1/30,7.19,7.19,7.29,7.14,1.27,2.68,屎V7上,上,a甲↗上7.A7,升.尾连oQ.Q2,3桮.Fa震正〇.主,,7,7,-4,NA,,空看,2.5,4.2,6.9,11,
11,47,8,0.42
2023/1/31,7.22,6.96,7.22,6.9,0.42,0.42,屎V7上.盈,上,a甲↗上8.A8,升.尾连QQ.Q3,2栅.Fa震正〇.主,连3,8,8,-5,NA,,空看,1.1,4.2,4.8,9,
10,100,8,2.22
2023/2/1,7.38,7.22,7.38,7.15,2.22,2.22,屎E0上.盈,上,a甲↗上9.A9,升.尾连QQ.Q4,0橅.Fa震正〇.主,雀连4,9,9,1,持主,,多被,2.5,4.6,2.5,7,
10,100,7,-0.27
2023/2/2,7.25,7.36,7.36,7.2,-1.76,-0.27,屎E0上,上,a甲↗上10.A10,升.尾反孕Qv,0橅.Fa震正〇.主,,10,10,2,持主,,多被,1.9,4.5,2.2,6,
9,0,7,1.38
2023/2/3,7.19,7.35,7.35,7.1,-0.83,1.38,屎V7上,上,b乙→中11.Y,跌.尾连vW.W2,5蛀.Fe震正根.主,,-1,11,-1,NA,,空看,1.8,4.1,2.2,6,
9,-60,7,-0.28
2023/2/6,7.09,7.17,7.17,7.05,-1.39,-0.28,屎V7上,上,b乙→中12.Z-2,跌.尾连WW.W3,5蛀.Fe震正根.主,,-2,12,-2,NA,,空看,-0.3,3.5,2.6,6,
9,0,7,1.97
2023/2/7,7.15,7.09,7.23,7.09,0.85,1.97,屎V7上,上,b乙→中13.Z-3,跌.尾反孕Wo,5蛀.Fe震正根.主,,-3,13,-3,NA,,空看,0.8,3,2.8,5,
7,43,5,0.42
2023/2/8,7.12,7.18,7.18,7.05,-0.42,0.42,屎V7上,上,b乙→中14.Z-4,(跌)人.孕孕ov,9妩.Fe震正根.主,,-4,14,-4,NA,,空看,0.3,2.6,2.8,5,
5,-100,4,5.62
2023/2/9,7.35,7.09,7.52,7.09,3.23,5.62,屎E0上.盈,上,b乙↗上15.I,升.尾吞vO,4蛀.Aa龙猪.主,a高,1,15,1,持主,,多被,4.5,2.9,4.5,7,
7,57,7,3.4
2023/2/10,7.43,7.35,7.6,7.35,1.09,3.4,唏E0上.盈,上,b乙↗上16.B2,升.尾连OQ.Q2,4蛀.Aa龙猪.主,a,2,16,2,持主,,多被,4.7,3.3,4.7,8,
8,32,8,3.63
2023/2/13,7.48,7.53,7.7,7.43,0.67,3.63,唏E0上.盈,上,b乙↗上17.B3,升.尾连QQ.Q3,4蛀.Aa龙猪.主,a连3,3,17,3,持主,,多被,5.2,3.7,5.2,9,
9,19,9,4.41
2023/2/14,7.7,7.55,7.81,7.5,2.94,4.41,唏E0上.盈,上,b乙↗上18.A4,升.尾连QQ.Q4,0橅.Aa龙猪.主,a连4,4,18,4,持主,,多被,5.3,4.5,5.3,10,
10,67,11,0.39
2023/2/15,7.54,7.73,7.73,7.51,-2.08,0.39,唏E0上,上,b乙↗上19.A5,(升)人.连后吞QV,1柜.Aa龙猪.主,,5,19,5,持主,,多被,3.5,4.7,4.6,9,
9,-533,10,0.13
2023/2/16,7.26,7.53,7.55,7.18,-3.71,0.13,唏E2上,上,b乙→中20.Y,跌.尾连VW.W2,5蛀.Be龙管根.主,,-1,20,6,持被,,多被,1.6,3.9,5.1,9,
9,-2800,9,2.34
2023/2/17,7.24,7.23,7.43,7.22,-0.28,2.34,屎E1上.被,上,c丙↘下21.Z-2,跌.尾连WW.W3,5蛀.Fe震正根.破,,-2,21,7,持被,,多被,0.7,3.1,5.8,9,
9,-12,9,4.28
2023/2/20,7.52,7.26,7.55,7.21,3.87,4.28,屎E0上,上,b乙↗上22.I暂,(跌)人.连后吞WO,4暂.Dd头正芽.再B,,1,22,8,持主,,多被,2,3,5.5,8,
8,90,9,0.8
2023/2/21,7.45,7.52,7.58,7.37,-0.93,0.8,屎E0上,上,b乙↗上23.B2暂,(跌)人.连后吞WOv,4暂.Dd头正芽.再B,,2,23,9,持主,,多被,2.2,3,4.2,7,
8,-117,8,2.15
2023/2/22,7.59,7.4,7.61,7.35,1.88,2.15,屎E0上.盈,上,b乙↗上24.B3暂,升.尾吞vO,4暂.Dd头正芽.再B,雀,3,24,10,持主,,多被,2,3.2,2,5,
8,87,6,1.45
2023/2/23,7.56,7.58,7.7,7.5,-0.4,1.45,屎E0上.盈,上,b乙↗上25.A4,升.尾反孕vOv,0橅.Dd头正芽.再B,雀,4,25,11,持主,,多被,2.8,3.3,2.8,6,
7,-27,7,1.06
2023/2/24,7.5,7.59,7.64,7.44,-0.79,1.06,唏E0上,上,b乙↗上26.A5,跌.尾连vW.W2,2栅.Dd头正芽.主,,5,26,12,持主,,多被,1.9,3.1,2.7,5,
7,-75,7,-0.4
2023/2/27,7.33,7.47,7.47,7.32,-2.27,-0.4,唏E1上.被,上,c丙↘下27.Y,跌.尾连WW.W3,5蛀.Fe震正根.破,,-1,27,13,持被,,多被,0.1,2.5,3.2,5,
7,0,5,0.82
2023/2/28,7.33,7.33,7.39,7.19,0,0.82,唏E1上.被,上,c丙↘下28.Z-2,跌.尾反孕Wo,5蛀.Fe震正根.破,,-2,28,14,持被,,多被,-0.5,1.9,3.7,5,
6,0,7,0.27
2023/3/1,7.33,7.3,7.35,7.22,0,0.27,唏E3上.警,上,z丁↘忑-1.Z-3,升.尾连oQ.Q2,5蛀.Ff震负.破,,-3,29,15,持被,,多被,-0.6,1.5,4.1,5,
5,0,7,-0.14
2023/3/2,7.19,7.32,7.32,7.15,-1.91,-0.14,唏V8中.警,中,z丁↘忑-2.Z-4,(升)人.连后吞QV,7姗.__Bb龙管杂._破,,-4,-1,-1,NA,,空看,-0.3,0.8,4,,
,0,7,0.56
2023/3/3,7.15,7.21,7.23,7.04,-0.56,0.56,屎V8中.警,中,z丁↘忑-3.Z-5,跌.尾连VW.W2,7姗.__Bb龙管杂._破,,-5,-2,-2,NA,,空看,-0.8,0.2,2.5,,
,-100,6,0.28
2023/3/6,6.98,7.16,7.17,6.98,-2.38,0.28,屎v9下.警,下,z丁↘忑-4.Z-6,跌.尾连WW.W3,7姗.__Bb龙管杂._初,,-6,-3,-3,NA,,空长,-0.5,-0.7,2.5,,
,-850,6,0.43
2023/3/7,6.81,6.99,7.01,6.8,-2.44,0.43,屎v9下.警,下,z丁↘忑-5.Z-7,跌.尾连WW.W4,9妩.__Aa龙猪._初,,-7,-4,-4,NA,,空长,-1.3,-1.8,3.5,,
,-567,8,1.17
2023/3/8,6.89,6.8,6.89,6.77,1.17,1.17,屎v9下.警,下,z丁↘忑-6.Z-8,跌.尾反孕Wo,9妩.__Aa龙猪._初,,-8,-5,-5,NA,,空长,-2,-2.5,4.1,,
,100,8,0.29
2023/3/9,6.85,6.89,6.91,6.79,-0.58,0.29,屎v9下.警,下,z丁↘忑-7.Z-9,(跌)人.孕孕ov,9妩.__Aa龙猪._初,,-9,-6,-6,NA,,空长,-0.9,-2.9,3.7,,
,-200,7,-0.29
2023/3/10,6.81,6.81,6.83,6.69,-0.58,-0.29,屎v9下.警,下,z丁↘忑-8.Z-10,跌.尾连vW.W2,9妩.__Aa龙猪._初,,-10,-7,-7,NA,,空长,-1.4,-3.2,3.5,,
,0,7,1.76
2023/3/13,6.88,6.87,6.93,6.74,1.03,1.76,屎v9下.警,下,z丁↘忑-9.Z-11,(跌)人.连后吞WO,8姖.__Aa龙猪._初,,-11,-8,-8,NA,,空长,0.4,-3.2,1.5,,
,58,5,0
2023/3/14,6.62,6.88,6.88,6.6,-3.78,0,屎v9下.警,下,z丁↘忑-10.Z-12,(人)人.吞吞* OV,8姖.__Aa龙猪._主,,-12,-9,-9,NA,,空长,0.6,-3.7,1.4,,
,0,5,1.81
2023/3/15,6.69,6.66,6.74,6.65,1.06,1.81,屎v9下.警,下,z丁↘忑-11.Z-13,(人)人.吞吞* OV,8姖.__Aa龙猪._主,,-13,-10,-10,NA,,空长,-0.7,-4,2.1,,
,58,5,0.45
2023/3/16,6.62,6.69,6.72,6.62,-1.05,0.45,屎v9下.警,下,z丁↘忑-12.Z-14,跌.尾吞oV,8姖.__Aa龙猪._主,,-14,-11,-11,NA,,空长,-0.3,-4.2,2.8,,
,-233,5,1.66
2023/3/17,6.66,6.66,6.73,6.64,0.6,1.66,屎v0忑.警,忑,z丁↘忑-13.Z-15,跌.尾反孕oVo,9妩.__Fa震正〇._主,,-15,-12,-12,NA,,空长,0.3,-4.3,3.2,,
,36,5,0.6
2023/3/20,6.62,6.67,6.7,6.59,-0.6,0.6,屎v0忑.警,忑,z丁↘忑-14.Z-16,跌.尾吞oV,9妩.__Aa龙猪._主,,-16,-13,-13,NA,,空长,0.2,-4.3,2.9,,
,-100,4,4.53
2023/3/21,6.88,6.65,6.92,6.63,3.93,4.53,屎v1忑.警,忑,y戊↘忠-15.I,(跌)人.吞吞oVO,4蛀.__Be龙管根._主,,1,-14,-14,NA,,空长,2.9,-3.5,2.9,,
,87,5,1.02
2023/3/22,6.9,6.89,6.95,6.86,0.29,1.02,屎v2忑,忑,r己↗忐-16.B2,升.尾连OQ.Q2,4蛀.__Fe震正根.储,,2,-15,-15,NA,,空长,2.7,-2.7,2.7,,
,29,5,-0.14
2023/3/23,6.84,6.88,6.89,6.82,-0.87,-0.14,屎v2忑,忑,r己↗忐-17.B3,(升)人.连后吞QV,4蛀.__Fe震正根.储,,3,-16,-16,NA,,空长,1.4,-2.3,2.3,,
,0,5,0.88
2023/3/24,6.88,6.86,6.9,6.81,0.58,0.88,屎v2忑,忑,r己↗忐-18.A4,(人)人.吞吞* VO,1柜.__Fe震正根.储,,4,-17,-17,NA,,空长,1.2,-1.8,1.9,,
,67,5,0
2023/3/27,6.75,6.88,6.88,6.69,-1.89,0,屎v0忑.警,忑,y戊↘忑-19.Y,(人)人.吞吞* OV,5蛀.__Fa震正〇._再B,,-1,-18,-18,NA,,空长,1,-1.8,2,,
,0,5,0
2023/3/28,6.65,6.75,6.75,6.63,-1.48,0,屎v0忑.警,忑,y戊↘忑-20.Z-2,跌.尾连VW.W2,5蛀.__Fa震正〇._再B,,-2,-19,-19,NA,,空长,-0.3,-2.1,2.6,,
,0,5,0.3
2023/3/29,6.5,6.62,6.67,6.49,-2.26,0.3,屎v0忑.警,忑,y戊↘忑-21.Z-3,跌.尾连WW.W3,5蛀.__Aa龙猪._再B,,-3,-20,-20,NA,,空长,-0.5,-2.7,2.9,,
,-750,6,1.69
2023/3/30,6.61,6.55,6.61,6.36,1.69,1.69,屎v0忑.警,忑,y戊↘忑-22.Z-4,跌.尾反孕Wo,9妩.__Aa龙猪._再B,,-4,-21,-21,NA,,空长,-0.9,-2.9,3.5,,
,100,8,2.72
2023/3/31,6.55,6.79,6.79,6.52,-0.91,2.72,屎v0忑.警,忑,y戊↘忑-23.Z-5,(跌)人.孕孕ov,9妩.__Aa龙猪._主,,-5,-22,-22,NA,,空长,2.4,-3.1,3.7,,
,-33,8,1.22
2023/4/3,6.61,6.54,6.63,6.5,0.92,1.22,屎v0忑.警,忑,y戊↘忑-24.Z-6,(人)人.孕孕vo,9妩.__Aa龙猪._主,,-6,-23,-23,NA,,空长,0.1,-3,2.6,,
,75,7,0.45
2023/4/4,6.49,6.64,6.64,6.44,-1.82,0.45,屎v0忑.警,忑,y戊↘忑-25.Z-7,跌.尾吞oV,9妩.__Fa震正〇._主,,-7,-24,-24,NA,,空长,0.8,-3.2,3.1,,
,-400,7,0.77
2023/4/6,6.46,6.46,6.54,6.41,-0.46,0.77,屎v0忑.警,忑,y戊↘忑-26.Z-8,跌.尾连VW.W2,9妩.__Fa震正〇._主,,-8,-25,-25,NA,,空长,-0.2,-3.4,3.6,,
,-60,7,3.25
2023/4/7,6.65,6.49,6.67,6.45,2.94,3.25,屎v1忑.警,忑,y戊↘忠-27.I,(跌)人.连后吞WO,4蛀.__Fe震正根._主,,1,-26,-26,NA,,空长,1.6,-3,3.4,,
,90,6,0.15
2023/4/10,6.52,6.66,6.66,6.49,-1.95,0.15,屎v0忑.警,忑,y戊↘忑-28.Y暂,(跌)人.连后吞WOv,5暂.__Fa震正〇._主,,-1,-27,-27,NA,,空长,1.5,-2.8,1.7,,
,-1300,4,1.53
2023/4/11,6.56,6.54,6.62,6.51,0.61,1.53,屎v0忑.警,忑,y戊↘忑-29.Z-2暂,(人)人.孕孕vo,5暂.__Fa震正〇._主,,-2,-28,-28,NA,,空长,0.9,-2.6,1.7,,
,40,4,0.46
2023/4/12,6.53,6.58,6.59,6.49,-0.46,0.46,屎v0忑.警,忑,y戊↘忑-30.Z-3暂,跌.尾吞oV,5暂.__Fa震正〇._主,,-3,-29,-29,NA,,空长,0.6,-2.5,1.8,,
,-100,4,0
2023/4/13,6.47,6.53,6.53,6.44,-0.92,0,屎v0忑.警,忑,y戊↘忑-31.Z-4,跌.尾连VW.W2,9妩.__Fa震正〇._主,,-4,-30,-30,NA,,空长,0,-2.6,2.1,,
,0,4,0.15
2023/4/14,6.43,6.44,6.48,6.4,-0.62,0.15,屎v0忑.警,忑,y戊↘忑-32.Z-5,跌.尾连WW.W3,9妩.__Aa龙猪._主,,-5,-31,-31,NA,,空长,-0.4,-2.7,2.4,,
,-400,4,0.93
2023/4/17,6.41,6.45,6.49,6.37,-0.31,0.93,屎v0忑.警,忑,y戊↘忑-33.Z-6,跌.尾连WW.W4,9妩.__Aa龙猪._主,,-6,-32,-32,NA,,空长,0.2,-2.8,2.2,,
,-33,4,3.59
2023/4/18,6.54,6.41,6.64,6.35,2.03,3.59,屎v1忑.警,忑,y戊↘忠-34.I,(跌)人.连后吞WO,4蛀.__Be龙管根._主,,1,-33,-33,NA,,空长,2.4,-2.5,2.4,,
,57,5,-0.31
2023/4/19,6.38,6.51,6.52,6.38,-2.45,-0.31,屎v0忑.警,忑,y戊↘忑-35.Y暂,(人)人.吞吞* OV,5暂.__Aa龙猪._主,,-1,-34,-34,NA,,空长,0.9,-2.6,2.7,,
,0,5,0
2023/4/20,6.27,6.36,6.38,6.19,-1.72,0,屎v0忑.警,忑,y戊↘忑-36.Z-2暂,跌.尾连VW.W2,5暂.__Aa龙猪._主,,-2,-35,-35,NA,,空长,-0.6,-3,3.5,,
,0,7,0.64
2023/4/21,6.05,6.27,6.31,6.02,-3.51,0.64,屎v0忑.警,忑,y戊↘忑-37.Z-3暂,跌.尾连WW.W3,5暂.__Aa龙猪._主,,-3,-36,-36,NA,,空长,-0.2,-3.9,5,,
,-550,10,0.66
2023/4/24,6.04,6.05,6.09,5.95,-0.17,0.66,屎v0忑.警,忑,y戊↘忑-38.Z-4,跌.尾连WW.W4,9妩.__Aa龙猪._主,,-4,-37,-37,NA,,空长,-2.4,-4.6,6.4,,
,-25,12,-0.17
2023/4/25,5.84,5.99,6.03,5.72,-3.31,-0.17,屎v0忑.警,忑,y戊↘忑-39.Z-5,跌.尾连WW.W5,9妩.__Aa龙猪._主,,-5,-38,-38,NA,,空长,-1.7,-5.6,6.3,,
,0,14,1.2
2023/4/26,5.87,5.83,5.91,5.77,0.51,1.2,屎v0忑.警,忑,y戊↘忑-40.Z-6,跌.尾反孕Wo,9妩.__Aa龙猪._主,,-6,-39,-39,NA,,空长,-2.3,-6.2,5.4,,
,43,12,1.36
2023/4/27,5.92,5.85,5.95,5.83,0.85,1.36,屎v0忑.警,忑,y戊↘忑-41.Z-7,升.尾连oQ.Q2,7姗.__Bb龙管杂._主,,-7,-40,-40,NA,,空长,-0.9,-6.3,5.1,,
,62,10,2.2
2023/4/28,6.04,5.94,6.05,5.92,2.03,2.2,屎v0忑.警,忑,y戊↘忑-42.Z-8,升.尾连QQ.Q3,6娝.__Fa震正〇._主,,-8,-41,-41,NA,,空长,0.8,-5.9,1.5,,
,92,6,0.66
2023/5/4,6.05,5.96,6.08,5.89,0.17,0.66,屎v1忑.警,忑,y戊↘忠-43.I,升.尾连QQ.Q4,4蛀.__Fe震正根._主,,1,-42,-42,NA,,空长,1.1,-5.4,1.1,,
,25,6,0.33
2023/5/5,6.06,6.05,6.07,5.93,0.17,0.33,屎v1忑.警,忑,y戊↘忠-44.B2,升.尾连QQ.Q5,4蛀.__Fe震正根._主,,2,-43,-43,NA,,空长,0.8,-4.9,0.9,,
,50,5,0.33
2023/5/8,6,6.04,6.08,5.94,-0.99,0.33,屎v0忑.警,忑,y戊↘忑-45.Y暂,(升)人.连后吞QV,5暂.__Fa震正〇._主,,-1,-44,-44,NA,,空长,1,-4.5,1,,
,-300,4,0.67
2023/5/9,5.91,5.95,6.04,5.88,-1.5,0.67,屎v0忑.警,忑,y戊↘忑-46.Z-2暂,跌.尾连VW.W2,5暂.__Fa震正〇._主,,-2,-45,-45,NA,,空长,0.7,-4.5,1.4,,
,-225,3,1.86
2023/5/10,5.98,5.93,6.02,5.9,1.18,1.86,屎v0忑.警,忑,y戊↘忑-47.Z-3暂,(跌)人.连后吞WO,5暂.__Fa震正〇._主,,-3,-46,-46,NA,,空长,0.5,-4.3,1.5,,
,64,3,1.34
2023/5/11,6.06,5.98,6.06,5.97,1.34,1.34,屎v1忑.警,忑,y戊↘忠-48.I暂,升.尾连OQ.Q2,4暂.__Fe震正根._主,,1,-47,-47,NA,,空长,1,-3.8,1.3,,
,100,3,0.83
2023/5/12,6.01,6.05,6.11,6.01,-0.83,0.83,屎v1忑.警,忑,y戊↘忠-49.B2暂,升.尾反孕Qv,4暂.__Fe震正根._主,,2,-48,-48,NA,,空长,1.7,-3.5,1.7,,
,-100,4,0.67
2023/5/15,6.03,6.03,6.05,5.95,0.33,0.67,屎v1忑.警,忑,y戊↘忠-50.B3暂,(升)人.孕孕vo,4暂.__Fe震正根._主,,3,-49,-49,NA,,空长,0.6,-3.2,1.6,,
,50,4,0.66
2023/5/16,5.95,6.04,6.07,5.94,-1.33,0.66,屎v0忑.警,忑,y戊↘忑-51.Y暂,跌.尾吞oV,5暂.__Fa震正〇._主,,-1,-50,-50,NA,,空长,1.2,-3.1,1.8,,
,-200,4,0.5
2023/5/17,5.97,5.96,5.98,5.91,0.34,0.5,屎v0忑.警,忑,y戊↘忑-52.Z-2暂,跌.尾反孕oVo,5暂.__Fa震正〇._主,,-2,-51,-51,NA,,空长,-0.2,-3,2,,
,67,3,0.17
2023/5/18,5.89,5.96,5.98,5.87,-1.34,0.17,屎v0忑.警,忑,y戊↘忑-53.Z-3暂,跌.尾吞oV,5暂.__Aa龙猪._主,,-3,-52,-52,NA,,空长,0.2,-3.1,2.4,,
,-800,4,0.68
2023/5/19,5.91,5.89,5.93,5.82,0.34,0.68,屎v0忑.警,忑,y戊↘忑-54.Z-4,跌.尾反孕oVo,9妩.__Aa龙猪._主,,-4,-53,-53,NA,,空长,-0.3,-3.1,2.1,,
,50,4,0.51
2023/5/22,5.92,5.9,5.94,5.87,0.17,0.51,屎v0忑.警,忑,y戊↘忑-55.Z-5,升.尾连oQ.Q2,7姗.__Bb龙管杂._主,,-5,-54,-54,NA,,空长,0,-3,2.2,,
,33,4,0.34
2023/5/23,5.85,5.91,5.94,5.84,-1.18,0.34,屎v0忑.警,忑,y戊↘忑-56.Z-6,(升)人.连后吞QV,7姗.__Bb龙管杂._主,,-6,-55,-55,NA,,空长,0.4,-3.1,1.1,,
,-350,3,0.34
2023/5/24,5.73,5.84,5.87,5.73,-2.05,0.34,屎v0忑.警,忑,y戊↘忑-57.Z-7,跌.尾连VW.W2,7姗.__Bb龙管杂._主,,-7,-56,-56,NA,,空长,0,-3.5,1.9,,
,-600,4,0
2023/5/25,5.68,5.72,5.73,5.61,-0.87,0,屎v0忑.警,忑,y戊↘忑-58.Z-8,跌.尾连WW.W3,7姗.__Bb龙管杂._主,,-8,-57,-57,NA,,空长,-1.5,-3.9,2.1,,
,0,6,0.35
2023/5/26,5.68,5.68,5.7,5.58,0,0.35,屎v0忑.警,忑,y戊↘忑-59.Z-9,跌.尾反孕Wo,9妩.__Aa龙猪._主,,-9,-58,-58,NA,,空长,-1.3,-4.2,2.9,,
,0,6,0.7
2023/5/29,5.52,5.68,5.72,5.51,-2.82,0.7,屎v0忑.警,忑,y戊↘忑-60.Z-10,跌.尾吞oV,9妩.__Aa龙猪._主,,-10,-59,-59,NA,,空长,0.2,-4.8,4,,
,-400,8,0
2023/5/30,5.26,5.5,5.52,5.18,-4.71,0,屎v0忑.警,忑,y戊↘忑-61.Z-11,跌.尾连VW.W2,9妩.__Aa龙猪._主,,-11,-60,-60,NA,,空长,-1.3,-5.9,4.9,,
,0,13,1.71
2023/5/31,5.22,5.27,5.35,5.19,-0.76,1.71,屎v0忑.警,忑,y戊↘忑-62.Z-12,跌.尾连WW.W3,9妩.__Aa龙猪._主,,-12,-61,-61,NA,,空长,-2.5,-7,4.4,,
,-44,11,1.72
2023/6/1,5.23,5.22,5.31,5.18,0.19,1.72,屎v0忑.警,忑,y戊↘忑-63.Z-13,跌.尾反孕Wo,9妩.__Aa龙猪._主,,-13,-62,-62,NA,,空长,-1.8,-7.6,5.8,,
,11,10,4.4
2023/6/2,5.43,5.27,5.46,5.24,3.82,4.4,屎v0忑.警,忑,y戊↘忑-64.Z-14,升.尾连oQ.Q2,7姗.__Bb龙管杂._主,,-14,-63,-63,NA,,空长,1.2,-7.2,6.1,,
,87,10,0.37
2023/6/5,5.38,5.43,5.45,5.34,-0.92,0.37,屎v0忑.警,忑,y戊↘忑-65.Z-15,升.尾反孕Qv,7姗.__Bb龙管杂._主,,-15,-64,-64,NA,,空长,1.2,-6.8,2.5,,
,-250,7,0.93
2023/6/6,5.26,5.4,5.43,5.26,-2.23,0.93,屎v0忑.警,忑,y戊↘忑-66.Z-16,跌.尾连vW.W2,7姗.__Fa震正〇._主,,-16,-65,-65,NA,,空长,1.3,-6.7,1.9,,
,-240,5,1.33
2023/6/7,5.22,5.28,5.33,5.2,-0.76,1.33,屎v0忑.警,忑,y戊↘忑-67.Z-17,跌.尾连WW.W3,7姗.__Fa震正〇._主,,-17,-66,-66,NA,,空长,0.2,-6.8,2.6,,
,-57,5,0.96
2023/6/8,5.18,5.23,5.27,5.15,-0.77,0.96,屎v0忑.警,忑,y戊↘忑-68.Z-18,跌.尾连WW.W4,9妩.__Aa龙猪._主,,-18,-67,-67,NA,,空长,-0.2,-6.9,3.4,,
,-80,6,0.58
2023/6/9,5.08,5.2,5.21,5.04,-1.93,0.58,屎v0忑.警,忑,y戊↘忑-69.Z-19,跌.尾连WW.W5,9妩.__Aa龙猪._主,,-19,-68,-68,NA,,空长,-0.3,-7.1,4.2,,
,-333,8,2.76
2023/6/12,5.17,5.07,5.22,4.98,1.77,2.76,屎v0忑.警,忑,y戊↘忑-70.Z-20,跌.尾反孕Wo,9妩.__Aa龙猪._主,,-20,-69,-69,NA,,空长,0.3,-7,4.4,,
,64,9,0.77
2023/6/13,5.14,5.19,5.21,5.09,-0.58,0.77,屎v0忑.警,忑,y戊↘忑-71.Z-21,(跌)人.孕孕ov,9妩.__Aa龙猪._主,,-21,-70,-70,NA,,空长,0.5,-6.8,2.8,,
,-75,7,0.78
2023/6/14,5.15,5.15,5.18,5.09,0.19,0.78,屎v0忑.警,忑,y戊↘忑-72.Z-22,(人)人.孕孕vo,9妩.__Aa龙猪._主,,-22,-71,-71,NA,,空长,0.2,-6.5,1.9,,
,25,6,0.19
2023/6/15,5.15,5.15,5.16,5.1,0,0.19,屎v0忑.警,忑,y戊↘忑-73.Z-23,升.尾连oQ.Q2,7姗.__Fa震正〇._主,,-23,-72,-72,NA,,空长,-0.1,-6.2,1.1,,
,0,5,7.77
2023/6/16,5.31,5.16,5.55,5.14,3.11,7.77,屎v1忑.警,忑,y戊↘忠-74.I,升.尾连QQ.Q3,4蛀.__Fe震正根._主,,1,-73,-73,NA,,空长,6.8,-5.3,6.8,,
,40,11,0.38
2023/6/19,5.16,5.31,5.33,5.15,-2.82,0.38,屎v0忑.警,忑,y戊↘忑-75.Y暂,升.尾反孕Qv,5暂.__Fa震正〇._主,,-1,-74,-74,NA,,空长,2.6,-4.9,6.9,,
,-750,9,0.58
2023/6/20,5.09,5.16,5.19,5.08,-1.36,0.58,屎v0忑.警,忑,y戊↘忑-76.Z-2暂,跌.尾连vW.W2,5暂.__Fa震正〇._主,,-2,-75,-75,NA,,空长,0.4,-4.9,7.3,,
,-233,9,0.59
2023/6/21,5.05,5.07,5.12,5,-0.79,0.59,屎v0忑.警,忑,y戊↘忑-77.Z-3暂,跌.尾连WW.W3,5暂.__Fa震正〇._主,,-3,-76,-76,NA,,空长,-0.4,-5,8,,
,-133,11,0.4
2023/6/26,4.99,5.04,5.07,4.93,-1.19,0.4,屎v0忑.警,忑,y戊↘忑-78.Z-4,跌.尾连WW.W4,9妩.__Aa龙猪._主,,-4,-77,-77,NA,,空长,-0.6,-5.3,8.8,,
,-300,13,5.41
2023/6/27,5.25,5,5.26,4.95,5.21,5.41,屎v1忑.警,忑,y戊↘忠-79.I,(跌)人.连后吞WO,4蛀.__Be龙管根._主,,1,-78,-78,NA,,空长,2.7,-4.5,4,,
,96,8,0.19
2023/6/28,5.26,5.24,5.26,5.14,0.19,0.19,屎v2忑,忑,r己↗忐-80.B2,升.尾连OQ.Q2,4蛀.__Fe震正根.储,,2,-79,-79,NA,,空长,1.9,-3.7,1.9,,
,100,7,0.95
2023/6/29,5.28,5.27,5.31,5.23,0.38,0.95,屎v2忑,忑,r己↗忐-81.B3,升.尾连QQ.Q3,4蛀.__Fe震正根.储,,3,-80,-80,NA,,空长,2.2,-2.9,2.2,,
,40,8,3.41
2023/6/30,5.37,5.37,5.46,5.3,1.7,3.41,屎v3忑,忑,a甲↗上1.A4,升.尾连QQ.Q4,0橅.__Ff震负.储,,4,-81,-81,NA,,空长,4.2,-2,4.2,,
,50,11,5.21
2023/7/3,5.51,5.37,5.65,5.33,2.61,5.21,屎V5忠.盈,忠,a甲↗上2.A5,升.尾连QQ.Q5,0橅.Aa龙猪.储,a连5高,5,1,-82,NA,,空长,6.4,-0.8,6.4,5,
5,50,14,0
2023/7/4,5.44,5.51,5.51,5.4,-1.27,0,屎V5忠,忠,a甲↗上3.A6,升.尾反孕Qv,0橅.Aa龙猪.储,,6,2,-83,NA,,空长,2.9,-0.1,5.5,5,
5,0,10,0.18
2023/7/5,5.41,5.43,5.45,5.38,-0.55,0.18,屎V5忠,忠,a甲↗上4.A7,跌.尾连vW.W2,2栅.Bc龙管栅.初,,7,3,-84,NA,,空长,1.3,0.2,5.1,5,
5,-300,8,0.92
2023/7/6,5.38,5.39,5.46,5.35,-0.55,0.92,屎V5忠,忠,a甲↗上5.A8,跌.尾连WW.W3,3桮.Fa震正〇.初,,8,4,-85,NA,,空长,1.4,0.3,5,5,
5,-60,7,1.3
2023/7/7,5.39,5.37,5.45,5.35,0.19,1.3,屎V5忠,忠,a甲↗上6.A9,(跌)人.连后吞WO,3桮.Fa震正〇.初,,9,5,-86,NA,,空长,1.2,0.3,4.9,5,
5,14,6,1.11
2023/7/10,5.42,5.37,5.45,5.37,0.56,1.11,屎V5忠,忠,a甲↗上7.A10,升.尾连OQ.Q2,3桮.Fa震正〇.初,,10,6,-87,NA,,空长,1,0.4,2.2,2,
5,50,3,1.48
2023/7/11,5.46,5.43,5.5,5.41,0.74,1.48,屎V5忠.盈,忠,a甲↗上8.A11,升.尾连QQ.Q3,2栅.Fa震正〇.初,雀连3,11,7,-88,NA,,空长,1.7,0.6,1.7,2,
5,50,3,1.65
2023/7/12,5.38,5.53,5.55,5.37,-1.47,1.65,屎V5忠.盈,忠,b乙→中9.Y,(升)人.连后吞QV,5蛀.Fe震正根.初,雀,-1,8,-89,NA,,空长,2.6,0.5,2.6,3,
4,-89,4,1.3
2023/7/13,5.4,5.42,5.45,5.38,0.37,1.3,屎V5忠,忠,b乙→中10.Z-2,(升)人.连后吞QVo,5蛀.Fe震正根.初,,-2,9,-90,NA,,空长,0.8,0.4,2.7,3,
4,29,4,0.37
2023/7/14,5.37,5.42,5.42,5.36,-0.56,0.37,屎v3忑,忑,b乙→中11.Z-3,跌.尾吞oV,5蛀.__Ff震负._再D,,-3,-1,-91,NA,,空长,0.4,0.3,2.8,,
,-150,4,-0.37
2023/7/17,5.35,5.24,5.35,5.16,-0.37,-0.37,屎v3忑.被,忑,c丙↘下12.Z-4,跌.尾连VW.W2,9妩.__Df头负._再D,,-4,-2,-92,NA,,空长,-0.6,0.1,3.1,,
,0,8,2.8
2023/7/18,5.46,5.38,5.5,5.33,2.06,2.8,屎V5忠,忠,b乙↗上13.I,(跌)人.连后吞WO,4蛀.Dd头正芽.初,,1,1,-93,NA,,空长,1.9,0.3,2.8,3,
3,73,8,1.47
2023/7/19,5.52,5.46,5.54,5.42,1.1,1.47,屎V5忠.盈,忠,b乙↗上14.B2,升.尾连OQ.Q2,4蛀.Dd头正芽.初,雀,2,2,-94,NA,,空长,2,0.7,2,2,
2,75,7,0.91
2023/7/20,5.48,5.55,5.57,5.46,-0.72,0.91,屎V5忠.盈,忠,b乙↗上15.B3,升.尾反孕Qv,4蛀.Aa龙猪.初,a,3,3,-95,NA,,空长,2.3,0.9,2.3,3,
3,-80,8,1.09
2023/7/21,5.5,5.47,5.54,5.46,0.36,1.09,屎V5忠,忠,b乙↗上16.A4,(升)人.孕孕vo,0橅.Aa龙猪.初,,4,4,-96,NA,,空长,1.4,1.1,2,3,
3,33,8,0.73
2023/7/24,5.5,5.53,5.54,5.44,0,0.73,屎V5忠,忠,b乙↗上17.A5,升.尾连oQ.Q2,0橅.Aa龙猪.初,,5,5,-97,NA,,空长,1.2,1.2,1.7,2,
2,0,5,3.82
2023/7/25,5.7,5.55,5.71,5.53,3.64,3.82,屎V6忐.盈,忐,b乙↗上18.A6,升.尾连QQ.Q3,0橅.Aa龙猪.主,a连3,6,6,-98,NA,,空看,3.3,1.8,3.3,5,
5,95,5,1.58
2023/7/26,5.7,5.79,5.79,5.66,0,1.58,屎V6忐.盈,忐,b乙↗上19.A7,升.尾连QQ.Q4,0橅.Aa龙猪.主,a连4,7,7,-99,NA,,空看,3.8,2.4,3.8,6,
6,0,6,0.7
2023/7/27,5.67,5.72,5.74,5.63,-0.53,0.7,屎V6忐,忐,b乙↗上20.A8,(升)人.连后吞QV,1柜.Aa龙猪.主,,8,8,-100,NA,,空看,2.3,2.7,3.2,5,
5,-75,6,1.76
2023/7/28,5.74,5.65,5.77,5.64,1.23,1.76,屎V6忐,忐,b乙↗上21.A9,(人)人.吞吞* VO,1柜.Aa龙猪.主,,9,9,-101,NA,,空看,2.2,3,2.6,5,
5,70,6,2.26
2023/7/31,5.8,5.8,5.87,5.79,1.05,2.26,屎V6忐.盈,忐,b乙↗上22.A10,升.尾连OQ.Q2,1柜.Aa龙猪.主,a,10,10,-102,NA,,空看,3.2,3.3,3.2,6,
6,46,6,0.69
2023/8/1,5.76,5.82,5.84,5.75,-0.69,0.69,屎V6忐,忐,b乙↗上23.A11,(升)人.连后吞QV,3桮.Bd龙管杂.主,,11,11,-103,NA,,空看,2.2,3.4,2.7,6,
6,-100,4,0.87
2023/8/2,5.74,5.77,5.81,5.73,-0.35,0.87,屎V6忐,忐,b乙↗上24.A12,跌.尾连VW.W2,2栅.Bc龙管栅.主,,12,12,-104,NA,,空看,1.5,3.3,2.5,5,
5,-40,4,0.87
2023/8/3,5.77,5.74,5.79,5.67,0.52,0.87,屎V6忐,忐,b乙↗上25.A13,(跌)人.连后吞WO,2栅.Fa震正〇.主,,13,13,-105,NA,,空看,0.9,3.3,2.3,5,
5,60,4,0.69
2023/8/4,5.7,5.78,5.81,5.68,-1.21,0.69,屎V6忐,忐,b乙→中26.Y,(人)人.吞吞* OV,5蛀.Fe震正根.主,,-1,14,-106,NA,,空看,1.4,2.9,2.4,5,
5,-175,4,0.35
2023/8/7,5.64,5.7,5.72,5.61,-1.05,0.35,屎V6忐,忐,b乙→中27.Z-2,跌.尾连VW.W2,5蛀.Fe震正根.主,,-2,15,-107,NA,,空看,0.2,2.4,2.3,4,
5,-300,4,0.53
2023/8/8,5.62,5.66,5.67,5.58,-0.35,0.53,屎V5忠.被,忠,c丙↘下28.Z-3,跌.尾连WW.W3,5蛀.Fe震正根.破,,-3,16,-108,NA,,空长,-0.3,1.9,2.2,4,
5,-67,4,0.89
2023/8/9,5.58,5.63,5.67,5.57,-0.71,0.89,屎V5忠.被,忠,c丙↘下29.Z-4,跌.尾连WW.W4,9妩.Fe震正根.破,,-4,17,-109,NA,,空长,0.2,1.4,2.7,4,
5,-80,4,0.72
2023/8/10,5.62,5.57,5.62,5.55,0.72,0.72,屎V5忠.警,忠,z丁↘忑-1.Z-5,跌.尾反孕Wo,9妩.Ff震负.破,,-5,18,-110,NA,,空长,-0.4,1.1,3,4,
5,100,5,0.36
2023/8/11,5.47,5.61,5.64,5.47,-2.67,0.36,屎v4忑.警,忑,z丁↘忑-2.Z-6,跌.尾吞oV,9妩.__Aa龙猪._破,,-6,-1,-111,NA,,空长,0.7,0.4,2.1,,
,-750,5,0.73
2023/8/14,5.49,5.45,5.51,5.37,0.37,0.73,屎v4忑.警,忑,z丁↘忑-3.Z-7,跌.尾反孕oVo,9妩.__Aa龙猪._初,,-7,-2,-112,NA,,空长,-1,-0.1,1.9,,
,50,6,0.91
2023/8/15,5.49,5.5,5.54,5.44,0,0.91,屎v4忑.警,忑,z丁↘忑-4.Z-8,升.尾连oQ.Q2,7姗.__Bb龙管杂._初,,-8,-3,-113,NA,,空长,0,-0.4,2.3,,
,0,6,2.37
2023/8/16,5.52,5.45,5.62,5.43,0.55,2.37,屎v4忑.警,忑,z丁↘忑-5.Z-9,升.尾连QQ.Q3,6娝.__Bc龙管栅._初,,-9,-4,-114,NA,,空长,1.6,-0.5,2,,
,23,5,2.17
2023/8/17,5.61,5.47,5.64,5.43,1.63,2.17,屎V5忠.盈,忠,r己↗忐-6.I,升.尾连QQ.Q4,4蛀.Df头负.再D,雀连4,1,1,-115,NA,,空长,1.7,-0.3,1.7,1,
4,75,5,0.71
2023/8/18,5.49,5.64,5.65,5.49,-2.14,0.71,屎v4忑.警,忑,y戊↘忑-7.Y暂,升.尾反孕Qv,5暂.__Fa震正〇._初,,-1,-1,-116,NA,,空长,2,-0.4,2,,
,-300,5,1.28
2023/8/21,5.46,5.49,5.56,5.46,-0.55,1.28,屎v4忑.警,忑,y戊↘忑-8.Z-2暂,跌.尾连vW.W2,5暂.__Fa震正〇._初,,-2,-2,-117,NA,,空长,0.7,-0.6,2.4,,
,-43,4,1.1
2023/8/22,5.4,5.48,5.52,5.32,-1.1,1.1,屎v0忑.警,忑,y戊↘忑-9.Z-3暂,跌.尾连WW.W3,5暂.__Aa龙猪._初,,-3,-3,-118,NA,,空长,0.6,-1,3,,
,-100,6,0.56
2023/8/23,5.26,5.36,5.43,5.23,-2.59,0.56,屎v0忑.警,忑,y戊↘忑-10.Z-4,跌.尾连WW.W4,9妩.__Aa龙猪._初,,-4,-4,-119,NA,,空长,0,-1.7,4,,
,-467,8,0.95
2023/8/24,5.22,5.26,5.31,5.2,-0.76,0.95,屎v0忑.警,忑,y戊↘忑-11.Z-5,跌.尾连WW.W5,9妩.__Aa龙猪._初,,-5,-5,-120,NA,,空长,-1.1,-2.5,5.2,,
,-80,9,1.72
2023/8/25,5.19,5.2,5.31,5.17,-0.57,1.72,屎v0忑.警,忑,y戊↘忑-12.Z-6,跌.尾连WW.W6,9妩.__Aa龙猪._初,,-6,-6,-121,NA,,空长,-0.2,-3,4.6,,
,-33,8,6.36
2023/8/28,5.36,5.47,5.52,5.33,3.28,6.36,屎v0忑.警,忑,y戊↘忑-13.Z-7,(跌)人.连后吞WO,8姖.__Aa龙猪._主,,-7,-7,-122,NA,,空长,3.9,-2.9,3.9,,
,52,7,1.87
2023/8/29,5.46,5.35,5.46,5.32,1.87,1.87,屎v2忑,忑,r己↗忐-14.I,升.尾连OQ.Q2,4蛀.__Fe震正根.储,,1,-8,-123,NA,,空长,2.1,-2.2,3.2,,
,100,7,1.1
2023/8/30,5.5,5.41,5.52,5.41,0.73,1.1,屎V5忠.盈,忠,r己↗忐-15.B2,升.尾连QQ.Q3,4蛀.Df头负.储,雀连3,2,1,-124,NA,,空长,2.4,-1.4,2.4,0,
3,67,7,2.73
2023/8/31,5.52,5.49,5.65,5.48,0.36,2.73,屎V5忠.盈,忠,r己↗忐-16.B3,升.尾连QQ.Q4,4蛀.Df头负.储,a连4,3,2,-125,NA,,空长,4.1,-0.8,4.1,3,
3,13,9,4.53
2023/9/1,5.71,5.6,5.77,5.6,3.44,4.53,屎V6忐.盈,忐,a甲↗上1.A4,升.尾连QQ.Q5,0橅.Aa龙猪.初,a连5,4,3,-126,NA,,空看,4.9,0.3,4.9,5,
5,76,8,5.78
2023/9/4,5.98,5.77,6.04,5.72,4.73,5.78,屎E9忐.盈,忐,a甲↗上2.A5,升.尾连QQ.Q6,0橅.Aa龙猪.初,a连6高,5,4,1,持主,,多被,7.5,2,7.5,9,
9,82,14,-0.33
2023/9/5,5.88,5.77,5.96,5.71,-1.67,-0.33,屎E9忐,忐,a甲↗上3.A6,升.尾反孕Qv,0橅.Aa龙猪.初,,6,5,2,持主,,多被,4.5,3,5.9,9,
9,0,12,4.42
2023/9/6,6.03,5.95,6.14,5.84,2.55,4.42,屎E9忐.盈,忐,a甲↗上4.A7,升.尾吞vO,0橅.Aa龙猪.初,a,7,6,3,持主,,多被,5.9,4.1,5.9,10,
10,58,12,1
2023/9/7,5.83,5.91,6.09,5.79,-3.32,1,屎E9忐,忐,a甲↗上5.A8,(升)人.吞吞vOV,1柜.Aa龙猪.初,,8,7,4,持主,,多被,4.5,4.1,5.4,9,
9,-333,10,0.17
2023/9/8,5.54,5.8,5.84,5.51,-4.97,0.17,屎V6忐.被,忐,c丙↘下6.Y,跌.尾连VW.W2,5蛀.Fe震正根.破,,-1,8,-1,NA,,空看,1.2,3,6.4,9,
9,-2900,11,2.17
2023/9/11,5.51,5.61,5.66,5.51,-0.54,2.17,屎v4忑.被,忑,c丙↘下7.Z-2,跌.尾连WW.W3,5蛀.__Df头负._破,,-2,-1,-2,NA,,空长,-0.7,1.8,7.8,,
,-25,11,1.09
2023/9/12,5.42,5.57,5.57,5.4,-1.63,1.09,屎v4忑.警,忑,z丁↘忑-1.Z-3,跌.尾连WW.W4,5蛀.__Aa龙猪._破,,-3,-2,-3,NA,,空长,-0.9,0.6,9.2,,
,-150,14,0.55
2023/9/13,5.38,5.38,5.45,5.35,-0.74,0.55,屎v4忑.警,忑,z丁↘忑-2.Z-4,跌.尾连WW.W5,9妩.__Aa龙猪._初,,-4,-3,-4,NA,,空长,-1.8,-0.4,9.7,,
,-133,14,0.56
2023/9/14,5.35,5.35,5.41,5.31,-0.56,0.56,屎v4忑.警,忑,z丁↘忑-3.Z-5,跌.尾连WW.W6,9妩.__Aa龙猪._初,,-5,-4,-5,NA,,空长,-1.5,-1.2,6.4,,
,-100,10,2.43
2023/9/15,5.46,5.39,5.48,5.33,2.06,2.43,屎v0忑.警,忑,z丁↘忑-4.Z-6,(跌)人.连后吞WO,8姖.__Aa龙猪._初,,-6,-5,-6,NA,,空长,0.2,-1.4,3.5,,
,85,7,2.75
2023/9/18,5.6,5.47,5.61,5.38,2.56,2.75,屎v2忑,忑,r己↗忐-5.I,升.尾连OQ.Q2,4蛀.__Fe震正根.储,,1,-6,-7,NA,,空长,2.1,-1,2.1,,
,93,6,0.54
2023/9/19,5.56,5.59,5.63,5.55,-0.71,0.54,屎V5忠.盈,忠,r己↗忐-6.B2,升.尾反孕Qv,4蛀.Df头负.储,雀,2,1,-8,NA,,空长,2.1,-0.6,2.1,1,
10,-133,6,0.54
2023/9/20,5.52,5.52,5.59,5.5,-0.72,0.54,屎v1忑.警,忑,y戊↘忠-7.B3,跌.尾连vW.W2,4蛀.__Fe震正根._初,,3,-1,-9,NA,,空长,1.3,-0.5,2,,
,-133,6,0.36
2023/9/21,5.47,5.53,5.54,5.42,-0.91,0.36,屎v0忑.警,忑,y戊↘忑-8.Y暂,跌.尾连WW.W3,5暂.__Fa震正〇._再B,,-1,-2,-10,NA,,空长,0.5,-0.6,2.2,,
,-250,6,0.91
2023/9/22,5.48,5.52,5.52,5.43,0.18,0.91,屎v0忑.警,忑,y戊↘忑-9.Z-2暂,跌.尾反孕Wo,5暂.__Fa震正〇._再B,,-2,-3,-11,NA,,空长,0.3,-0.7,2.3,,
,20,5,-0.18
2023/9/25,5.3,5.45,5.47,5.28,-3.28,-0.18,屎v0忑.警,忑,y戊↘忑-10.Z-3暂,跌.尾吞oV,5暂.__Aa龙猪._再B,,-3,-4,-12,NA,,空长,0.3,-1.3,3.2,,
,0,7,0.57
2023/9/26,5.25,5.31,5.33,5.24,-0.94,0.57,屎v0忑.警,忑,y戊↘忑-11.Z-4,跌.尾连VW.W2,9妩.__Aa龙猪._再B,,-4,-5,-13,NA,,空长,-1.3,-2,3.6,,
,-167,7,0.95
2023/9/27,5.24,5.22,5.3,5.21,-0.19,0.95,屎v0忑.警,忑,y戊↘忑-12.Z-5,跌.尾连WW.W3,9妩.__Aa龙猪._主,,-5,-6,-14,NA,,空长,-1,-2.5,3.5,,
,-20,6,2.48
2023/9/28,5.36,5.23,5.37,5.23,2.29,2.48,屎v0忑.警,忑,y戊↘忑-13.Z-6,(跌)人.连后吞WO,8姖.__Aa龙猪._主,,-6,-7,-15,NA,,空长,0.5,-2.5,3.3,,
,92,6,0.37
2023/10/9,5.23,5.36,5.38,5.22,-2.43,0.37,屎v0忑.警,忑,y戊↘忑-14.Z-7,(跌)人.连后吞WOv,8姖.__Aa龙猪._主,,-7,-8,-16,NA,,空长,1.2,-2.7,2.9,,
,-650,5,1.34
2023/10/10,5.19,5.24,5.3,5.17,-0.76,1.34,屎v0忑.警,忑,y戊↘忑-15.Z-8,跌.尾连vW.W2,8姖.__Aa龙猪._主,,-8,-9,-17,NA,,空长,0.4,-3,1.9,,
,-57,4,0.77
2023/10/11,5.17,5.19,5.23,5.15,-0.39,0.77,屎v0忑.警,忑,y戊↘忑-16.Z-9,跌.尾连WW.W3,8姖.__Aa龙猪._主,,-9,-10,-18,NA,,空长,-0.4,-3.2,2.5,,
,-50,4,1.16
2023/10/12,5.23,5.18,5.23,5.17,1.16,1.16,屎v0忑.警,忑,y戊↘忑-17.Z-10,(跌)人.连后吞WO,8姖.__Aa龙猪._主,,-10,-11,-19,NA,,空长,-0.2,-3.2,2.7,,
,100,4,-0.38
2023/10/13,5.12,5.2,5.21,5.11,-2.1,-0.38,屎v0忑.警,忑,y戊↘忑-18.Z-11,(人)人.吞吞* OV,8姖.__Aa龙猪._主,,-11,-12,-20,NA,,空长,0,-3.4,3.3,,
,0,5,2.73
2023/10/16,5.17,5.12,5.26,5.11,0.98,2.73,屎v0忑.警,忑,y戊↘忑-19.Z-12,(人)人.吞吞* OV,8姖.__Aa龙猪._主,,-12,-13,-21,NA,,空长,1.3,-3.3,2,,
,36,4,0.97
2023/10/17,5.17,5.19,5.22,5.11,0,0.97,屎v0忑.警,忑,y戊↘忑-20.Z-13,升.尾连oQ.Q2,7姗.__Bb龙管杂._主,,-13,-14,-22,NA,,空长,0.7,-3.2,1.4,,
,0,3,-0.19
2023/10/18,5.04,5.15,5.16,5.02,-2.51,-0.19,屎v0忑.警,忑,y戊↘忑-21.Z-14,(升)人.连后吞QV,7姗.__Bb龙管杂._主,,-14,-15,-23,NA,,空长,0.2,-3.5,2.1,,
,0,5,1.79
2023/10/19,5.04,5.01,5.13,4.99,0,1.79,屎v0忑.警,忑,y戊↘忑-22.Z-15,(升)人.连后吞QVo,7姗.__Bb龙管杂._主,,-15,-16,-24,NA,,空长,0.2,-3.7,2.8,,
,0,5,1.19
2023/10/20,5.02,5,5.1,5,-0.4,1.19,屎v0忑.警,忑,y戊↘忑-23.Z-16,(人)人.孕孕vo,7姗.__Bb龙管杂._主,,-16,-17,-25,NA,,空长,0.2,-3.9,3.3,,
,-33,5,0.2
2023/10/23,4.96,5.02,5.03,4.85,-1.2,0.2,屎v0忑.警,忑,y戊↘忑-24.Z-17,跌.尾连vW.W2,9妩.__Aa龙猪._主,,-17,-18,-26,NA,,空长,-0.5,-4.1,3.3,,
,-600,8,1.61
2023/10/24,5.01,4.94,5.04,4.91,1.01,1.61,屎v0忑.警,忑,y戊↘忑-25.Z-18,跌.尾反孕Wo,9妩.__Aa龙猪._主,,-18,-19,-27,NA,,空长,0.1,-4.1,2.4,,
,62,6,2.2
2023/10/25,5.09,5.02,5.12,5.02,1.6,2.2,屎v1忑.警,忑,y戊↘忠-26.I,升.尾连oQ.Q2,4蛀.__Be龙管根._主,,1,-20,-28,NA,,空长,1.5,-3.7,1.7,,
,73,6,0.39
2023/10/26,5.1,5.09,5.11,5.02,0.2,0.39,屎v1忑.警,忑,y戊↘忠-27.B2,升.尾连QQ.Q3,4蛀.__Fe震正根._主,,2,-21,-29,NA,,空长,1,-3.2,1.2,,
,50,6,1.37
2023/10/27,5.15,5.08,5.17,5.04,0.98,1.37,屎v2忑,忑,r己↗忐-28.B3,升.尾连QQ.Q4,4蛀.__Fe震正根.储,,3,-22,-30,NA,,空长,1.7,-2.7,1.7,,
,71,7,0.58
2023/10/30,5.14,5.1,5.18,5.09,-0.19,0.58,屎v2忑,忑,r己↗忐-29.A4,升.尾反孕Qv,0橅.__Fe震正根.储,,4,-23,-31,NA,,空长,1.6,-2.2,1.6,,
,-33,5,1.17
2023/10/31,5.17,5.13,5.2,5.11,0.58,1.17,屎v2忑,忑,r己↗忐-30.A5,升.尾吞vO,0橅.__Fe震正根.储,,5,-24,-32,NA,,空长,1.6,-1.7,1.6,,
,50,4,0.97
2023/11/1,5.22,5.16,5.22,5.12,0.97,0.97,屎v3忑,忑,a甲↗上1.A6,升.尾连OQ.Q2,0橅.__Ff震负.储,,6,-25,-33,NA,,空长,1.4,-1.2,1.4,,
,100,4,0.57
2023/11/2,5.18,5.2,5.25,5.17,-0.77,0.57,屎v3忑,忑,a甲↗上2.A7,升.尾反孕Qv,0橅.__Ff震负.储,,7,-26,-34,NA,,空长,1.7,-0.9,1.7,,
,-133,4,1.74
2023/11/3,5.23,5.19,5.27,5.17,0.97,1.74,屎V5忠.盈,忠,a甲↗上3.A8,升.尾吞vO,0橅.Aa龙猪.储,a,8,1,-35,NA,,空长,1.8,-0.6,1.8,1,
1,56,4,1.53
2023/11/6,5.3,5.26,5.31,5.22,1.34,1.53,屎V5忠.盈,忠,a甲↗上4.A9,升.尾连OQ.Q2,0橅.Aa龙猪.储,a,9,2,-36,NA,,空长,1.9,-0.1,1.9,1,
1,88,4,0.38
2023/11/7,5.3,5.32,5.32,5.22,0,0.38,屎V5忠.盈,忠,a甲↗上5.A10,升.尾连QQ.Q3,0橅.Aa龙猪.初,a连3,10,3,-37,NA,,空长,1.6,0.3,1.6,1,
1,0,4,0.75
2023/11/8,5.31,5.33,5.34,5.26,0.19,0.75,屎V5忠.盈,忠,a甲↗上6.A11,升.尾连QQ.Q4,0橅.Aa龙猪.初,a连4,11,4,-38,NA,,空长,1.5,0.6,1.5,2,
2,25,3,0.19
2023/11/9,5.3,5.32,5.32,5.27,-0.19,0.19,屎V5忠,忠,a甲↗上7.A12,(升)人.连后吞QV,1柜.Aa龙猪.初,,12,5,-39,NA,,空长,0.9,0.8,1.3,2,
2,-100,3,0.19
2023/11/10,5.29,5.29,5.31,5.23,-0.19,0.19,屎V5忠,忠,a甲↗上8.A13,跌.尾连VW.W2,2栅.Bc龙管栅.初,,13,6,-40,NA,,空长,0.6,0.8,1.1,1,
1,-100,2,1.89
2023/11/13,5.37,5.32,5.39,5.3,1.51,1.89,屎V6忐.盈,忐,a甲↗上9.A14,(跌)人.连后吞WO,2栅.Bc龙管栅.初,a,14,7,-41,NA,,空看,1.7,1.1,1.7,2,
2,80,3,1.3
2023/11/14,5.39,5.38,5.44,5.36,0.37,1.3,屎V6忐.盈,忐,a甲↗上10.A15,升.尾连OQ.Q2,2栅.Bc龙管栅.初,a,15,8,-42,NA,,空看,2.1,1.4,2.1,3,
3,29,4,1.48
2023/11/15,5.43,5.4,5.47,5.39,0.74,1.48,屎V6忐.盈,忐,a甲↗上11.A16,升.尾连QQ.Q3,2栅.Bc龙管栅.初,a连3,16,9,-43,NA,,空看,2.1,1.7,2.1,3,
3,50,5,1.1
2023/11/16,5.41,5.44,5.49,5.39,-0.37,1.1,屎V6忐.盈,忐,a甲↗上12.A17,升.尾反孕Qv,0橅.Aa龙猪.初,a,17,10,-44,NA,,空看,2.2,1.8,2.2,4,
4,-33,5,0.74
2023/11/17,5.44,5.42,5.45,5.4,0.55,0.74,屎V6忐,忐,a甲↗上13.A18,升.尾吞vO,0橅.Aa龙猪.主,,18,11,-45,NA,,空看,1.1,2,1.8,3,
3,75,4,0.74
2023/11/20,5.47,5.44,5.48,5.41,0.55,0.74,屎V6忐,忐,a甲↗上14.A19,升.尾连OQ.Q2,0橅.Aa龙猪.主,,19,12,-46,NA,,空看,1.2,2.1,1.4,3,
3,75,2,2.19
2023/11/21,5.5,5.55,5.59,5.48,0.55,2.19,屎V6忐.盈,忐,a甲↗上15.A20,升.尾连QQ.Q3,0橅.Aa龙猪.主,a连3,20,13,-47,NA,,空看,2.8,2.3,2.8,5,
5,25,4,1.82
2023/11/22,5.55,5.5,5.6,5.47,0.91,1.82,屎V6忐.盈,忐,a甲↗上16.A21,升.尾连QQ.Q4,0橅.Aa龙猪.主,a连4,21,14,-48,NA,,空看,2.4,2.6,2.4,5,
5,50,4,2.34
2023/11/23,5.66,5.56,5.68,5.51,1.98,2.34,屎E9忐.盈,忐,a甲↗上17.A22,升.尾连QQ.Q5,0橅.Aa龙猪.主,a连5,22,15,1,持主,,多被,3,3.1,3,6,
6,85,5,0.35
2023/11/24,5.65,5.65,5.68,5.61,-0.18,0.35,屎E9忐.盈,忐,a甲↗上18.A23,升.尾反孕Qv,0橅.Aa龙猪.主,a,23,16,2,持主,,多被,2.2,3.4,2.2,5,
5,-50,5,0
2023/11/27,5.6,5.61,5.65,5.56,-0.88,0,屎E0上,上,a甲↗上19.A24,跌.尾连vW.W2,2栅.Bc龙管栅.主,,24,17,3,持主,,多被,1.3,3.4,1.9,5,
5,0,4,1.43
2023/11/28,5.68,5.64,5.68,5.58,1.43,1.43,屎E0上.盈,上,a甲↗上20.A25,(跌)人.连后吞WO,2栅.Bc龙管栅.主,a,25,18,4,持主,,多被,1.4,3.5,1.4,4,
4,100,4,0.35
2023/11/29,5.66,5.67,5.7,5.63,-0.35,0.35,屎E0上.盈,上,a甲↗上21.A26,(跌)人.连后吞WOv,2栅.Bc龙管栅.主,a,26,19,5,持主,,多被,1.4,3.6,1.4,4,
4,-100,3,0
2023/11/30,5.58,5.64,5.66,5.54,-1.41,0,屎E2上,上,b乙→中22.Y,跌.尾连vW.W2,5蛀.Be龙管根.主,,-1,20,6,持被,,多被,0.8,3.2,1.5,4,
4,0,3,0.9
2023/12/1,5.59,5.58,5.63,5.55,0.18,0.9,唏E2上,上,b乙→中23.Z-2,跌.尾反孕Wo,5蛀.Be龙管根.主,,-2,21,7,持被,,多被,0.4,2.9,1.6,4,
4,20,3,1.07
2023/12/4,5.61,5.6,5.65,5.55,0.36,1.07,唏E2上,上,b乙→中24.Z-3,升.尾连oQ.Q2,5蛀.Fe震正根.主,,-3,22,8,持被,,多被,0.7,2.6,1.6,4,
4,33,3,0.71
2023/12/5,5.59,5.62,5.65,5.58,-0.36,0.71,唏E2上,上,b乙→中25.Z-4,(升)人.连后吞QV,7姗.Fe震正根.主,,-4,23,9,持被,,多被,0.8,2.4,1.7,4,
4,-50,3,0.89
2023/12/6,5.6,5.49,5.64,5.49,0.18,0.89,唏E2上,上,b乙→中26.Z-5,(升)人.连后吞QVo,7姗.Fe震正根.主,,-5,24,10,持被,,多被,0.7,2.2,1,3,
3,20,3,1.07
2023/12/7,5.63,5.57,5.66,5.57,0.54,1.07,唏E0上.盈,上,b乙↗上27.I,升.尾连oQ.Q2,4蛀.Fd震正芽.主,雀,1,25,11,持主,,多被,0.9,2.1,0.9,3,
3,50,3,0.71
2023/12/8,5.48,5.63,5.67,5.48,-2.66,0.71,屎V7上.被.盈,上,c丙↘下28.Y暂,(升)人.连后吞QV,5暂.Fe震正根.破,雀,-1,26,-1,NA,,空看,1.6,1.6,1.6,3,
3,-375,3,0.73
2023/12/11,5.51,5.44,5.52,5.36,0.55,0.73,屎V7上.警,上,z丁↘忑-1.Z-2暂,(升)人.连后吞QVo,5暂.Ff震负.破,,-2,27,-2,NA,,空看,-0.7,1.1,2,3,
3,75,6,0.73
2023/12/12,5.51,5.55,5.55,5.42,0,0.73,屎V7上.警,上,z丁↘忑-2.Z-3暂,升.尾连oQ.Q2,5暂.Ff震负.破,,-3,28,-3,NA,,空看,0.1,0.8,2.3,3,
3,0,6,0.18
2023/12/13,5.44,5.52,5.52,5.43,-1.27,0.18,屎V8中.警,中,z丁↘忑-3.Z-4,(升)人.连后吞QV,7姗.__Bb龙管杂._破,,-4,-1,-4,NA,,空看,0.1,0.4,2.8,,
,-700,6,1.47
2023/12/14,5.45,5.45,5.52,5.44,0.18,1.47,屎V8中.警,中,z丁↘忑-4.Z-5,(升)人.连后吞QVo,7姗.__Fa震正〇._破,,-5,-2,-5,NA,,空看,0.4,0.1,3.2,,
,12,6,2.2
2023/12/15,5.5,5.49,5.57,5.46,0.92,2.2,屎V8中.警,中,z丁↘忑-5.Z-6,升.尾连oQ.Q2,6娝.__Fa震正〇._破,,-6,-3,-6,NA,,空看,1.4,0,1.4,,
,42,4,0.36
2023/12/18,5.41,5.52,5.52,5.39,-1.64,0.36,屎v9下.警,下,z丁↘忑-6.Z-7,(升)人.连后吞QV,7姗.__Fa震正〇._初,,-7,-4,-7,NA,,空长,0.9,-0.3,1.8,,
,-450,3,0.92
2023/12/19,5.43,5.42,5.46,5.36,0.37,0.92,屎v9下.警,下,z丁↘忑-7.Z-8,(升)人.连后吞QVo,7姗.__Bb龙管杂._初,,-8,-5,-8,NA,,空长,0,-0.4,2,,
,40,4,0.74
2023/12/20,5.34,5.47,5.47,5.34,-1.66,0.74,屎v9下.警,下,z丁↘忑-8.Z-9,跌.尾吞oV,7姗.__Bb龙管杂._初,,-9,-6,-9,NA,,空长,0.7,-0.8,2.6,,
,-225,4,3
2023/12/21,5.48,5.33,5.5,5.29,2.62,3,屎V8中.警,中,y戊↘忠-9.I,(跌)人.吞吞oVO,4蛀.__Be龙管根._初,,1,-7,-10,NA,,空看,1.2,-0.7,2.5,,
,88,5,0.91
2023/12/22,5.37,5.47,5.53,5.35,-2.01,0.91,屎v9下.警,下,y戊↘忑-10.Y暂,(跌)人.吞吞oVOv,5暂.__Aa龙猪._初,,-1,-8,-11,NA,,空长,2,-0.8,2,,
,-220,5,0.37
2023/12/25,5.28,5.37,5.39,5.23,-1.68,0.37,屎v9下.警,下,y戊↘忑-11.Z-2暂,跌.尾连vW.W2,5暂.__Aa龙猪._初,,-2,-9,-12,NA,,空长,0.1,-1.3,2.7,,
,-450,6,0.38
2023/12/26,5.25,5.29,5.3,5.19,-0.57,0.38,屎v9下.警,下,y戊↘忑-12.Z-3暂,跌.尾连WW.W3,5暂.__Aa龙猪._初,,-3,-10,-13,NA,,空长,-0.9,-1.7,3.4,,
,-150,7,0.76
2023/12/27,5.28,5.27,5.29,5.17,0.57,0.76,屎v9下.警,下,y戊↘忑-13.Z-4,跌.尾反孕Wo,9妩.__Aa龙猪._主,,-4,-11,-14,NA,,空长,-0.7,-1.9,3.8,,
,75,7,2.08
2023/12/28,5.37,5.29,5.39,5.22,1.7,2.08,屎v1忑.警,忑,y戊↘忠-14.I,升.尾连oQ.Q2,4蛀.__Be龙管根._主,,1,-12,-15,NA,,空长,1.1,-1.7,3.8,,
,82,7,0.37
2023/12/29,5.37,5.31,5.39,5.31,0,0.37,屎v1忑.警,忑,y戊↘忠-15.B2,升.尾连QQ.Q3,4蛀.__Be龙管根._主,,2,-13,-16,NA,,空长,0.9,-1.4,0.9,,
,0,4,0.93
2024/1/2,5.42,5.38,5.42,5.33,0.93,0.93,屎v2忑,忑,r己↗忐-16.B3,升.尾连QQ.Q4,4蛀.__Fe震正根.储,,3,-14,-17,NA,,空长,1.1,-1.1,1.1,,
,100,5,0.18
2024/1/3,5.43,5.41,5.43,5.36,0.18,0.18,屎V5忠.盈,忠,r己↗忐-17.A4,升.尾连QQ.Q5,0橅.Df头负.储,雀连5,4,1,-18,NA,,空长,0.9,-0.7,0.9,0,
2,100,5,0
2024/1/4,5.43,5.41,5.43,5.33,0,0,屎V6忐.盈,忐,a甲↗上1.A5,升.尾连QQ.Q6,0橅.Dd头正芽.储,雀连6,5,2,-19,NA,,空看,0.6,-0.4,0.6,0,
2,0,4,0.55
2024/1/5,5.38,5.4,5.46,5.33,-0.92,0.55,屎v3忑,忑,a甲↗上2.A6,(升)人.连后吞QV,1柜.__Ff震负._再C,,6,-1,-20,NA,,空长,1.2,-0.4,1.2,,
,-167,3,0
2024/1/8,5.26,5.37,5.38,5.21,-2.23,0,屎v0忑.警,忑,z丁↘忑-1.Y,跌.尾连VW.W2,5蛀.__Fa震正〇._再C,,-1,-2,-21,NA,,空长,0.3,-0.8,1.8,,
,0,5,0.57
2024/1/9,5.27,5.22,5.29,5.19,0.19,0.57,屎v0忑.警,忑,z丁↘忑-2.Z-2,跌.尾反孕Wo,5蛀.__Fa震正〇._再C,,-2,-3,-22,NA,,空长,-0.9,-1.1,2.3,,
,33,5,0.38
2024/1/10,5.23,5.26,5.29,5.19,-0.76,0.38,屎v0忑.警,忑,z丁↘忑-3.Z-3,(跌)人.孕孕ov,5蛀.__Fa震正〇._再C,,-3,-4,-23,NA,,空长,-0.3,-1.5,2.9,,
,-200,5,0.76
2024/1/11,5.25,5.21,5.27,5.19,0.38,0.76,屎v0忑.警,忑,z丁↘忑-4.Z-4,(人)人.孕孕vo,9妩.__Aa龙猪._再C,,-4,-5,-24,NA,,空长,-0.3,-1.7,3.3,,
,50,5,1.14
2024/1/12,5.18,5.26,5.31,5.15,-1.33,1.14,屎v0忑.警,忑,z丁↘忑-5.Z-5,跌.尾吞oV,9妩.__Aa龙猪._主,,-5,-6,-25,NA,,空长,1,-2,2.3,,
,-117,4,0.97
2024/1/15,5.2,5.13,5.23,5.12,0.39,0.97,屎v0忑.警,忑,z丁↘忑-6.Z-6,跌.尾反孕oVo,9妩.__Aa龙猪._主,,-6,-7,-26,NA,,空长,-0.2,-2.1,1.3,,
,40,4,0.19
2024/1/16,5.17,5.21,5.21,5.07,-0.58,0.19,屎v0忑.警,忑,z丁↘忑-7.Z-7,(跌)人.孕孕ov,9妩.__Aa龙猪._主,,-7,-8,-27,NA,,空长,-0.2,-2.2,1.7,,
,-300,5,0.58
2024/1/17,5.08,5.18,5.2,5.08,-1.74,0.58,屎v0忑.警,忑,z丁↘忑-8.Z-8,跌.尾连vW.W2,9妩.__Aa龙猪._主,,-8,-9,-28,NA,,空长,0.3,-2.6,2.4,,
,-300,5,0.59
2024/1/18,4.95,5.06,5.11,4.79,-2.56,0.59,屎v0忑.警,忑,z丁↘忑-9.Z-9,跌.尾连WW.W3,9妩.__Aa龙猪._主,,-9,-10,-29,NA,,空长,-0.3,-3.3,3.6,,
,-433,11,2.42
2024/1/19,4.97,4.96,5.07,4.93,0.4,2.42,屎v0忑.警,忑,z丁↘忑-10.Z-10,跌.尾反孕Wo,9妩.__Aa龙猪._主,,-10,-11,-30,NA,,空长,-0.1,-3.8,3,,
,17,9,0.2
2024/1/22,4.61,4.97,4.98,4.56,-7.24,0.2,屎v0忑.警,忑,z丁↘忑-11.Z-11,跌.尾吞oV,9妩.__Aa龙猪._主,,-11,-12,-31,NA,,空长,0.4,-5.2,5,,
,-3600,14,0
2024/1/23,4.53,4.59,4.61,4.43,-1.74,0,屎v0忑.警,忑,z丁↘忑-12.Z-12,跌.尾连VW.W2,9妩.__Aa龙猪._主,,-12,-13,-32,NA,,空长,-4.8,-6.7,7.4,,
,0,17,4.42
2024/1/24,4.66,4.54,4.73,4.47,2.87,4.42,屎v0忑.警,忑,z丁↘忑-13.Z-13,(跌)人.连后吞WO,8姖.__Aa龙猪._主,,-13,-14,-33,NA,,空长,-0.9,-7.2,7,,
,65,15,3.43
2024/1/25,4.81,4.7,4.82,4.63,3.22,3.43,屎v0忑.警,忑,z丁↘忑-14.Z-14,升.尾连OQ.Q2,7姗.__Bb龙管杂._主,,-14,-15,-34,NA,,空长,1.1,-6.9,6.4,,
,94,14,2.91
2024/1/26,4.9,4.79,4.95,4.78,1.87,2.91,屎v1忑.警,忑,y戊↘忠-15.I,升.尾连QQ.Q3,4蛀.__Fe震正根._主,,1,-16,-35,NA,,空长,3.2,-5.9,3.9,,
,64,12,1.02
2024/1/29,4.65,4.9,4.95,4.62,-5.1,1.02,屎v0忑.警,忑,y戊↘忑-16.Y暂,(升)人.连后吞QV,5暂.__Fa震正〇._主,,-1,-17,-36,NA,,空长,3.8,-5.9,3.8,,
,-500,12,0
2024/1/30,4.47,4.62,4.65,4.44,-3.87,0,屎v0忑.警,忑,y戊↘忑-17.Z-2暂,跌.尾连VW.W2,5暂.__Fa震正〇._主,,-2,-18,-37,NA,,空长,-1,-6.7,5.4,,
,0,11,0.45
2024/1/31,4.17,4.47,4.49,4.13,-6.71,0.45,屎v0忑.警,忑,y戊↘忑-18.Z-3暂,跌.尾连WW.W3,5暂.__Aa龙猪._主,,-3,-19,-38,NA,,空长,-1.6,-8.3,8.5,,
,-1500,20,0.72
2024/2/1,4.06,4.17,4.2,3.92,-2.64,0.72,屎v0忑.警,忑,y戊↘忑-19.Z-4,跌.尾连WW.W4,9妩.__Aa龙猪._主,,-4,-20,-39,NA,,空长,-5,-10,11.9,,
,-367,26,1.48
2024/2/2,3.79,4.04,4.12,3.65,-6.65,1.48,屎v0忑.警,忑,y戊↘忑-20.Z-5,跌.尾连WW.W5,9妩.__Aa龙猪._主,,-5,-21,-40,NA,,空长,-3.1,-12.2,16.5,,
,-450,36,-0.53
2024/2/5,3.41,3.73,3.77,3.41,-10.03,-0.53,屎v0忑.警,忑,y戊↘忑-21.Z-6,跌.尾连WW.W6,9妩.__Aa龙猪._主,,-6,-22,-41,NA,,空长,-6.3,-15.2,15.5,,
,0,36,0
2024/2/6,3.29,3.08,3.41,3.07,-3.52,0,屎v0忑.警,忑,y戊↘忑-22.Z-7,跌.尾连WW.W7,9妩.__Aa龙猪._主,,-7,-23,-42,NA,,空长,-10.5,-18,17.8,,
,0,46,1.52
2024/2/7,2.96,3.34,3.34,2.96,-10.03,1.52,屎v0忑.警,忑,y戊↘忑-23.Z-8,跌.尾连WW.W8,9妩.__Aa龙猪._主,,-8,-24,-43,NA,,空长,-6.6,-21.1,17.5,,
,-660,42,10.14
2024/2/8,3.21,2.95,3.26,2.76,8.45,10.14,屎v0忑.警,忑,y戊↘忑-24.Z-9,跌.尾反孕Wo,9妩.__Aa龙猪._主,,-9,-25,-44,NA,,空长,-5.3,-22.3,19.7,,
,83,49,4.67
2024/2/19,3.33,3.21,3.36,3.21,3.74,4.67,屎v0忑.警,忑,y戊↘忑-25.Z-10,升.尾连oQ.Q2,7姗.__Bb龙管杂._主,,-10,-26,-45,NA,,空长,-0.8,-22.1,11.3,,
,80,37,4.2
2024/2/20,3.46,3.33,3.47,3.27,3.9,4.2,屎v1忑.警,忑,y戊↘忠-26.I,升.尾连QQ.Q3,4蛀.__Be龙管根._主,,1,-27,-46,NA,,空长,2.3,-20.7,2.3,,
,93,26,8.38
2024/2/21,3.61,3.44,3.75,3.4,4.34,8.38,屎v1忑.警,忑,y戊↘忠-27.B2,升.尾连QQ.Q4,4蛀.__Fe震正根._主,,2,-28,-47,NA,,空长,9,-18.5,9,,
,52,36,3.6
2024/2/22,3.73,3.59,3.74,3.59,3.32,3.6,屎v1忑.警,忑,y戊↘忠-28.B3,升.尾连QQ.Q5,4蛀.__Fe震正根._主,,3,-29,-48,NA,,空长,6.4,-15.9,6.7,,
,92,36,4.56
2024/2/23,3.89,3.77,3.9,3.76,4.29,4.56,屎v2忑,忑,r己↗忐-29.A4,升.尾连QQ.Q6,0橅.__Fe震正根.储,,4,-30,-49,NA,,空长,7.9,-12.9,7.9,,
,94,21,2.83
2024/2/26,3.91,3.92,4,3.86,0.51,2.83,屎v2忑,忑,r己↗忐-30.A5,升.尾连QQ.Q7,0橅.__Fe震正根.储,,5,-31,-50,NA,,空长,8,-10.4,8,,
,18,22,3.84
2024/2/27,4.06,3.88,4.06,3.87,3.84,3.84,屎v3忑,忑,a甲↗上1.A6,升.尾连QQ.Q8,0橅.__Ff震负.储,,6,-32,-51,NA,,空长,6.8,-7.8,6.8,,
,100,19,3.2
2024/2/28,3.73,4.06,4.19,3.7,-8.13,3.2,屎v3忑,忑,a甲↗上2.A7,(升)人.连后吞QV,1柜.__Ff震负.储,,7,-33,-52,NA,,空长,10,-7.1,10,,
,-254,17,2.68
2024/2/29,3.82,3.78,3.83,3.68,2.41,2.68,屎v3忑,忑,a甲↗上3.A8,(升)人.连后吞QVo,1柜.__Ff震负.储,,8,-34,-53,NA,,空长,0.4,-6.5,9.9,,
,90,14,1.31
2024/3/1,3.83,3.84,3.87,3.75,0.26,1.31,屎v3忑,忑,a甲↗上4.A9,升.尾连oQ.Q2,1柜.__Ff震负.储,,9,-35,-54,NA,,空长,1.4,-6,9.7,,
,20,14,2.35
2024/3/4,3.91,3.85,3.92,3.78,2.09,2.35,屎v3忑,忑,a甲↗上5.A10,升.尾连QQ.Q3,1柜.__Ff震负.储,,10,-36,-55,NA,,空长,2.1,-5.2,9.1,,
,89,14,3.32
2024/3/5,3.92,3.88,4.04,3.82,0.26,3.32,屎v3忑,忑,a甲↗上6.A11,升.尾连QQ.Q4,0橅.__Ff震负.储,,11,-37,-56,NA,,空长,4.6,-4.4,8.5,,
,8,14,0.51
2024/3/6,3.89,3.89,3.94,3.83,-0.77,0.51,屎v3忑,忑,a甲↗上7.A12,升.尾反孕Qv,0橅.__Ff震负.储,,12,-38,-57,NA,,空长,1.7,-3.8,4.3,,
,-150,10,2.31
2024/3/7,3.91,3.9,3.98,3.87,0.51,2.31,屎v3忑,忑,a甲↗上8.A13,升.尾吞vO,0橅.__Ff震负.储,,13,-39,-58,NA,,空长,2.5,-3.3,4,,
,22,8,0.77
2024/3/8,3.78,3.93,3.94,3.74,-3.32,0.77,屎v3忑.被,忑,c丙↘下9.Y,(升)人.吞吞vOV,5蛀.__Df头负._再C,,-1,-40,-59,NA,,空长,2,-3.5,4.6,,
,-433,8,0.79
2024/3/11,3.78,3.77,3.81,3.73,0,0.79,屎v3忑.被,忑,c丙↘下10.Z-2,(升)人.吞吞vOVo,5蛀.__Df头负._再C,,-2,-41,-60,NA,,空长,-0.8,-3.7,5.2,,
,0,8,3.97
2024/3/12,3.91,3.79,3.93,3.72,3.44,3.97,屎v3忑,忑,b乙↗上11.I暂,升.尾连oQ.Q2,4暂.__Ff震负.储,,1,-42,-61,NA,,空长,2.1,-3.2,3.4,,
,87,7,1.28
2024/3/13,3.84,3.92,3.96,3.81,-1.79,1.28,屎v3忑,忑,b乙↗上12.B2暂,升.尾反孕Qv,4暂.__Ff震负.储,,2,-43,-62,NA,,空长,2.9,-3,3.4,,
,-140,7,1.56
2024/3/14,3.84,3.85,3.9,3.75,0,1.56,屎v3忑.被,忑,c丙↘下13.Y暂,(升)人.孕孕vo,5暂.__Df头负._再C,,-1,-44,-63,NA,,空长,1.4,-2.8,2.9,,
,0,6,1.82
2024/3/15,3.9,3.82,3.91,3.81,1.56,1.82,屎v3忑,忑,b乙↗上14.I暂,升.尾连oQ.Q2,4暂.__Ff震负.储,,1,-45,-64,NA,,空长,1.3,-2.4,2.6,,
,86,6,1.03
2024/3/18,3.88,3.9,3.94,3.81,-0.51,1.03,屎v3忑,忑,b乙↗上15.B2暂,升.尾反孕Qv,4暂.__Ff震负.储,,2,-46,-65,NA,,空长,1.9,-2.1,2.4,,
,-50,6,0.52
2024/3/19,3.84,3.88,3.9,3.83,-1.03,0.52,屎v3忑.被,忑,c丙↘下16.Y暂,跌.尾连vW.W2,5暂.__Df头负._再C,,-1,-47,-66,NA,,空长,1,-2,2.5,,
,-200,6,2.6
2024/3/20,3.93,3.85,3.94,3.84,2.34,2.6,屎v3忑,忑,b乙↗上17.I暂,(跌)人.连后吞WO,4暂.__Ff震负.储,,1,-48,-67,NA,,空长,1.7,-1.6,1.7,,
,90,5,2.04
2024/3/21,3.91,3.94,4.01,3.83,-0.51,2.04,屎v3忑,忑,b乙↗上18.B2暂,(跌)人.连后吞WOv,4暂.__Ff震负.储,,2,-49,-68,NA,,空长,3.2,-1.3,3.2,,
,-25,5,0.51
2024/3/22,3.83,3.91,3.93,3.76,-2.05,0.51,屎v3忑.被,忑,c丙↘下19.Y暂,跌.尾连vW.W2,5暂.__Df头负._再C,,-1,-50,-69,NA,,空长,1.4,-1.4,3.4,,
,-400,7,2.09
2024/3/25,3.77,3.82,3.91,3.76,-1.57,2.09,屎v0忑.警,忑,z丁↘忑-1.Z-2暂,跌.尾连WW.W3,5暂.__Fa震正〇._再C,,-2,-51,-70,NA,,空长,1.5,-1.8,4.1,,
,-75,7,10.08
2024/3/26,3.98,3.77,4.15,3.75,5.57,10.08,屎v3忑,忑,a甲↗上1.I暂,(跌)人.连后吞WO,4暂.__Ff震负.储,,1,-52,-71,NA,,空长,7.1,-1.2,7.1,,
,55,11,4.77
2024/3/27,4.14,3.91,4.17,3.84,4.02,4.77,屎V5忠.盈,忠,a甲↗上2.B2暂,升.尾连OQ.Q2,4暂.Aa龙猪.初,a,2,1,-72,NA,,空长,5.9,0.2,5.9,6,
6,84,11,1.69
2024/3/28,4.15,4.02,4.21,3.95,0.24,1.69,屎V5忠.盈,忠,a甲↗上3.B3暂,升.尾连QQ.Q3,4暂.Aa龙猪.初,a连3,3,2,-73,NA,,空长,5.3,1.3,5.3,6,
6,14,12,-1.2
2024/3/29,3.8,4.09,4.1,3.73,-8.43,-1.2,屎v3忑.被,忑,c丙↘下4.Y暂,(升)人.连后吞QV,5暂.__Df头负._再D,,-1,-1,-74,NA,,空长,3.3,0.6,6.1,,
,0,13,9.74
2024/4/1,4.1,3.76,4.17,3.74,7.89,9.74,屎V5忠.盈,忠,b乙↗上5.I暂,(人)人.吞吞* VO,4暂.Aa龙猪.初,高,1,1,-75,NA,,空长,4.5,1,5.5,6,
6,81,13,-0.73
2024/4/2,3.93,4.05,4.07,3.9,-4.15,-0.73,屎V5忠,忠,b乙→中6.Y暂,(人)人.吞吞* VO,5暂.De头正根.初,,-1,2,-76,NA,,空长,2.2,0.8,5.7,6,
6,0,13,9.92
2024/4/3,4.32,3.96,4.32,3.94,9.92,9.92,屎V5忠.盈,忠,b乙↗上7.I暂,升.尾吞vO,4暂.Aa龙猪.初,a高,1,3,-77,NA,,空长,6.5,2.1,6.5,8,
8,100,16,10.19
2024/4/8,4.21,4.76,4.76,4.21,-2.55,10.19,屎V5忠.盈,忠,b乙↗上8.B2暂,升.尾反孕vOv,4暂.Aa龙猪.初,a高,2,4,-78,NA,,空长,15.9,3,15.9,19,
19,-25,28,-1.19
2024/4/9,4.06,4.08,4.16,3.93,-3.56,-1.19,屎V5忠,忠,b乙↗上9.B3暂,跌.尾连vW.W2,4暂.Aa龙猪.初,,3,5,-79,NA,,空长,1.3,2.8,15.9,19,
19,0,27,-0.99
2024/4/10,3.75,4.01,4.02,3.7,-7.64,-0.99,屎v4忑.被,忑,c丙↘下10.Y暂,跌.尾连WW.W3,5暂.__Df头负._破,,-1,-1,-80,NA,,空长,-0.2,1,18.2,,
,0,29,0.53
2024/4/11,3.63,3.69,3.77,3.61,-3.2,0.53,屎v0忑.警,忑,z丁↘忑-1.Z-2暂,跌.尾连WW.W4,5暂.__Aa龙猪._初,,-2,-2,-81,NA,,空长,-3.9,-1.1,21.4,,
,-600,32,0.83
2024/4/12,3.47,3.61,3.66,3.46,-4.41,0.83,屎v0忑.警,忑,z丁↘忑-2.Z-3暂,跌.尾连WW.W5,5暂.__Aa龙猪._初,,-3,-3,-82,NA,,空长,-3.6,-3.5,25.3,,
,-533,38,-0.29
2024/4/15,3.32,3.43,3.46,3.13,-4.32,-0.29,屎v0忑.警,忑,z丁↘忑-3.Z-4,跌.尾连WW.W6,9妩.__Aa龙猪._初,,-4,-4,-83,NA,,空长,-5.6,-6,13.5,,
,0,33,-1.2
2024/4/16,2.99,3.26,3.28,2.99,-9.94,-1.2,屎v0忑.警,忑,z丁↘忑-4.Z-5,跌.尾连WW.W7,9妩.__Aa龙猪._初,,-5,-5,-84,NA,,空长,-5.9,-9.2,15.4,,
,0,34,9.03
2024/4/17,3.25,3.02,3.26,3.02,8.7,9.03,屎v0忑.警,忑,z丁↘忑-5.Z-6,跌.尾反孕Wo,9妩.__Aa龙猪._主,,-6,-6,-85,NA,,空长,-3.9,-10.5,11.1,,
,96,26,1.23
2024/4/18,3.21,3.22,3.29,3.16,-1.23,1.23,屎v0忑.警,忑,z丁↘忑-6.Z-7,(跌)人.孕孕ov,9妩.__Aa龙猪._主,,-7,-7,-86,NA,,空长,-1.3,-11.1,9.8,,
,-100,22,0.93
2024/4/19,3.1,3.2,3.24,3.08,-3.43,0.93,屎v0忑.警,忑,z丁↘忑-7.Z-8,跌.尾连vW.W2,9妩.__Fa震正〇._主,,-8,-8,-87,NA,,空长,-0.8,-11.8,5.9,,
,-367,16,0.65
2024/4/22,3.04,3.11,3.12,2.99,-1.94,0.65,屎v0忑.警,忑,z丁↘忑-8.Z-9,跌.尾连WW.W3,9妩.__Aa龙猪._主,,-9,-9,-88,NA,,空长,-2.6,-12.4,2.7,,
,-300,10,3.95
2024/4/23,3.13,3.05,3.16,3.04,2.96,3.95,屎v0忑.警,忑,z丁↘忑-9.Z-10,(跌)人.连后吞WO,8姖.__Aa龙猪._主,,-10,-10,-89,NA,,空长,-0.4,-12.3,3.7,,
,75,10,2.24
2024/4/24,3.19,3.13,3.2,3.1,1.92,2.24,屎v0忑.警,忑,z丁↘忑-10.Z-11,升.尾连OQ.Q2,7姗.__Bb龙管杂._主,,-11,-11,-90,NA,,空长,1,-11.6,3.8,,
,86,10,3.13
2024/4/25,3.26,3.19,3.29,3.15,2.19,3.13,屎v1忑.警,忑,y戊↘忠-11.I,升.尾连QQ.Q3,4蛀.__Fe震正根._主,,1,-12,-91,NA,,空长,3.2,-10.3,3.2,,
,70,10,0.61
2024/4/26,3.25,3.27,3.28,3.17,-0.31,0.61,屎v1忑.警,忑,y戊↘忠-12.B2,升.尾反孕Qv,4蛀.__Fe震正根._主,,2,-13,-92,NA,,空长,2.3,-9.3,2.6,,
,-50,10,5.23
2024/4/29,3.41,3.24,3.42,3.23,4.92,5.23,屎v2忑,忑,r己↗忐-13.B3,升.尾吞vO,4蛀.__Fe震正根.储,,3,-14,-93,NA,,空长,5,-7.5,5,,
,94,12,1.47
2024/4/30,3.36,3.38,3.46,3.32,-1.47,1.47,屎v2忑,忑,r己↗忐-14.A4,升.尾反孕vOv,0橅.__Fe震正根.储,,4,-15,-94,NA,,空长,5.2,-6.2,5.2,,
,-100,12,5.06
2024/5/6,3.51,3.39,3.53,3.39,4.46,5.06,屎v2忑,忑,r己↗忐-15.A5,升.尾吞vO,0橅.__Fe震正根.储,,5,-16,-95,NA,,空长,5.5,-4.5,5.5,,
,88,12,1.42
2024/5/7,3.53,3.5,3.56,3.48,0.57,1.42,屎V5忠.盈,忠,a甲↗上1.A6,升.尾连OQ.Q2,0橅.Aa龙猪.储,a,6,1,-96,NA,,空长,4.7,-3,4.7,1,
1,40,12,0.28
2024/5/8,3.45,3.53,3.54,3.44,-2.27,0.28,屎v3忑,忑,a甲↗上2.A7,(升)人.连后吞QV,1柜.__Ff震负.储,,7,-1,-97,NA,,空长,3.4,-2.3,4,,
,-800,10,2.32
2024/5/9,3.51,3.45,3.53,3.45,1.74,2.32,屎v3忑,忑,a甲↗上3.A8,(升)人.连后吞QVo,1柜.__Ff震负.储,,8,-2,-98,NA,,空长,2.4,-1.6,3.3,,
,75,7,1.14
2024/5/10,3.49,3.54,3.55,3.43,-0.57,1.14,屎v3忑,忑,a甲↗上4.A9,(人)人.孕孕vo,1柜.__Ff震负.储,,9,-3,-99,NA,,空长,2.5,-1.1,2.8,,
,-50,5,0
2024/5/13,3.37,3.48,3.49,3.36,-3.44,0,屎v3忑.被,忑,c丙↘下5.Y,跌.尾连vW.W2,5蛀.__Df头负._再C,,-1,-4,-100,NA,,空长,1.3,-1.4,3.3,,
,0,6,3.26
2024/5/14,3.45,3.37,3.48,3.36,2.37,3.26,屎v3忑,忑,b乙→中6.Z-2,跌.尾反孕Wo,5蛀.__Ff震负._再C,,-2,-5,-101,NA,,空长,1.1,-1.4,3.1,,
,73,6,7.83
2024/5/15,3.53,3.48,3.72,3.42,2.32,7.83,屎V5忠.盈,忠,b乙↗上7.I暂,升.尾连oQ.Q2,4暂.Aa龙猪.储,a高,1,1,-102,NA,,空长,7.5,-0.9,7.5,6,
6,30,11,7.93
2024/5/16,3.68,3.56,3.81,3.53,4.25,7.93,屎V5忠.盈,忠,b乙↗上8.B2暂,升.尾连QQ.Q3,4暂.Aa龙猪.初,a连3高,2,2,-103,NA,,空长,8.4,0.4,8.4,8,
8,54,13,4.35
2024/5/17,3.84,3.7,3.84,3.59,4.35,4.35,屎V6忐.盈,忐,b乙↗上9.B3暂,升.尾连QQ.Q4,4暂.Aa龙猪.初,a连4偏,3,3,-104,NA,,空看,6.7,2.2,6.7,9,
9,100,14,-1.56
2024/5/20,3.64,3.75,3.78,3.62,-5.21,-1.56,屎V5忠,忠,b乙↗上10.A4,(升)人.连后吞QV,1柜.Aa龙猪.初,,4,4,-105,NA,,空长,4.2,2.6,5.9,8,
8,0,14,0.55
2024/5/21,3.57,3.63,3.66,3.53,-1.92,0.55,屎V5忠,忠,b乙→中11.Y,跌.尾连VW.W2,5蛀.Be龙管根.初,,-1,5,-106,NA,,空长,1.1,2.3,6.1,8,
8,-350,12,1.96
2024/5/22,3.61,3.59,3.64,3.54,1.12,1.96,屎V5忠,忠,b乙→中12.Z-2,跌.尾反孕Wo,5蛀.Fe震正根.初,,-2,6,-107,NA,,空长,0.7,2,6.2,8,
8,57,9,-0.55
2024/5/23,3.55,3.59,3.59,3.51,-1.66,-0.55,屎V5忠,忠,b乙→中13.Z-3,跌.尾吞oV,5蛀.Fe震正根.初,,-3,7,-108,NA,,空长,-0.3,1.6,6.6,8,
8,0,9,0.28
2024/5/24,3.5,3.54,3.56,3.48,-1.41,0.28,屎v4忑.被,忑,c丙↘下14.Z-4,跌.尾连VW.W2,9妩.__Df头负._破,,-4,-1,-109,NA,,空长,-0.4,0.9,5.7,,
,-500,9,0.86
2024/5/27,3.44,3.5,3.53,3.38,-1.71,0.86,屎v4忑.警,忑,z丁↘忑-1.Z-5,跌.尾连WW.W3,9妩.__Fa震正〇._破,,-5,-2,-110,NA,,空长,-0.3,0,3.4,,
,-200,8,0
2024/5/28,3.36,3.44,3.44,3.35,-2.33,0,屎v0忑.警,忑,z丁↘忑-2.Z-6,跌.尾连WW.W4,9妩.__Aa龙猪._初,,-6,-3,-111,NA,,空长,-1.5,-1,4.3,,
,0,9,2.68
2024/5/29,3.36,3.36,3.45,3.34,0,2.68,屎v0忑.警,忑,z丁↘忑-3.Z-7,跌.尾反孕Wo,9妩.__Aa龙猪._初,,-7,-4,-112,NA,,空长,0,-1.8,4,,
,0,7,1.19
2024/5/30,3.34,3.36,3.4,3.31,-0.6,1.19,屎v0忑.警,忑,z丁↘忑-4.Z-8,跌.尾吞oV,9妩.__Aa龙猪._初,,-8,-5,-113,NA,,空长,-0.5,-2.5,4.2,,
,-50,8,1.2
2024/5/31,3.35,3.36,3.38,3.33,0.3,1.2,屎v0忑.警,忑,z丁↘忑-5.Z-9,跌.尾反孕oVo,9妩.__Aa龙猪._初,,-9,-6,-114,NA,,空长,-0.4,-2.8,4,,
,25,7,0.6
2024/6/3,3.19,3.37,3.37,3.14,-4.78,0.6,屎v0忑.警,忑,z丁↘忑-6.Z-10,跌.尾吞oV,9妩.__Aa龙猪._主,,-10,-7,-115,NA,,空长,0.8,-3.8,3.2,,
,-800,10,0.31
2024/6/4,3.15,3.2,3.2,3.06,-1.25,0.31,屎v0忑.警,忑,z丁↘忑-7.Z-11,跌.尾连VW.W2,9妩.__Aa龙猪._主,,-11,-8,-116,NA,,空长,-2.7,-4.7,4.9,,
,-400,13,0
2024/6/5,3.08,3.14,3.15,3.06,-2.22,0,屎v0忑.警,忑,z丁↘忑-8.Z-12,跌.尾连WW.W3,9妩.__Aa龙猪._主,,-12,-9,-117,NA,,空长,-2.5,-5.7,5.2,,
,0,11,1.3
2024/6/6,2.91,3.11,3.12,2.88,-5.52,1.3,屎v0忑.警,忑,z丁↘忑-9.Z-13,跌.尾连WW.W4,9妩.__Aa龙猪._主,,-13,-10,-118,NA,,空长,-0.9,-7.3,7.4,,
,-425,17,5.84
2024/6/7,3.07,2.94,3.08,2.94,5.5,5.84,屎v0忑.警,忑,z丁↘忑-10.Z-14,跌.尾反孕Wo,9妩.__Aa龙猪._主,,-14,-11,-119,NA,,空长,-1,-7.7,8.3,,
,94,17,0
2024/6/11,3.04,3.06,3.07,2.95,-0.98,0,屎v0忑.警,忑,z丁↘忑-11.Z-15,(跌)人.孕孕ov,9妩.__Aa龙猪._主,,-15,-12,-120,NA,,空长,-0.6,-7.7,3.7,,
,0,11,1.32
2024/6/12,3.05,3.03,3.08,3.02,0.33,1.32,屎v0忑.警,忑,z丁↘忑-12.Z-16,(人)人.孕孕vo,9妩.__Fa震正〇._主,,-16,-13,-121,NA,,空长,0.2,-7.5,2.5,,
,25,9,1.31
2024/6/13,3.02,3.04,3.09,3,-0.98,1.31,屎v0忑.警,忑,z丁↘忑-13.Z-17,跌.尾吞oV,9妩.__Fa震正〇._主,,-17,-14,-122,NA,,空长,1,-7.3,2,,
,-75,8,1.99
2024/6/14,3.06,3.04,3.08,2.96,1.32,1.99,屎v0忑.警,忑,z丁↘忑-14.Z-18,(跌)人.吞吞oVO,8姖.__Fa震正〇._主,,-18,-15,-123,NA,,空长,0.8,-6.9,1.1,,
,67,5,0
2024/6/17,2.96,3.05,3.06,2.94,-3.27,0,屎v0忑.警,忑,z丁↘忑-15.Z-19,(人)人.吞吞* OV,8姖.__Fa震正〇._主,,-19,-16,-124,NA,,空长,0.9,-6.9,1.8,,
,0,5,1.69
2024/6/18,2.99,2.96,3.01,2.93,1.01,1.69,屎v0忑.警,忑,z丁↘忑-16.Z-20,(人)人.吞吞* OV,8姖.__Fa震正〇._主,,-20,-17,-125,NA,,空长,-0.3,-6.8,2.4,,
,60,5,1.67
2024/6/19,3.01,2.99,3.04,2.97,0.67,1.67,屎v0忑.警,忑,z丁↘忑-17.Z-21,升.尾连oQ.Q2,7姗.__Fa震正〇._主,,-21,-18,-126,NA,,空长,0.9,-6.5,2.5,,
,40,5,0.33
2024/6/20,2.93,3.01,3.02,2.9,-2.66,0.33,屎v0忑.警,忑,z丁↘忑-18.Z-22,(升)人.连后吞QV,7姗.__Fa震正〇._主,,-22,-19,-127,NA,,空长,0.9,-6.5,2.9,,
,-800,6,1.71
2024/6/21,2.87,2.91,2.98,2.86,-2.05,1.71,屎v0忑.警,忑,z丁↘忑-19.Z-23,跌.尾连VW.W2,7姗.__Bb龙管杂._主,,-23,-20,-128,NA,,空长,0.6,-6.8,3.3,,
,-120,7,-1.74
2024/6/24,2.74,2.82,2.82,2.7,-4.53,-1.74,屎v0忑.警,忑,z丁↘忑-20.Z-24,跌.尾连WW.W3,7姗.__Bb龙管杂._主,,-24,-21,-129,NA,,空长,-3,-7.7,4.6,,
,0,13,4.01
2024/6/25,2.8,2.74,2.85,2.74,2.19,4.01,屎v0忑.警,忑,z丁↘忑-21.Z-25,跌.尾反孕Wo,9妩.__Aa龙猪._主,,-25,-22,-130,NA,,空长,-0.7,-8.1,5.9,,
,55,13,3.57
2024/6/26,2.89,2.8,2.9,2.77,3.21,3.57,屎v0忑.警,忑,z丁↘忑-22.Z-26,升.尾连oQ.Q2,7姗.__Bb龙管杂._主,,-26,-23,-131,NA,,空长,1.2,-7.7,5.4,,
,90,12,1.38
2024/6/27,2.82,2.88,2.93,2.82,-2.42,1.38,屎v0忑.警,忑,z丁↘忑-23.Z-27,升.尾反孕Qv,7姗.__Fa震正〇._主,,-27,-24,-132,NA,,空长,2.6,-7.4,4.4,,
,-175,10,1.77
2024/6/28,2.77,2.82,2.87,2.76,-1.77,1.77,屎v0忑.警,忑,z丁↘忑-24.Z-28,跌.尾连vW.W2,7姗.__Fa震正〇._主,,-28,-25,-133,NA,,空长,1.3,-7.4,3.4,,
,-100,9,1.81
2024/7/1,2.82,2.75,2.82,2.71,1.81,1.81,屎v0忑.警,忑,z丁↘忑-25.Z-29,(跌)人.连后吞WO,7姗.__Fa震正〇._主,,-29,-26,-134,NA,,空长,-0.2,-7.1,3.7,,
,100,8,2.48
2024/7/2,2.86,2.8,2.89,2.78,1.42,2.48,屎v1忑.警,忑,y戊↘忠-26.I,升.尾连OQ.Q2,4蛀.__Fe震正根._主,,1,-27,-135,NA,,空长,2,-6.5,3.5,,
,57,8,1.75
2024/7/3,2.85,2.86,2.91,2.83,-0.35,1.75,屎v1忑.警,忑,y戊↘忠-27.B2,升.尾反孕Qv,4蛀.__Fe震正根._主,,2,-28,-136,NA,,空长,2.6,-5.9,3.3,,
,-20,8,1.05
2024/7/4,2.73,2.88,2.88,2.7,-4.21,1.05,屎v0忑.警,忑,y戊↘忑-28.Y暂,跌.尾连vW.W2,5暂.__Aa龙猪._主,,-1,-29,-137,NA,,空长,2.3,-6.1,3.4,,
,-400,8,1.47
2024/7/5,2.76,2.73,2.77,2.67,1.1,1.47,屎v0忑.警,忑,y戊↘忑-29.Z-2暂,跌.尾反孕Wo,5暂.__Aa龙猪._主,,-2,-30,-138,NA,,空长,-1,-6.1,4,,
,75,9,0.36
2024/7/8,2.64,2.76,2.77,2.64,-4.35,0.36,屎v0忑.警,忑,y戊↘忑-30.Z-3暂,跌.尾吞oV,5暂.__Aa龙猪._主,,-3,-31,-139,NA,,空长,0.4,-6.8,5.5,,
,-1200,10,1.52
2024/7/9,2.62,2.64,2.68,2.54,-0.76,1.52,屎v0忑.警,忑,y戊↘忑-31.Z-4,跌.尾连VW.W2,9妩.__Aa龙猪._主,,-4,-32,-140,NA,,空长,-1.4,-7.3,7,,
,-50,15,0.38
2024/7/10,2.59,2.6,2.63,2.55,-1.15,0.38,屎v0忑.警,忑,y戊↘忑-32.Z-5,跌.尾连WW.W3,9妩.__Aa龙猪._主,,-5,-33,-141,NA,,空长,-1.9,-7.8,7.4,,
,-300,13,6.56
2024/7/11,2.75,2.63,2.76,2.63,6.18,6.56,屎v1忑.警,忑,y戊↘忠-33.I,(跌)人.连后吞WO,4蛀.__Be龙管根._主,,1,-34,-142,NA,,空长,2.6,-7.1,3,,
,94,9,3.64
2024/7/12,2.78,2.74,2.85,2.74,1.09,3.64,屎v1忑.警,忑,y戊↘忠-34.B2,升.尾连OQ.Q2,4蛀.__Fe震正根._主,,2,-35,-143,NA,,空长,5.1,-6,5.1,,
,30,12,0
2024/7/15,2.68,2.76,2.78,2.65,-3.6,0,屎v0忑.警,忑,y戊↘忑-35.Y暂,(升)人.连后吞QV,5暂.__Fa震正〇._主,,-1,-36,-144,NA,,空长,2.6,-5.7,5.2,,
,0,12,0
2024/7/16,2.61,2.67,2.68,2.59,-2.61,0,屎v0忑.警,忑,y戊↘忑-36.Z-2暂,跌.尾连VW.W2,5暂.__Fa震正〇._主,,-2,-37,-145,NA,,空长,-0.3,-5.9,6.1,,
,0,12,1.15
2024/7/17,2.58,2.6,2.64,2.58,-1.15,1.15,屎v0忑.警,忑,y戊↘忑-37.Z-3暂,跌.尾连WW.W3,5暂.__Fa震正〇._主,,-3,-38,-146,NA,,空长,-0.7,-6.3,7.2,,
,-100,10,0.39
2024/7/18,2.56,2.59,2.59,2.5,-0.78,0.39,屎v0忑.警,忑,y戊↘忑-38.Z-4,跌.尾连WW.W4,9妩.__Aa龙猪._主,,-4,-39,-147,NA,,空长,-1.5,-6.6,8.4,,
,-200,14,0
2024/7/19,2.54,2.53,2.56,2.47,-0.78,0,屎v0忑.警,忑,y戊↘忑-39.Z-5,跌.尾连WW.W5,9妩.__Aa龙猪._主,,-5,-40,-148,NA,,空长,-1.7,-6.9,6.8,,
,0,13,2.36
2024/7/22,2.58,2.55,2.6,2.51,1.57,2.36,屎v0忑.警,忑,y戊↘忑-40.Z-6,(跌)人.连后吞WO,8姖.__Aa龙猪._主,,-6,-41,-149,NA,,空长,0.3,-6.7,3.4,,
,67,9,3.1
2024/7/23,2.54,2.6,2.66,2.54,-1.55,3.1,屎v0忑.警,忑,y戊↘忑-41.Z-7,(人)人.吞吞* OV,8姖.__Aa龙猪._主,,-7,-42,-150,NA,,空长,3.1,-6.7,3.1,,
,-50,8,0.39
2024/7/24,2.49,2.53,2.55,2.48,-1.97,0.39,屎v0忑.警,忑,y戊↘忑-42.Z-8,跌.尾连VW.W2,8姖.__Fa震正〇._主,,-8,-43,-151,NA,,空长,-0.2,-6.9,4.1,,
,-500,8,2.81
2024/7/25,2.54,2.48,2.56,2.47,2.01,2.81,屎v0忑.警,忑,y戊↘忑-43.Z-9,(跌)人.连后吞WO,6娝.__Bc龙管栅._主,,-9,-44,-152,NA,,空长,0.5,-6.6,4.4,,
,71,8,-2.76
2024/7/26,2.29,2.47,2.47,2.29,-9.84,-2.76,屎v0忑.警,忑,y戊↘忑-44.Z-10,(人)人.吞吞* OV,8姖.__Aa龙猪._主,,-10,-45,-153,NA,,空长,-0.7,-7.9,6.9,,
,0,16,0.87
2024/7/29,2.3,2.25,2.31,2.23,0.44,0.87,屎v0忑.警,忑,y戊↘忑-45.Z-11,(人)人.吞吞* OV,8姖.__Aa龙猪._主,,-11,-46,-154,NA,,空长,-5.1,-9,9.3,,
,50,19,5.22
2024/7/30,2.38,2.3,2.42,2.28,3.48,5.22,屎v0忑.警,忑,y戊↘忑-46.Z-12,升.尾连oQ.Q2,7姗.__Bb龙管杂._主,,-12,-47,-155,NA,,空长,0.5,-9.1,6.3,,
,67,15,5.04
2024/7/31,2.5,2.38,2.5,2.36,5.04,5.04,屎v1忑.警,忑,y戊↘忠-47.I,升.尾连QQ.Q3,4蛀.__Be龙管根._主,,1,-48,-156,NA,,空长,3.1,-8,5.6,,
,100,15,2
2024/8/1,2.5,2.5,2.55,2.47,0,2,屎v1忑.警,忑,y戊↘忠-48.B2,升.尾连QQ.Q4,4蛀.__Fe震正根._主,,2,-49,-157,NA,,空长,4.3,-6.9,4.3,,
,0,14,0.4
2024/8/2,2.44,2.5,2.51,2.43,-2.4,0.4,屎v1忑.警,忑,y戊↘忠-49.B3,(升)人.连后吞QV,4蛀.__Fe震正根._主,,3,-50,-158,NA,,空长,2.5,-6.2,4.2,,
,-600,14,2.46
2024/8/5,2.37,2.45,2.5,2.37,-2.87,2.46,屎v0忑.警,忑,y戊↘忑-50.Y暂,跌.尾连VW.W2,5暂.__Fa震正〇._主,,-1,-51,-159,NA,,空长,2.8,-6.3,4.9,,
,-117,12,4.22
2024/8/6,2.47,2.4,2.47,2.38,4.22,4.22,屎v1忑.警,忑,y戊↘忠-51.I暂,(跌)人.连后吞WO,4暂.__Fe震正根._主,,1,-52,-160,NA,,空长,1.4,-5.7,4.7,,
,100,8,-0.4
2024/8/7,2.44,2.45,2.46,2.41,-1.21,-0.4,屎v1忑.警,忑,y戊↘忠-52.B2暂,(跌)人.连后吞WOv,4暂.__Fe震正根._主,,2,-53,-161,NA,,空长,0.9,-5.2,4.6,,
,0,8,2.05
2024/8/8,2.48,2.43,2.49,2.4,1.64,2.05,屎v2忑,忑,r己↗忐-53.B3暂,升.尾吞vO,4暂.__Fe震正根.储,,3,-54,-162,NA,,空长,1.7,-4.6,2.5,,
,80,6,1.21
2024/8/9,2.46,2.48,2.51,2.44,-0.81,1.21,屎v1忑.警,忑,y戊↘忠-54.A4,升.尾反孕vOv,0橅.__Fe震正根._再B,,4,-55,-163,NA,,空长,2.3,-4.1,2.3,,
,-67,6,0.41
2024/8/12,2.41,2.46,2.47,2.38,-2.03,0.41,屎v0忑.警,忑,y戊↘忑-55.Y,跌.尾连vW.W2,5蛀.__Fa震正〇._再B,,-1,-56,-164,NA,,空长,1.1,-4,2.7,,
,-500,5,1.24
2024/8/13,2.42,2.41,2.44,2.35,0.41,1.24,屎v0忑.警,忑,y戊↘忑-56.Z-2,跌.尾反孕Wo,5蛀.__Aa龙猪._再B,,-2,-57,-165,NA,,空长,0.1,-4,3,,
,33,7,1.24
2024/8/14,2.4,2.43,2.45,2.38,-0.83,1.24,屎v0忑.警,忑,y戊↘忑-57.Z-3,跌.尾吞oV,5蛀.__Aa龙猪._再B,,-3,-58,-166,NA,,空长,0.9,-4,3.4,,
,-67,7,1.25
2024/8/15,2.4,2.38,2.43,2.33,0,1.25,屎v0忑.警,忑,y戊↘忑-58.Z-4,跌.尾反孕oVo,9妩.__Aa龙猪._再B,,-4,-59,-167,NA,,空长,0.5,-4,3.8,,
,0,8,0.42
2024/8/16,2.31,2.4,2.41,2.31,-3.75,0.42,屎v0忑.警,忑,y戊↘忑-59.Z-5,跌.尾吞oV,9妩.__Aa龙猪._主,,-5,-60,-168,NA,,空长,0.7,-4.5,3.2,,
,-900,7,0.87
2024/8/19,2.31,2.32,2.33,2.27,0,0.87,屎v0忑.警,忑,y戊↘忑-60.Z-6,跌.尾反孕oVo,9妩.__Aa龙猪._主,,-6,-61,-169,NA,,空长,-1.6,-4.9,3.4,,
,0,8,0
2024/8/20,2.25,2.31,2.31,2.24,-2.6,0,屎v0忑.警,忑,y戊↘忑-61.Z-7,跌.尾吞oV,9妩.__Aa龙猪._主,,-7,-62,-170,NA,,空长,-1.2,-5.6,4.8,,
,0,9,0.89
2024/8/21,2.25,2.25,2.27,2.22,0,0.89,屎v0忑.警,忑,y戊↘忑-62.Z-8,跌.尾反孕oVo,9妩.__Aa龙猪._主,,-8,-63,-171,NA,,空长,-1.8,-6.1,5.1,,
,0,9,2.22
2024/8/22,2.21,2.25,2.3,2.21,-1.78,2.22,屎v0忑.警,忑,y戊↘忑-63.Z-9,跌.尾吞oV,9妩.__Aa龙猪._主,,-9,-64,-172,NA,,空长,0.7,-6.5,5.6,,
,-80,9,0.9
2024/8/23,2.18,2.23,2.23,2.16,-1.36,0.9,屎v0忑.警,忑,y戊↘忑-64.Z-10,跌.尾连VW.W2,9妩.__Aa龙猪._主,,-10,-65,-173,NA,,空长,-1.1,-7.1,3.4,,
,-150,8,4.59
2024/8/26,2.22,2.18,2.28,2.17,1.83,4.59,屎v0忑.警,忑,y戊↘忑-65.Z-11,跌.尾反孕Wo,9妩.__Aa龙猪._主,,-11,-66,-174,NA,,空长,1.8,-7,3.1,,
,40,7,1.35
2024/8/27,2.15,2.23,2.25,2.14,-3.15,1.35,屎v0忑.警,忑,y戊↘忑-66.Z-12,跌.尾吞oV,9妩.__Aa龙猪._主,,-12,-67,-175,NA,,空长,1.5,-7.3,3.7,,
,-233,7,3.72
2024/8/28,2.2,2.15,2.23,2.12,2.33,3.72,屎v0忑.警,忑,y戊↘忑-67.Z-13,跌.尾反孕oVo,9妩.__Aa龙猪._主,,-13,-68,-176,NA,,空长,1,-7.1,4.2,,
,63,8,1.82
2024/8/29,2.22,2.2,2.24,2.16,0.91,1.82,屎v1忑.警,忑,y戊↘忠-68.I,升.尾连oQ.Q2,4蛀.__Be龙管根._主,,1,-69,-177,NA,,空长,1.4,-6.6,3.2,,
,50,8,5.41
2024/8/30,2.26,2.21,2.34,2.2,1.8,5.41,屎v1忑.警,忑,y戊↘忠-69.B2,升.尾连QQ.Q3,4蛀.__Be龙管根._主,,2,-70,-178,NA,,空长,5.4,-5.7,5.4,,
,33,10,4.87
2024/9/2,2.27,2.27,2.37,2.26,0.44,4.87,屎v2忑,忑,r己↗忐-70.B3,升.尾连QQ.Q4,4蛀.__Fe震正根.储,,3,-71,-179,NA,,空长,6.1,-4.9,6.1,,
,9,12,3.52
2024/9/3,2.31,2.29,2.35,2.26,1.76,3.52,屎v2忑,忑,r己↗忐-71.A4,升.尾连QQ.Q5,0橅.__Fe震正根.储,,4,-72,-180,NA,,空长,4.3,-3.8,5.1,,
,50,12,0.87
2024/9/4,2.25,2.31,2.33,2.24,-2.6,0.87,屎v2忑,忑,r己↗忐-72.A5,(升)人.连后吞QV,1柜.__Fe震正根.储,,5,-73,-181,NA,,空长,3.2,-3.4,5,,
,-300,10,10.22
2024/9/5,2.48,2.28,2.48,2.28,10.22,10.22,屎V5忠.盈,忠,a甲↗上1.A6,(人)人.吞吞* VO,1柜.Aa龙猪.储,a高,6,1,-182,NA,,空长,7.5,-1.5,7.5,5,
5,100,13,7.66
2024/9/6,2.45,2.67,2.67,2.39,-1.21,7.66,屎V5忠.盈,忠,a甲↗上2.A7,(人)人.吞吞* VO,1柜.Aa龙猪.初,a高,7,2,-183,NA,,空长,13.6,0,13.6,13,
13,-16,19,-1.22
2024/9/9,2.37,2.39,2.42,2.3,-3.27,-1.22,屎V5忠,忠,a甲↗上3.A8,跌.尾连vW.W2,2栅.Bc龙管栅.初,,8,3,-184,NA,,空长,2.3,0.5,12.9,13,
13,0,19,-0.42
2024/9/10,2.28,2.35,2.36,2.25,-3.8,-0.42,屎v3忑.被,忑,c丙↘下4.Y,跌.尾连WW.W3,5蛀.__Df头负._再D,,-1,-1,-185,NA,,空长,0.5,0,13.7,,
,0,19,0
2024/9/11,2.22,2.28,2.28,2.2,-2.63,0,屎v3忑.被,忑,c丙↘下5.Z-2,跌.尾连WW.W4,5蛀.__Df头负._再D,,-2,-2,-186,NA,,空长,-1.6,-1.1,15.2,,
,0,21,2.7
2024/9/12,2.22,2.22,2.28,2.21,0,2.7,屎v0忑.警,忑,z丁↘忑-1.Z-3,跌.尾反孕Wo,5蛀.__Fa震正〇._再D,,-3,-3,-187,NA,,空长,-0.3,-2,16.7,,
,0,21,1.35
2024/9/13,2.16,2.22,2.25,2.16,-2.7,1.35,屎v0忑.警,忑,z丁↘忑-2.Z-4,跌.尾吞oV,9妩.__Aa龙猪._再D,,-4,-4,-188,NA,,空长,-0.1,-3.1,7.4,,
,-200,12,0.46
2024/9/18,2.06,2.16,2.17,2.02,-4.63,0.46,屎v0忑.警,忑,z丁↘忑-3.Z-5,跌.尾连VW.W2,9妩.__Aa龙猪._再D,,-5,-5,-189,NA,,空长,-1.5,-4.6,7.2,,
,-1000,17,6.31
2024/9/19,2.17,2.07,2.19,2.06,5.34,6.31,屎v0忑.警,忑,z丁↘忑-4.Z-6,(跌)人.连后吞WO,8姖.__Aa龙猪._再D,,-6,-6,-190,NA,,空长,0.3,-4.9,4.4,,
,85,13,0
2024/9/20,2.15,2.17,2.17,2.12,-0.92,0,屎v0忑.警,忑,z丁↘忑-5.Z-7,(跌)人.连后吞WOv,8姖.__Aa龙猪._主,,-7,-7,-191,NA,,空长,-0.1,-4.9,5,,
,0,13,2.33
2024/9/23,2.18,2.15,2.2,2.12,1.4,2.33,屎v0忑.警,忑,z丁↘忑-6.Z-8,升.尾吞vO,6娝.__Fa震正〇._主,,-8,-8,-192,NA,,空长,1.3,-4.6,3.6,,
,60,11,5.96
2024/9/24,2.3,2.19,2.31,2.19,5.5,5.96,屎v2忑,忑,r己↗忐-7.I,升.尾连OQ.Q2,4蛀.__Fe震正根.储,,1,-9,-193,NA,,空长,5,-3.3,5,,
,92,14,5.65
2024/9/25,2.36,2.31,2.43,2.31,2.61,5.65,屎V5忠.盈,忠,a甲↗上1.B2,升.尾连QQ.Q3,4蛀.Aa龙猪.储,a连3高,2,1,-194,NA,,空长,8.4,-1.6,8.4,6,
6,46,18,5.93
2024/9/26,2.5,2.36,2.5,2.35,5.93,5.93,屎V5忠.盈,忠,a甲↗上2.B3,升.尾连QQ.Q4,4蛀.Aa龙猪.初,a连4高,3,2,-195,NA,,空长,8.3,0.8,8.3,9,
9,100,18,7.2
2024/9/27,2.61,2.58,2.68,2.52,4.4,7.2,屎V6忐.盈,忐,a甲↗上3.A4,升.尾连QQ.Q5,0橅.Aa龙猪.初,a连5高,4,3,-196,NA,,空看,12.1,3.5,12.1,16,
16,61,26,9.2
2024/9/30,2.84,2.75,2.85,2.62,8.81,9.2,屎V6忐.盈,忐,a甲↗上4.A5,升.尾连QQ.Q6,0橅.Aa龙猪.初,a宽连6高,5,4,-197,NA,,空看,13.6,7.1,13.6,21,
21,96,30,9.86
2024/10/8,2.93,3.11,3.12,2.78,3.17,9.86,屎V6忐.盈,忐,a甲↗上5.A6,升.尾连QQ.Q7,0橅.Aa龙猪.初,a宽连7高,6,5,-198,NA,,空看,18.7,10.4,18.7,31,
31,32,35,-0.34
2024/10/9,2.64,2.92,2.92,2.64,-9.9,-0.34,屎V6忐.盈,忐,a甲↗上6.A7,(升)人.连后吞QV,1柜.Aa龙猪.初,偏,7,6,-199,NA,,空看,9.9,10.5,17.4,29,
29,0,33,1.14
2024/10/10,2.57,2.63,2.67,2.51,-2.65,1.14,屎V6忐,忐,b乙→中7.Y,跌.尾连VW.W2,5蛀.Be龙管根.主,,-1,7,-200,NA,,空看,0.9,9.2,18,28,
28,-233,24,1.17
2024/10/11,2.49,2.57,2.6,2.46,-3.11,1.17,屎V6忐,忐,b乙→中8.Z-2,跌.尾连WW.W3,5蛀.Fe震正根.主,,-2,8,-201,NA,,空看,-0.3,7.3,19.6,28,
28,-267,27,4.42
2024/10/14,2.57,2.5,2.6,2.5,3.21,4.42,屎V6忐,忐,b乙→中9.Z-3,(跌)人.连后吞WO,5蛀.Fe震正根.主,,-3,9,-202,NA,,空看,0.3,6.2,20.4,27,
27,73,27,1.56
2024/10/15,2.56,2.55,2.61,2.52,-0.39,1.56,屎V6忐,忐,b乙→中10.Z-4,(跌)人.连后吞WOv,8姖.Fe震正根.主,,-4,10,-203,NA,,空看,1.2,5.4,13.2,19,
27,-25,19,1.95
2024/10/16,2.57,2.55,2.61,2.52,0.39,1.95,屎V6忐,忐,b乙→中11.Z-5,升.尾吞vO,6娝.Fe震正根.主,,-5,11,-204,NA,,空看,1.4,4.8,3.7,8,
26,20,9,2.33
2024/10/17,2.49,2.57,2.63,2.48,-3.11,2.33,屎V6忐.被.盈,忐,c丙↘下12.Z-6,(升)人.吞吞vOV,6娝.Fe震正根.破,雀,-6,12,-205,NA,,空看,2.9,3.8,2.9,6,
26,-133,7,2.01
2024/10/18,2.5,2.49,2.54,2.46,0.4,2.01,屎V5忠.被,忠,c丙↘下13.Z-7,(升)人.吞吞vOVo,8姖.Fe震正根.破,,-7,13,-206,NA,,空长,0.1,3,3.6,6,
26,20,7,2
2024/10/21,2.51,2.52,2.55,2.5,0.4,2,屎V6忐.被,忐,c丙↘下14.Z-8,升.尾连oQ.Q2,7姗.Fe震正根.破,,-8,14,-207,NA,,空看,0.9,2.5,4,6,
26,20,7,5.98
2024/10/22,2.63,2.5,2.66,2.5,4.78,5.98,屎V6忐.盈,忐,b乙↗上15.I,升.尾连QQ.Q3,4蛀.Dd头正芽.再B,雀连3高,1,15,-208,NA,,空看,4.4,2.9,4.4,7,
17,80,8,3.42
2024/10/23,2.64,2.64,2.72,2.61,0.38,3.42,屎V6忐.盈,忐,b乙↗上16.B2,升.尾连QQ.Q4,4蛀.Aa龙猪.再B,a连4,2,16,-209,NA,,空看,5.7,3.5,5.7,9,
9,11,11,2.27
2024/10/24,2.68,2.64,2.7,2.62,1.52,2.27,屎V6忐.盈,忐,b乙↗上17.B3,升.尾连QQ.Q5,4蛀.Aa龙猪.再B,连5,3,17,-210,NA,,空看,3.8,4.1,4.5,8,
8,67,11,4.1
2024/10/25,2.79,2.67,2.79,2.66,4.1,4.1,屎V6忐.盈,忐,b乙↗上18.A4,升.尾连QQ.Q6,0橅.Aa龙猪.再B,a连6,4,18,-211,NA,,空看,5.3,5.2,5.3,10,
10,100,12,6.09
2024/10/28,2.95,2.8,2.96,2.79,5.73,6.09,屎E0上.盈,上,b乙↗上19.A5,升.尾连QQ.Q7,0橅.Aa龙猪.主,a连7高,5,19,1,持主,,多被,8.5,7.2,8.5,16,
16,94,18,0.68
2024/10/29,2.81,2.95,2.97,2.79,-4.75,0.68,屎E0上.盈,上,b乙↗上20.A6,升.尾反孕Qv,0橅.Aa龙猪.主,a偏,6,20,2,持主,,多被,7.5,7.7,7.5,15,
15,-700,14,0.71
2024/10/30,2.79,2.8,2.83,2.76,-0.71,0.71,屎V7上,上,b乙↗上21.A7,跌.尾连vW.W2,2栅.Bc龙管栅.主,,7,21,-1,NA,,空看,1.9,7.5,6.9,14,
14,-100,13,10.04
2024/10/31,3.07,2.83,3.07,2.82,10.04,10.04,屎E0上.盈,上,b乙↗上22.A8,(跌)人.连后吞WO,2栅.Bc龙管栅.主,a高,8,22,1,持主,,多被,7.9,8.9,7.9,17,
17,100,15,3.58
2024/11/1,2.92,3.08,3.18,2.89,-4.89,3.58,唏E0上.盈,上,b乙↗上23.A9,(跌)人.连后吞WOv,2栅.Bc龙管栅.主,a偏,9,23,2,持主,,多被,10.5,9.1,10.5,20,
20,-136,15,1.71
2024/11/4,2.95,2.91,2.97,2.8,1.03,1.71,唏E0上,上,b乙↗上24.A10,(人)人.孕孕vo,2栅.Bc龙管栅.主,,10,24,3,持主,,多被,2.4,9,9.7,19,
19,60,15,2.71
2024/11/5,3,2.95,3.03,2.93,1.69,2.71,唏E0上,上,b乙↗上25.A11,升.尾连oQ.Q2,0橅.Aa龙猪.主,,11,25,4,持主,,多被,3.5,9.1,8.6,18,
18,63,15,4.67
2024/11/6,3.1,3,3.14,2.95,3.33,4.67,唏E0上.盈,上,b乙↗上26.A12,升.尾连QQ.Q3,0橅.Fa震正〇.主,连3,12,26,5,持主,,多被,5.7,9.6,7,17,
17,71,14,7.74
2024/11/7,3.33,3.07,3.34,3.07,7.42,7.74,唏E0上.盈,上,b乙↗上27.A13,升.尾连QQ.Q4,0橅.Aa龙猪.主,a宽连4高,13,27,6,持主,,多被,9.1,11.3,9.1,21,
21,96,19,1.2
2024/11/8,3.25,3.36,3.37,3.19,-2.4,1.2,唏E0上.盈,上,b乙↗上28.A14,升.尾反孕Qv,0橅.Aa龙猪.主,a偏,14,28,7,持主,,多被,7.9,12,7.9,20,
20,-200,20,0.62
2024/11/11,3.26,3.23,3.27,3.15,0.31,0.62,唏E0上,上,b乙↗上29.A15,(升)人.孕孕vo,0橅.Aa龙猪.主,,15,29,8,持主,,多被,3.3,12.2,6.4,19,
19,50,15,2.76
2024/11/12,3.25,3.28,3.35,3.21,-0.31,2.76,唏E0上,上,b乙↗上30.A16,(人)人.孕孕vo,0橅.Aa龙猪.主,,16,30,9,持主,,多被,4.9,11.9,5.5,18,
18,-11,14,0
2024/11/13,3.18,3.21,3.25,3.11,-2.15,0,唏E0上,上,b乙↗上31.A17,跌.尾连vW.W2,2栅.Fa震正〇.主,,17,31,10,持主,,多被,1.6,11,5.4,16,
16,0,10,0.31
2024/11/14,3.04,3.18,3.19,3.04,-4.4,0.31,唏E2上,上,b乙→中32.Y,跌.尾连WW.W3,5蛀.Fe震正根.主,,-1,32,11,持被,,多被,0.8,9.2,6.5,16,
16,-1400,11,1.64
2024/11/15,2.97,3.04,3.09,2.95,-2.3,1.64,唏E1上.被,上,c丙↘下33.Z-2,跌.尾连WW.W4,5蛀.Fe震正根.破,,-2,33,12,持被,,多被,-0.7,7.2,7.6,15,
16,-140,14,4.04
2024/11/18,2.95,2.99,3.09,2.92,-0.67,4.04,唏E1上.被,上,c丙↘下34.Z-3,跌.尾连WW.W5,5蛀.Fe震正根.破,,-3,34,13,持被,,多被,0.8,5.4,9.3,15,
15,-17,15,0.68
2024/11/19,2.96,2.96,2.97,2.87,0.34,0.68,唏E3上.警,上,z丁↘忑-1.Z-4,跌.尾反孕Wo,9妩.Ff震负.破,,-4,35,14,持被,,多被,-2,4,7.2,11,
15,50,13,5.41
2024/11/20,3.08,2.96,3.12,2.92,4.05,5.41,唏E3上.盈,上,r己↗忐-2.I,升.尾连oQ.Q2,4蛀.Df头负.再C,高,1,36,15,持主,,多被,2.8,3.8,5.1,9,
15,75,11,1.62
2024/11/21,3.08,3.07,3.13,3.03,0,1.62,唏E0上.盈,上,a甲↗上1.B2,升.尾连QQ.Q3,4蛀.Dd头正芽.再C,雀连3,2,37,16,持主,,多被,2.8,3.8,2.8,6,
14,0,9,1.3
2024/11/22,2.95,3.08,3.12,2.93,-4.22,1.3,唏E3上.警,上,z丁↘忑-1.Y暂,(升)人.连后吞QV,5暂.Ff震负.破,,-1,38,17,持被,,多被,3.1,3,3.4,6,
14,-325,9,3.73
2024/11/25,3.06,2.96,3.06,2.94,3.73,3.73,唏E3上,上,r己↗忐-2.I暂,(升)人.连后吞QVo,4暂.Df头负.再C,,1,39,18,持主,,多被,1,2.9,3.3,6,
13,100,9,1.31
2024/11/26,3.05,3.05,3.1,3.03,-0.33,1.31,唏E3上,上,r己↗忐-3.B2暂,(人)人.孕孕vo,4暂.Df头负.再C,,2,40,19,持主,,多被,2.1,2.8,3.1,6,
10,-25,7,2.3
2024/11/27,3.11,3.06,3.12,2.95,1.97,2.3,唏E0上,上,a甲↗上1.B3暂,升.尾吞vO,4暂.Dd头正芽.再C,,3,41,20,持主,,多被,2.2,3.1,2.5,5,
7,86,7,1.93
2024/11/28,3.16,3.08,3.17,3.08,1.61,1.93,唏E0上.盈,上,a甲↗上2.A4,升.尾连OQ.Q2,0橅.Aa龙猪.再C,a,4,42,21,持主,,多被,2.9,3.6,2.9,6,
6,83,8,4.43
2024/11/29,3.27,3.15,3.3,3.11,3.48,4.43,唏E0上.盈,上,a甲↗上3.A5,升.尾连QQ.Q3,0橅.Aa龙猪.再C,a连3,5,43,22,持主,,多被,5.5,4.5,5.5,10,
10,79,12,2.75
2024/12/2,3.34,3.25,3.36,3.24,2.14,2.75,唏E0上.盈,上,a甲↗上4.A6,升.尾连QQ.Q4,0橅.Aa龙猪.再C,a连4,6,44,23,持主,,多被,5.4,5.6,5.4,11,
11,78,14,0.3
2024/12/3,3.34,3.35,3.35,3.26,0,0.3,唏E0上.盈,上,a甲↗上5.A7,升.尾连QQ.Q5,0橅.Aa龙猪.主,连5,7,45,24,持主,,多被,3.6,6.4,3.9,10,
10,0,14,0
2024/12/4,3.25,3.33,3.34,3.22,-2.69,0,唏E0上,上,a甲↗上6.A8,(升)人.连后吞QV,1柜.Aa龙猪.主,,8,46,25,持主,,多被,2.8,6.2,3.4,9,
9,0,9,1.85
2024/12/5,3.3,3.25,3.31,3.21,1.54,1.85,唏E0上,上,a甲↗上7.A9,(升)人.连后吞QVo,1柜.Fa震正〇.主,,9,47,26,持主,,多被,1.4,6.1,3,9,
9,83,8,7.58
2024/12/6,3.47,3.34,3.55,3.34,5.15,7.58,唏E0上.盈,上,a甲↗上8.A10,升.尾连oQ.Q2,1柜.Aa龙猪.主,a高,10,48,27,持主,,多被,7.2,6.9,7.2,14,
14,68,11,1.44
2024/12/9,3.45,3.45,3.52,3.38,-0.58,1.44,唏E0上,上,a甲↗上9.A11,升.尾反孕Qv,1柜.Aa龙猪.主,,11,49,28,持主,,多被,4.9,7.4,5.8,13,
13,-40,11,6.96
2024/12/10,3.5,3.55,3.69,3.47,1.45,6.96,唏E0上.盈,上,a甲↗上10.A12,升.尾吞vO,0橅.Aa龙猪.主,a高,12,50,29,持主,,多被,8.7,7.8,8.7,17,
17,21,15,9.43
2024/12/11,3.73,3.52,3.83,3.48,6.57,9.43,唏E0上.盈,上,a甲↗上11.A13,升.尾连OQ.Q2,0橅.Aa龙猪.主,a高,13,51,30,持主,,多被,10.1,9.2,10.1,20,
20,70,19,5.9
2024/12/12,3.92,3.72,3.95,3.6,5.09,5.9,唏E0上.盈,上,a甲↗上12.A14,升.尾连QQ.Q3,0橅.Aa龙猪.主,a宽连3高,14,52,31,持主,,多被,9.8,11.2,9.8,22,
22,86,18,-0.77
2024/12/13,3.69,3.88,3.89,3.67,-5.87,-0.77,唏E0上.盈,上,a甲↗上13.A15,(升)人.连后吞QV,1柜.Aa龙猪.主,偏,15,53,32,持主,,多被,6.8,11.3,8.4,20,
20,0,17,6.5
2024/12/16,3.78,3.7,3.93,3.6,2.44,6.5,唏E0上.盈,上,a甲↗上14.A16,(升)人.连后吞QVo,1柜.Aa龙猪.主,高,16,54,33,持主,,多被,6.7,11.3,7.2,19,
19,37,14,-0.79
2024/12/17,3.47,3.74,3.75,3.41,-8.2,-0.79,唏E2上,上,b乙→中15.Y,跌.尾吞oV,5蛀.Fe震正根.主,,-1,55,34,持被,,多被,2.9,9.5,8.4,18,
18,0,16,2.02
2024/12/18,3.4,3.46,3.54,3.3,-2.02,2.02,唏E1上.被,上,c丙↘下16.Z-2,跌.尾连VW.W2,5蛀.Fe震正根.破,,-2,56,35,持被,,多被,-1.2,7.3,10.3,18,
18,-100,20,0
2024/12/19,3.32,3.38,3.4,3.25,-2.35,0,唏E1上.被,上,c丙↘下17.Z-3,跌.尾连WW.W3,5蛀.Fe震正根.破,,-3,57,36,持被,,多被,-3.1,5.1,12,17,
18,0,21,1.81
2024/12/20,3.28,3.32,3.38,3.26,-1.2,1.81,唏e5中.警,中,z丁↘忑-1.Z-4,跌.尾连WW.W4,9妩.__Aa龙猪._破,,-4,-1,37,卖浮,,多被,-1.8,3.2,14.1,,
,-67,21,0
2024/12/23,3.04,3.28,3.28,3.01,-7.32,0,唏e5中.警,中,z丁↘忑-2.Z-5,跌.尾连WW.W5,9妩.__Aa龙猪._破,,-5,-2,38,卖浮,,多被,-1.7,0.5,12.3,,
,0,25,1.97
2024/12/24,2.98,3.05,3.1,2.92,-1.97,1.97,唏v9下.警,下,z丁↘忑-3.Z-6,跌.尾连WW.W6,9妩.__Aa龙猪._初,,-6,-3,-1,NA,,空长,-4.2,-2,9.4,,
,-100,21,0.67
2024/12/25,2.88,3,3,2.81,-3.36,0.67,唏v9下.警,下,z丁↘忑-4.Z-7,跌.尾连WW.W7,9妩.__Aa龙猪._初,,-7,-4,-2,NA,,空长,-4.2,-4.3,8.5,,
,-500,21,1.04
2024/12/26,2.84,2.86,2.91,2.83,-1.39,1.04,唏v9下.警,下,z丁↘忑-5.Z-8,跌.尾连WW.W8,9妩.__Aa龙猪._初,,-8,-5,-3,NA,,空长,-4.4,-6.1,11,,
,-133,20,3.17
2024/12/27,2.9,2.84,2.93,2.82,2.11,3.17,唏v9下.警,下,z丁↘忑-6.Z-9,(跌)人.连后吞WO,8姖.__Aa龙猪._初,,-9,-6,-4,NA,,空长,-2.1,-7,9.6,,
,67,17,-0.34
2024/12/30,2.79,2.88,2.89,2.74,-3.79,-0.34,唏v9下.警,下,z丁↘忑-7.Z-10,(人)人.吞吞* OV,8姖.__Aa龙猪._初,,-10,-7,-5,NA,,空长,-1.6,-7.9,5.6,,
,0,13,2.51
2024/12/31,2.72,2.79,2.86,2.71,-2.51,2.51,唏v9下.警,下,z丁↘忑-8.Z-11,跌.尾连VW.W2,8姖.__Aa龙猪._初,,-11,-8,-6,NA,,空长,-0.5,-8.9,4.3,,
,-100,11,3.31
2025/1/2,2.71,2.7,2.81,2.67,-0.37,3.31,唏v9下.警,下,z丁↘忑-9.Z-12,跌.尾连WW.W3,8姖.__Aa龙猪._主,,-12,-9,-7,NA,,空长,-0.5,-9.6,3.7,,
,-11,10,1.11
2025/1/3,2.59,2.71,2.74,2.59,-4.43,1.11,屎v9下.警,下,z丁↘忑-10.Z-13,跌.尾连WW.W4,9妩.__Aa龙猪._主,,-13,-10,-8,NA,,空长,-0.8,-10.6,6.1,,
,-400,13,0.77
2025/1/6,2.55,2.58,2.61,2.46,-1.54,0.77,屎v9下.警,下,z丁↘忑-11.Z-14,跌.尾连WW.W5,9妩.__Aa龙猪._主,,-14,-11,-9,NA,,空长,-3.4,-11.4,7,,
,-200,17,3.92
2025/1/7,2.65,2.53,2.65,2.53,3.92,3.92,屎v9下.警,下,z丁↘忑-12.Z-15,(跌)人.连后吞WO,8姖.__Aa龙猪._主,,-15,-12,-10,NA,,空长,-1,-11.4,6.9,,
,100,16,1.51
2025/1/8,2.68,2.64,2.69,2.57,1.13,1.51,屎v9下.警,下,z丁↘忑-13.Z-16,升.尾连OQ.Q2,7姗.__Bb龙管杂._主,,-16,-13,-11,NA,,空长,0.7,-10.8,5.2,,
,75,14,0.37
2025/1/9,2.65,2.67,2.69,2.63,-1.12,0.37,屎v0忑.警,忑,z丁↘忑-14.Z-17,升.尾反孕Qv,7姗.__Fa震正〇._主,,-17,-14,-12,NA,,空长,0.9,-10.2,2.8,,
,-300,11,0.75
2025/1/10,2.53,2.65,2.67,2.53,-4.53,0.75,屎v0忑.警,忑,z丁↘忑-15.Z-18,跌.尾连vW.W2,7姗.__Fa震正〇._主,,-18,-15,-13,NA,,空长,1.4,-10.4,2.1,,
,-600,9,1.19
2025/1/13,2.54,2.48,2.56,2.44,0.4,1.19,屎v0忑.警,忑,z丁↘忑-16.Z-19,跌.尾反孕Wo,7姗.__Bb龙管杂._主,,-19,-16,-14,NA,,空长,-1.8,-10.4,3.2,,
,33,10,5.51
2025/1/14,2.67,2.56,2.68,2.56,5.12,5.51,屎v1忑.警,忑,y戊↘忠-17.I,升.尾连oQ.Q2,4蛀.__Be龙管根._主,,1,-17,-15,NA,,空长,2.5,-9.5,2.9,,
,93,10,2.62
2025/1/15,2.7,2.68,2.74,2.63,1.12,2.62,屎v1忑.警,忑,y戊↘忠-18.B2,升.尾连QQ.Q3,4蛀.__Be龙管根._主,,2,-18,-16,NA,,空长,4,-8.3,4,,
,43,12,2.96
2025/1/16,2.74,2.7,2.78,2.7,1.48,2.96,屎v2忑,忑,r己↗忐-19.B3,升.尾连QQ.Q4,4蛀.__Fe震正根.储,,3,-19,-17,NA,,空长,4.4,-7,4.4,,
,50,14,-0.36
2025/1/17,2.67,2.71,2.73,2.66,-2.55,-0.36,屎v1忑.警,忑,y戊↘忠-20.A4,(升)人.连后吞QV,1柜.__Fe震正根._再B,,4,-20,-18,NA,,空长,2.2,-6.2,4.1,,
,0,14,3.37
2025/1/20,2.74,2.69,2.76,2.63,2.62,3.37,屎v2忑,忑,r己↗忐-21.A5,(人)人.吞吞* VO,1柜.__Fe震正根.储,,5,-21,-19,NA,,空长,2.7,-5.4,3.4,,
,78,9,1.09
2025/1/21,2.66,2.74,2.77,2.64,-2.92,1.09,屎v0忑.警,忑,y戊↘忑-22.Y,(人)人.吞吞* OV,5蛀.__Fa震正〇._再B,,-1,-22,-20,NA,,空长,3.1,-5,3.5,,
,-267,6,0
2025/1/22,2.6,2.64,2.66,2.58,-2.26,0,屎v0忑.警,忑,y戊↘忑-23.Z-2,跌.尾连VW.W2,5蛀.__Fa震正〇._再B,,-2,-23,-21,NA,,空长,-0.2,-5.2,4.3,,
,0,8,3.85
2025/1/23,2.6,2.63,2.7,2.6,0,3.85,屎v0忑.警,忑,y戊↘忑-24.Z-3,跌.尾反孕Wo,5蛀.__Fa震正〇._再B,,-3,-24,-22,NA,,空长,2,-5.4,4.6,,
,0,7,1.15
2025/1/24,2.62,2.6,2.63,2.57,0.77,1.15,屎v0忑.警,忑,y戊↘忑-25.Z-4,升.尾连oQ.Q2,7姗.__Fa震正〇._再B,,-4,-25,-23,NA,,空长,-0.3,-5.3,5,,
,67,8,4.58
2025/1/27,2.7,2.64,2.74,2.63,3.05,4.58,屎v2忑,忑,r己↗忐-26.I,升.尾连QQ.Q3,4蛀.__Fe震正根.储,,1,-26,-24,NA,,空长,3.4,-4.6,4.6,,
,67,8,7.41
2025/2/5,2.83,2.75,2.9,2.7,4.81,7.41,屎V5忠.盈,忠,a甲↗上1.B2,升.尾连QQ.Q4,4蛀.Aa龙猪.储,a连4高,2,1,-25,NA,,空长,7.7,-3.1,7.7,4,
4,65,13,2.47
2025/2/6,2.83,2.85,2.9,2.76,0,2.47,屎V5忠.盈,忠,a甲↗上2.B3,升.尾连QQ.Q5,4蛀.Aa龙猪.储,a连5偏,3,2,-26,NA,,空长,6.1,-1.7,6.1,4,
4,0,13,1.41
2025/2/7,2.84,2.82,2.87,2.79,0.35,1.41,屎V5忠.盈,忠,a甲↗上3.A4,升.尾连QQ.Q6,0橅.Aa龙猪.储,连6,4,3,-27,NA,,空长,3.8,-0.7,4.9,4,
4,25,13,2.82
2025/2/10,2.92,2.84,2.92,2.83,2.82,2.82,屎V6忐.盈,忐,a甲↗上4.A5,升.尾连QQ.Q7,0橅.Aa龙猪.初,a连7,5,4,-28,NA,,空看,4,0.5,4,4,
4,100,11,1.03
2025/2/11,2.86,2.92,2.95,2.83,-2.05,1.03,屎V6忐.盈,忐,a甲↗上5.A6,升.尾反孕Qv,0橅.Aa龙猪.初,a,6,5,-29,NA,,空看,4.3,1.1,4.3,5,
5,-200,9,1.4
2025/2/12,2.88,2.85,2.9,2.83,0.7,1.4,屎V6忐,忐,a甲↗上6.A7,(升)人.孕孕vo,0橅.Aa龙猪.初,,7,6,-30,NA,,空看,2,1.4,3.7,5,
5,50,7,1.04
2025/2/13,2.86,2.88,2.91,2.85,-0.69,1.04,屎V6忐,忐,a甲↗上7.A8,(人)人.孕孕vo,0橅.Aa龙猪.初,,8,7,-31,NA,,空看,2.1,1.5,3.5,5,
5,-67,6,0.7
2025/2/14,2.85,2.87,2.88,2.82,-0.35,0.7,屎V5忠,忠,a甲↗上8.A9,跌.尾连vW.W2,2栅.Fa震正〇.初,,9,8,-32,NA,,空长,1,1.4,3.4,4,
4,-50,5,10.18
2025/2/17,3.14,3.14,3.14,3.14,10.18,10.18,屎E9忐.盈,忐,a甲↗上9.A10,(跌)人.连后吞WO,2栅.Bc龙管栅.初,a高,10,9,1,持主,,多被,7.7,3.1,7.7,10,
10,100,11,7.96
2025/2/18,3.09,3.39,3.39,3.06,-1.59,7.96,屎E9忐.盈,忐,a甲↗上10.A11,(人)人.吞吞* OV,2栅.Bc龙管栅.初,a高,11,10,2,持主,,多被,14.2,4.3,14.2,19,
19,-20,20,-0.97
2025/2/19,2.99,3.05,3.06,2.9,-3.24,-0.97,屎E9忐,忐,a甲↗上11.A12,跌.尾连VW.W2,3桮.Bd龙管杂.初,,12,11,3,持主,,多被,2.5,4.4,13.6,18,
18,0,20,-0.33
2025/2/20,2.93,2.98,2.98,2.92,-2.01,-0.33,屎E9忐,忐,b乙→中12.Y,跌.尾连WW.W3,5蛀.Be龙管根.初,,-1,12,4,持被,,多被,0.1,3.8,13.9,18,
18,0,20,0.34
2025/2/21,2.91,2.92,2.94,2.87,-0.68,0.34,屎E9忐,忐,b乙→中13.Z-2,跌.尾连WW.W4,5蛀.Fe震正根.主,,-2,13,5,持被,,多被,-0.6,3.1,14.6,18,
18,-200,18,6.87
2025/2/24,2.96,2.9,3.11,2.9,1.72,6.87,屎E9忐.盈,忐,b乙→中14.Z-3,(跌)人.连后吞WO,5蛀.Fe震正根.主,高,-3,14,6,持被,,多被,5.2,2.7,14.7,17,
17,25,18,2.36
2025/2/25,2.97,2.93,3.03,2.91,0.34,2.36,屎E9忐,忐,b乙↗上15.I暂,升.尾连OQ.Q2,4暂.Fd震正芽.主,,1,15,7,持主,,多被,2.4,2.6,5.1,7,
17,14,8,1.35
2025/2/26,3,2.97,3.01,2.95,1.01,1.35,屎E9忐.盈,忐,b乙↗上16.B2暂,升.尾连QQ.Q3,4暂.Fd震正芽.主,连3,2,16,8,持主,,多被,1.4,2.7,4.8,7,
17,75,8,1.33
2025/2/27,3.01,3,3.04,2.95,0.33,1.33,屎E0上.盈,上,b乙↗上17.B3暂,升.尾连QQ.Q4,4暂.Fd震正芽.主,连4,3,17,9,持主,,多被,2,2.8,4.4,7,
16,25,8,0.66
2025/2/28,2.92,3,3.03,2.92,-2.99,0.66,唏E2上,上,b乙→中18.Y暂,(升)人.连后吞QV,5暂.Fe震正根.主,,-1,18,10,持被,,多被,2.1,2.3,4.7,7,
16,-450,7,2.05
2025/3/3,2.91,2.91,2.98,2.9,-0.34,2.05,唏V7上.被,上,c丙↘下19.Z-2暂,跌.尾连VW.W2,5暂.Fe震正根.破,,-2,19,-1,NA,,空看,0.9,1.7,2.9,4,
16,-17,5,1.72
2025/3/4,2.94,2.91,2.96,2.88,1.03,1.72,唏E1上.被,上,c丙↘下20.Z-3暂,(跌)人.连后吞WO,5暂.Fe震正根.破,,-3,20,1,持被,,多被,0.4,1.4,3.2,4,
7,60,6,0
2025/3/5,2.91,2.92,2.94,2.85,-1.02,0,唏V7上.被,上,c丙↘下21.Z-4,(跌)人.连后吞WOv,8姖.Fe震正根.破,,-4,21,-1,NA,,空看,0.1,1,3.5,4,
6,0,7,1.03
2025/3/6,2.93,2.9,2.94,2.88,0.69,1.03,唏E3上.警,上,z丁↘忑-1.Z-5,升.尾吞vO,6娝.Ff震负.破,,-5,22,1,持被,,多被,0.2,0.9,3.3,4,
6,67,6,0
2025/3/7,2.85,2.93,2.93,2.84,-2.73,0,屎v9下.警,下,z丁↘忑-2.Z-6,(升)人.吞吞vOV,6娝.__Bc龙管栅._破,,-6,-1,-1,NA,,空长,0.5,0.3,2.3,,
,0,5,2.11
2025/3/10,2.9,2.84,2.91,2.84,1.75,2.11,屎v9下.警,下,z丁↘忑-3.Z-7,(升)人.吞吞vOVo,8姖.__Aa龙猪._破,,-7,-2,-2,NA,,空长,0.1,0.1,1.8,,
,83,4,0.69
2025/3/11,2.92,2.86,2.92,2.85,0.69,0.69,屎V7上.警,上,y戊↘忠-4.I,升.尾连oQ.Q2,4蛀.Ff震负.再C,,1,1,-3,NA,,空看,0.4,0.1,1.1,1,
4,100,4,0.68
2025/3/12,2.92,2.92,2.94,2.9,0,0.68,屎V7上.警.盈,上,y戊↘忠-5.B2,升.尾连QQ.Q3,4蛀.Ff震负.再C,雀连3,2,2,-4,NA,,空看,1,0.2,1,1,
4,0,4,0.34
2025/3/13,2.9,2.92,2.93,2.85,-0.68,0.34,屎V7上.警,上,y戊↘忑-6.Y暂,(升)人.连后吞QV,5暂.Ff震负._破,,-1,3,-5,NA,,空看,0.7,0.1,1.1,1,
4,-200,4,5.17
2025/3/14,3.04,2.89,3.05,2.89,4.83,5.17,唏E0上.盈,上,a甲↗上1.I暂,(人)人.吞吞* VO,4暂.Aa龙猪.再C,a高,1,4,1,持主,,多被,3.8,0.9,3.8,4,
4,93,7,2.63
2025/3/17,3.11,3.05,3.12,3.04,2.3,2.63,唏E0上.盈,上,a甲↗上2.B2暂,升.尾连OQ.Q2,4暂.Aa龙猪.再C,a,2,5,2,持主,,多被,4.6,2,4.6,6,
6,87,9,0.96
2025/3/18,3.1,3.11,3.14,3.07,-0.32,0.96,唏E0上.盈,上,a甲↗上3.B3暂,升.尾反孕Qv,4暂.Aa龙猪.再C,a,3,6,3,持主,,多被,4,2.8,4,6,
6,-33,10,2.58
2025/3/19,3.11,3.09,3.18,3.06,0.32,2.58,唏E0上.盈,上,a甲↗上4.A4,升.尾吞vO,0橅.Aa龙猪.再C,a,4,7,4,持主,,多被,4.4,3.3,4.4,7,
7,12,12,1.61
2025/3/20,3.12,3.12,3.16,3.11,0.32,1.61,唏E0上,上,a甲↗上5.A5,升.尾连OQ.Q2,0橅.Aa龙猪.主,,5,8,5,持主,,多被,2.9,3.7,3.6,7,
7,20,10,0.64
2025/3/21,3.08,3.1,3.14,3.04,-1.28,0.64,唏E0上,上,a甲↗上6.A6,(升)人.连后吞QV,1柜.Aa龙猪.主,,6,9,6,持主,,多被,2,3.6,3.3,7,
7,-200,5,8.77
2025/3/24,3.01,3.09,3.35,2.97,-2.27,8.77,唏E2上.盈,上,b乙→中7.Y,跌.尾连VW.W2,5蛀.Be龙管根.主,a高,-1,10,7,持被,,多被,9.3,3,9.3,12,
12,-26,13,0.33
2025/3/25,2.97,3.01,3.02,2.9,-1.33,0.33,唏E1上.被,上,c丙↘下8.Z-2,跌.尾连WW.W3,5蛀.Fe震正根.破,,-2,11,8,持被,,多被,-0.7,2.1,10.2,12,
12,-400,16,2.69
2025/3/26,3.02,2.97,3.05,2.96,1.68,2.69,唏E1上.被,上,c丙↘下9.Z-3,(跌)人.连后吞WO,5蛀.Fe震正根.破,,-3,12,9,持被,,多被,0.7,1.7,10.6,12,
12,63,16,0.33
2025/3/27,3.02,3,3.03,2.93,0,0.33,唏E1上.被,上,c丙↘下10.Z-4,升.尾连OQ.Q2,7姗.Fe震正根.破,,-4,13,10,持被,,多被,0.1,1.5,10.7,12,
12,0,16,0
2025/3/28,2.9,3.01,3.02,2.89,-3.97,0,唏v9下.警,下,z丁↘忑-1.Z-5,(升)人.连后吞QV,7姗.__Bb龙管杂._破,,-5,-1,-1,NA,,空长,0.8,0.6,11.8,,
,0,16,-0.34
2025/3/31,2.83,2.88,2.89,2.81,-2.41,-0.34,唏v9下.警,下,z丁↘忑-2.Z-6,跌.尾连VW.W2,7姗.__Bb龙管杂._初,,-6,-2,-2,NA,,空长,-2.1,-0.6,3.3,,
,0,9,2.12
2025/4/1,2.83,2.84,2.89,2.82,0,2.12,唏v9下.警,下,z丁↘忑-3.Z-7,跌.尾反孕Wo,7姗.__Bb龙管杂._初,,-7,-3,-3,NA,,空长,-0.9,-1.5,4.6,,
,0,9,2.47
2025/4/2,2.88,2.83,2.9,2.81,1.77,2.47,唏v9下.警,下,z丁↘忑-4.Z-8,升.尾连oQ.Q2,7姗.__Bb龙管杂._初,,-8,-4,-4,NA,,空长,0,-1.8,4.5,,
,71,8,1.39
2025/4/3,2.89,2.86,2.92,2.83,0.35,1.39,唏v9下.警,下,z丁↘忑-5.Z-9,升.尾连QQ.Q3,6娝.__Bc龙管栅._初,,-9,-5,-5,NA,,空长,0.9,-1.9,4.4,,
,25,7,-4.15
2025/4/7,2.6,2.77,2.77,2.6,-10.03,-4.15,唏v9下.警,下,z丁↘忑-6.Z-10,(升)人.连后吞QV,6娝.__Bc龙管栅._初,,-10,-6,-6,NA,,空长,-2,-3.5,3.3,,
,0,12,0
2025/4/8,2.46,2.53,2.6,2.42,-5.38,0,唏v0忑.警,忑,z丁↘忑-7.Z-11,跌.尾连VW.W2,6娝.__Bc龙管栅._初,,-11,-7,-7,NA,,空长,-4.8,-5.9,6.9,,
,0,21,5.28
2025/4/9,2.55,2.44,2.59,2.25,3.66,5.28,唏v0忑.警,忑,z丁↘忑-8.Z-12,(跌)人.连后吞WO,7姗.__Bb龙管杂._主,,-12,-8,-8,NA,,空长,-3,-7.2,9.4,,
,69,30,6.27
2025/4/10,2.66,2.59,2.71,2.56,4.31,6.27,唏v0忑.警,忑,z丁↘忑-9.Z-13,升.尾连OQ.Q2,7姗.__Bb龙管杂._主,,-13,-9,-9,NA,,空长,2.1,-7.1,10.1,,
,69,30,3.38
2025/4/11,2.7,2.7,2.75,2.67,1.5,3.38,屎v1忑.警,忑,y戊↘忠-10.I,升.尾连QQ.Q3,4蛀.__Be龙管根._主,,1,-10,-10,NA,,空长,3.4,-6.4,4.1,,
,44,23,10
2025/4/14,2.97,2.74,2.97,2.73,10,10,屎V5忠.盈,忠,r己↗忐-11.B2,升.尾连QQ.Q4,4蛀.Df头负.储,a连4高,2,1,-11,NA,,空长,8.8,-4,8.8,4,
4,100,32,0.34
2025/4/15,2.85,2.97,2.98,2.81,-4.04,0.34,屎V5忠.盈,忠,r己↗忐-12.B3,升.尾反孕Qv,4蛀.Df头负.储,a偏,3,2,-12,NA,,空长,7.5,-2.6,7.5,4,
4,-1200,32,-0.35
2025/4/16,2.73,2.83,2.84,2.7,-4.21,-0.35,屎v1忑.警,忑,y戊↘忠-13.A4,跌.尾连vW.W2,2栅.__Fe震正根._再B,,4,-1,-13,NA,,空长,2.5,-2.4,7.5,,
,0,16,4.4
2025/4/17,2.82,2.74,2.85,2.72,3.3,4.4,屎v2忑,忑,r己↗忐-14.A5,跌.尾反孕Wo,2栅.__Fe震正根.储,,5,-2,-14,NA,,空长,2.4,-1.9,7.1,,
,75,12,0
2025/4/18,2.75,2.79,2.82,2.72,-2.48,0,屎v0忑.警,忑,y戊↘忑-15.Y,(跌)人.孕孕ov,5蛀.__Fa震正〇._再B,,-1,-3,-15,NA,,空长,1.5,-1.9,7.3,,
,0,10,1.45
2025/4/21,2.77,2.74,2.79,2.7,0.73,1.45,屎v0忑.警,忑,y戊↘忑-16.Z-2,(人)人.孕孕vo,5蛀.__Fa震正〇._再B,,-2,-4,-16,NA,,空长,0.5,-1.9,7.4,,
,50,10,1.81
2025/4/22,2.8,2.76,2.82,2.75,1.08,1.81,屎v2忑,忑,r己↗忐-17.I暂,升.尾连oQ.Q2,4暂.__Fe震正根.储,,1,-5,-17,NA,,空长,1.4,-1.6,2.5,,
,60,6,1.43
2025/4/23,2.73,2.8,2.84,2.72,-2.5,1.43,屎v0忑.警,忑,y戊↘忑-18.Y暂,(升)人.连后吞QV,5暂.__Fa震正〇._再B,,-1,-6,-18,NA,,空长,2.5,-1.7,2.9,,
,-175,6,2.56
2025/4/24,2.73,2.73,2.8,2.7,0,2.56,屎v0忑.警,忑,y戊↘忑-19.Z-2暂,(升)人.连后吞QVo,5暂.__Fa震正〇._再B,,-2,-7,-19,NA,,空长,1.5,-1.9,2.9,,
,0,5,4.03
2025/4/25,2.78,2.72,2.84,2.72,1.83,4.03,屎v1忑.警,忑,y戊↘忠-20.I暂,升.尾连oQ.Q2,4暂.__Fe震正根._再B,,1,-8,-20,NA,,空长,2.9,-1.7,2.9,,
,45,5,0
2025/4/28,2.65,2.78,2.78,2.64,-4.68,0,屎v0忑.警,忑,y戊↘忑-21.Y暂,(升)人.连后吞QV,5暂.__Aa龙猪._再B,,-1,-9,-21,NA,,空长,1.6,-2.2,3.8,,
,0,8,5.66
2025/4/29,2.79,2.64,2.8,2.63,5.28,5.66,屎v1忑.警,忑,y戊↘忠-22.I暂,(人)人.吞吞* VO,4暂.__Be龙管根._再B,,1,-10,-22,NA,,空长,2.1,-1.9,3.5,,
,93,8,6.09
2025/4/30,2.88,2.81,2.96,2.79,3.23,6.09,屎V5忠.盈,忠,a甲↗上1.B2暂,升.尾连OQ.Q2,4暂.Aa龙猪.储,a高,2,1,-23,NA,,空长,6.7,-0.9,6.7,5,
5,53,13,4.51
2025/5/6,3,2.92,3.01,2.92,4.17,4.51,屎E9忐.盈,忐,a甲↗上2.B3暂,升.尾连QQ.Q3,4暂.Aa龙猪.初,a连3偏,3,2,1,持主,,多被,6.3,0.7,6.3,7,
7,92,14,2.33
2025/5/7,3.03,2.96,3.07,2.96,1,2.33,屎E9忐.盈,忐,a甲↗上3.A4,升.尾连QQ.Q4,0橅.Aa龙猪.初,a连4偏,4,3,2,持主,,多被,6.3,2.3,6.3,8,
8,43,17,2.64
2025/5/8,3.09,3.03,3.11,3.01,1.98,2.64,屎E9忐.盈,忐,a甲↗上4.A5,升.尾连QQ.Q5,0橅.Aa龙猪.初,a连5,5,4,3,持主,,多被,5.6,3.7,5.6,9,
9,75,18,2.91
2025/5/9,3.11,3.11,3.18,3.08,0.65,2.91,唏E9忐.盈,忐,a甲↗上5.A6,升.尾连QQ.Q6,0橅.Aa龙猪.初,a连6偏,6,5,4,持主,,多被,6.2,4.7,6.2,11,
11,22,14,8.68
2025/5/12,3.32,3.12,3.38,3.12,6.75,8.68,唏E0上.盈,上,a甲↗上6.A7,升.尾连QQ.Q7,0橅.Aa龙猪.初,a连7高,7,6,5,持主,,多被,9.8,6.5,9.8,16,
16,78,16,7.83
2025/5/13,3.49,3.33,3.58,3.33,5.12,7.83,唏E0上.盈,上,a甲↗上7.A8,升.尾连QQ.Q8,0橅.Aa龙猪.主,a宽连8高,8,7,6,持主,,多被,12.3,8.9,12.3,22,
22,65,21,3.72
2025/5/14,3.5,3.52,3.62,3.41,0.29,3.72,唏E0上.盈,上,a甲↗上8.A9,升.尾连QQ.Q9,0橅.Aa龙猪.主,a宽连9偏,9,8,7,持主,,多被,10.3,10.6,10.3,22,
22,8,20,2.57
2025/5/15,3.49,3.49,3.59,3.4,-0.29,2.57,唏E0上.盈,上,a甲↗上9.A10,(升)人.连后吞QV,1柜.Aa龙猪.主,偏,10,9,8,持主,,多被,7.2,11.4,8.1,20,
20,-11,18,3.15
2025/5/16,3.56,3.5,3.6,3.45,2.01,3.15,银E0上,上,a甲↗上10.A11,(人)人.吞吞* VO,1柜.Aa龙猪.主,,11,10,9,持主,,多被,5.5,12.1,6.1,18,
18,64,16,3.65
2025/5/19,3.62,3.6,3.69,3.56,1.69,3.65,银E0上.盈,上,a甲↗上11.A12,升.尾连OQ.Q2,1柜.Aa龙猪.主,a偏,12,11,10,持主,,多被,6.3,12.5,6.3,19,
19,46,11,1.1
2025/5/20,3.63,3.62,3.66,3.57,0.28,1.1,银E0上.盈,上,a甲↗上12.A13,升.尾连QQ.Q3,1柜.Aa龙猪.主,连3,13,12,11,持主,,多被,4,12.7,4.8,18,
18,25,9,1.1
2025/5/21,3.63,3.62,3.67,3.53,0,1.1,银E0上.盈,上,a甲↗上13.A14,升.尾连QQ.Q4,0橅.Aa龙猪.主,连4,14,13,12,持主,,多被,3.2,12.5,3.8,16,
16,0,9,4.13
2025/5/22,3.7,3.61,3.78,3.58,1.93,4.13,银E0上.盈,上,a甲↗上14.A15,升.尾连QQ.Q5,0橅.Aa龙猪.主,a连5,15,14,13,持主,,多被,5.1,12.4,5.1,18,
18,47,10,-1.08
2025/5/23,3.51,3.66,3.66,3.38,-5.14,-1.08,银E2上,上,b乙→中15.Y,(升)人.连后吞QV,5蛀.Be龙管根.主,,-1,15,14,持被,,多被,2.1,11.1,5.4,17,
17,0,12,1.71
2025/5/26,3.56,3.49,3.57,3.43,1.42,1.71,银E2上,上,b乙→中16.Z-2,(升)人.连后吞QVo,5蛀.Be龙管根.主,,-2,16,15,持被,,多被,-0.2,10,5.7,16,
16,83,12,1.4
2025/5/27,3.59,3.58,3.61,3.5,0.84,1.4,银E0上,上,b乙↗上17.I暂,升.尾连oQ.Q2,4暂.Fd震正芽.主,,1,17,16,持主,,多被,0.9,9.3,5.6,15,
15,60,12,1.95
2025/5/28,3.63,3.58,3.66,3.56,1.11,1.95,银E0上.盈,上,b乙↗上18.B2暂,升.尾连QQ.Q3,4暂.Fd震正芽.主,连3,2,18,17,持主,,多被,1.9,8.8,5.3,14,
14,57,12,1.65
2025/5/29,3.69,3.64,3.69,3.61,1.65,1.65,银E0上.盈,上,b乙↗上19.B3暂,升.尾连QQ.Q4,4暂.Fd震正芽.主,雀连4,3,19,18,持主,,多被,2.1,8.7,2.1,10,
13,100,9,1.63
2025/5/30,3.61,3.69,3.75,3.59,-2.17,1.63,银E0上.盈,上,b乙↗上20.A4,(升)人.连后吞QV,1柜.Fd震正芽.主,雀,4,20,19,持主,,多被,3.6,8.1,3.6,11,
12,-133,9,8.03
2025/6/3,3.76,3.6,3.9,3.57,4.16,8.03,银E0上.盈,上,b乙↗上21.A5,(人)人.吞吞* VO,1柜.Aa龙猪.主,a高,5,21,20,持主,,多被,6.8,8.1,6.8,15,
15,52,11,10.11
2025/6/4,3.86,3.92,4.14,3.76,2.66,10.11,银E0上.盈,上,b乙↗上22.A6,升.尾连OQ.Q2,1柜.Aa龙猪.主,a宽高,6,22,21,持主,,多被,11.7,8.7,11.7,21,
21,26,16,2.33
2025/6/5,3.84,3.87,3.95,3.69,-0.52,2.33,银E0上,上,b乙↗上23.A7,(升)人.连后吞QV,3桮.Bd龙管杂.主,,7,23,22,持主,,多被,5.4,9,10.5,20,
20,-22,16,4.69
2025/6/6,3.95,3.8,4.02,3.77,2.86,4.69,银E0上,上,b乙↗上24.A8,(人)人.吞吞* VO,1柜.Aa龙猪.主,,8,24,23,持主,,多被,5.8,9.4,8.9,19,
19,61,16,10.13
2025/6/9,4.35,4.35,4.35,4.2,10.13,10.13,银E0上.盈,上,b乙↗上25.A9,升.尾连OQ.Q2,1柜.Aa龙猪.主,a宽高,9,25,24,持主,,多被,10.5,11.5,10.5,23,
23,100,22,10.11
2025/6/10,4.65,4.36,4.79,4.36,6.9,10.11,银E0上.盈,上,b乙↗上26.A10,升.尾连QQ.Q3,1柜.Aa龙猪.主,a宽连3高,10,26,25,持主,,多被,16.1,14.6,16.1,33,
33,68,30,2.58
2025/6/11,4.23,4.76,4.77,4.19,-9.03,2.58,银E0上.盈,上,b乙↗上27.A11,(升)人.连后吞QV,1柜.Aa龙猪.主,宽偏,11,27,26,持主,,多被,13.9,14.7,14.3,31,
31,-350,30,9.93
2025/6/12,4.65,4.15,4.65,4.15,9.93,9.93,银E0上.盈,上,b乙↗上28.A12,(升)人.连后吞QVo,1柜.Aa龙猪.主,宽高,12,28,27,持主,,多被,8,15.8,11.2,28,
28,100,27,3.01
2025/6/13,4.6,4.46,4.79,4.4,-1.08,3.01,银E0上.盈,上,b乙↗上29.A13,(人)人.孕孕vo,1柜.Aa龙猪.主,a宽偏,13,29,28,持主,,多被,8.9,16.2,8.9,26,
26,-36,15,3.91
2025/6/16,4.64,4.55,4.78,4.36,0.87,3.91,银E0上.盈,上,b乙↗上30.A14,升.尾吞vO,1柜.Aa龙猪.主,宽偏,14,30,29,持主,,多被,6.9,16.3,7.1,24,
24,22,15,9.27
2025/6/17,4.95,4.72,5.07,4.66,6.68,9.27,银E0上.盈,上,b乙↗上31.A15,升.尾连OQ.Q2,0橅.Aa龙猪.主,a宽高,15,31,30,持主,,多被,10.4,17.2,10.4,29,
29,72,22,2.63
2025/6/18,4.46,4.75,5.08,4.46,-9.9,2.63,银E2上.盈,上,b乙→中32.Y,(升)人.连后吞QV,5蛀.Be龙管根.主,a偏,-1,32,31,持被,,多被,10.6,15.7,10.6,28,
28,-377,22,8.52
2025/6/19,4.04,4.37,4.84,4.03,-9.42,8.52,银E1上.被.盈,上,c丙↘下33.Z-2,跌.尾连VW.W2,5蛀.Fe震正根.破,高,-2,33,32,持被,,多被,8.3,12.1,13.7,27,
27,-111,26,8.91
2025/6/20,4.31,4.04,4.4,3.86,6.68,8.91,银E1上.被.盈,上,c丙↘下34.Z-3,跌.尾反孕Wo,5蛀.Fe震正根.破,高,-3,34,33,持被,,多长,-0.1,9.9,15.3,26,
26,75,32,5.34
2025/6/23,4.42,4.3,4.54,4.15,2.55,5.34,银E2上.盈,上,b乙→中35.Z-4,升.尾连oQ.Q2,7姗.De头正根.再B,高,-4,35,34,持被,,多长,3.3,8.9,15.6,25,
25,48,32,4.07
2025/6/24,4.48,4.4,4.6,4.35,1.36,4.07,银E0上.盈,上,b乙↗上36.I,升.尾连QQ.Q3,4蛀.Dd头正芽.再B,连3,1,36,35,持主,,多长,4.3,8.5,15.1,24,
24,33,32,1.79
2025/6/25,4.46,4.52,4.56,4.4,-0.45,1.79,银E0上,上,b乙↗上37.B2,升.尾反孕Qv,4蛀.Dd头正芽.再B,,2,37,36,持主,,多长,3,8.1,9.4,18,
24,-25,25,9.87
2025/6/26,4.48,4.47,4.9,4.28,0.45,9.87,银E0上.盈,上,b乙↗上38.B3,(升)人.孕孕vo,4蛀.Dd头正芽.再B,雀高,3,38,37,持主,,多长,10.3,7.7,10.3,18,
23,5,27,7.14
2025/6/27,4.67,4.46,4.8,4.38,4.24,7.14,银E0上.盈,上,b乙↗上39.A4,升.尾连oQ.Q2,0橅.Dd头正芽.再B,高,4,39,38,持主,,多长,6.8,8.1,9,17,
22,59,18,10.06
2025/6/30,5.14,4.73,5.14,4.68,10.06,10.06,银E0上.盈,上,b乙↗上40.A5,升.尾连QQ.Q3,0橅.Aa龙猪.主,a宽连3高,5,40,39,持主,,多长,10.5,10.2,10.5,21,
21,100,20,8.75
2025/7/1,5.28,5.12,5.59,5.12,2.72,8.75,银E0上.盈,上,b乙↗上41.A6,升.尾连QQ.Q4,0橅.Aa龙猪.主,a宽连4高,6,41,40,持主,,多长,15.9,12.5,15.9,30,
30,31,31,2.84
2025/7/2,5.23,5.25,5.43,4.88,-0.95,2.84,银E0上.盈,上,b乙↗上42.A7,升.尾反孕Qv,0橅.Aa龙猪.主,宽偏,7,42,41,持主,,多长,9.6,13.7,12.8,28,
28,-33,31,5.16
2025/7/3,5.31,5.26,5.5,5.22,1.53,5.16,银E0上.盈,上,b乙↗上43.A8,升.尾吞vO,0橅.Aa龙猪.主,宽高,8,43,42,持主,,多长,8.7,14.4,10.4,26,
26,30,28,0
2025/7/4,5.04,5.22,5.31,5,-5.08,0,金E0上.盈,上,b乙↗上44.A9,(升)人.吞吞vOV,1柜.Fa震正〇.主,宽,9,44,43,持主,,多长,4.5,13.5,10,24,
24,0,19,0.99
2025/7/7,5.03,5.06,5.09,4.99,-0.2,0.99,金E2上,上,b乙→中45.Y,跌.尾连VW.W2,5蛀.Fe震正根.主,,-1,45,44,持被,,多长,0.3,12.3,10.2,23,
23,-20,15,0.99
2025/7/8,4.88,5.01,5.08,4.81,-2.98,0.99,金E2上,上,b乙→中46.Z-2,跌.尾连WW.W3,5蛀.Fe震正根.主,,-2,46,45,持被,,多长,1,10.5,9.4,20,
22,-300,14,1.02
2025/7/9,4.85,4.86,4.93,4.8,-0.61,1.02,金E1上.被,上,c丙↘下47.Z-3,跌.尾连WW.W4,5蛀.Fe震正根.破,,-3,47,46,持被,,多长,-1,8.9,10.5,20,
22,-60,15,5.15
2025/7/10,4.93,4.83,5.1,4.76,1.65,5.15,金E2上.盈,上,b乙→中48.Z-4,(跌)人.连后吞WO,8姖.De头正根.再B,高,-4,48,47,持被,,多长,2.9,7.8,7.1,15,
21,32,12,0.2
2025/7/11,4.86,4.93,4.94,4.77,-1.42,0.2,金E1上.被,上,c丙↘下49.Z-5,(跌)人.连后吞WOv,8姖.Fe震正根.破,,-5,49,48,持被,,多长,0.2,6.7,3.4,10,
20,-700,7,0.82
2025/7/14,4.77,4.79,4.9,4.75,-1.85,0.82,金E1上.被,上,c丙↘下50.Z-6,跌.尾连vW.W2,8姖.Fe震正根.破,,-6,50,49,持被,,多长,0.2,5.5,4.3,10,
20,-225,7,1.68
2025/7/15,4.54,4.85,4.85,4.4,-4.82,1.68,金e5中.警,中,z丁↘忑-1.Z-7,跌.尾连WW.W3,8姖.__Aa龙猪._破,,-7,-1,50,卖浮,,多长,1,3.6,6.2,,
,-287,16,7.71
2025/7/16,4.8,4.52,4.89,4.48,5.73,7.71,金E3上.警.盈,上,z丁↘忑-2.Z-8,跌.尾反孕Wo,9妩.Ff震负.破,高,-8,1,51,持被,,多长,2.3,3,6.6,9,
18,74,16,1.04
2025/7/17,4.84,4.8,4.85,4.68,0.83,1.04,金E3上.警,上,y戊↘忠-3.I,升.尾连oQ.Q2,4蛀.Ff震负.再C,,1,2,52,持主,,多长,1.2,2.9,3.1,6,
14,80,12,2.07
2025/7/18,4.65,4.94,4.94,4.6,-3.93,2.07,金E3上.警.盈,上,y戊↘忑-4.Y暂,(升)人.连后吞QV,5暂.Ff震负.破,雀,-1,3,53,持被,,多长,3.7,2.2,3.7,6,
9,-190,12,-0.43
2025/7/21,4.59,4.63,4.63,4.46,-1.29,-0.43,金e5中.警,中,y戊↘忑-5.Z-2暂,跌.尾连VW.W2,5暂.__Fa震正〇._破,,-2,-1,54,卖浮,,多长,-1.8,1.3,4.7,,
,0,12,1.09
2025/7/22,4.5,4.64,4.64,4.5,-1.96,1.09,金e5中.警,中,y戊↘忑-6.Z-3暂,跌.尾连WW.W3,5暂.__Fa震正〇._破,,-3,-2,55,卖浮,,多长,-0.4,0.2,6,,
,-180,11,2
2025/7/23,4.44,4.5,4.59,4.43,-1.33,2,金e5中.警,中,y戊↘忑-7.Z-4,跌.尾连WW.W4,9妩.__Fa震正〇._初,,-4,-3,56,卖浮,,多长,-0.2,-0.8,7.5,,
,-67,12,1.58
2025/7/24,4.43,4.45,4.51,4.39,-0.23,1.58,金e5中.警,中,y戊↘忑-8.Z-5,跌.尾连WW.W5,9妩.__Aa龙猪._初,,-5,-4,57,卖浮,,多长,-0.8,-1.6,8.7,,
,-14,13,0.68
2025/7/25,4.42,4.43,4.46,4.39,-0.23,0.68,金e5中.警,中,y戊↘忑-9.Z-6,跌.尾连WW.W6,9妩.__Aa龙猪._初,,-6,-5,58,卖浮,,多长,-1,-2.2,3,,
,-33,6,3.85
2025/7/28,4.51,4.43,4.59,4.41,2.04,3.85,金e5中.警,中,y戊↘忑-10.Z-7,(跌)人.连后吞WO,8姖.__Aa龙猪._初,,-7,-6,59,卖浮,,多长,2,-2.2,3.1,,
,53,6,0.89
2025/7/29,4.43,4.52,4.55,4.35,-1.77,0.89,金e5中.警,中,y戊↘忑-11.Z-8,(跌)人.连后吞WOv,8姖.__Aa龙猪._初,,-8,-7,60,卖浮,,多长,1.5,-2.3,2.4,,
,-200,6,5.87
2025/7/30,4.43,4.42,4.69,4.38,0,5.87,金e5中.警,中,y戊↘忑-12.Z-9,(人)人.孕孕vo,8姖.__Aa龙猪._初,,-9,-8,61,卖浮,,多长,5,-2.4,5,,
,0,8,0
2025/7/31,4.36,4.38,4.43,4.32,-1.58,0,金e5中.警,中,y戊↘忑-13.Z-10,跌.尾吞oV,8姖.__Aa龙猪._初,,-10,-9,62,卖浮,,多长,-0.2,-2.7,5.6,,
,0,9,0.69
2025/8/1,4.34,4.37,4.39,4.32,-0.46,0.69,金e5中.警,中,y戊↘忑-14.Z-11,跌.尾连VW.W2,9妩.__Aa龙猪._初,,-11,-10,63,卖浮,,多长,-0.5,-3,6.3,,
,-67,9,2.53
2025/8/4,4.44,4.34,4.45,4.26,2.3,2.53,金e5中.警,中,y戊↘忠-15.I,(跌)人.连后吞WO,4蛀.__Be龙管根._主,,1,-11,64,卖浮,,多长,0.9,-2.8,6.3,,
,91,10,0.68
2025/8/5,4.42,4.46,4.47,4.39,-0.45,0.68,金e5中.警,中,y戊↘忠-16.B2,(跌)人.连后吞WOv,4蛀.__Be龙管根._主,,2,-12,65,卖浮,,多长,1.3,-2.5,6.3,,
,-67,10,6.79
2025/8/6,4.64,4.42,4.72,4.36,4.98,6.79,金E4上.盈,上,r己↗忐-17.B3,升.尾吞vO,4蛀.Df头负.储,a高,3,1,66,持主,,多长,5.7,-1.5,5.7,4,
4,73,11,3.02
2025/8/7,4.69,4.64,4.78,4.54,1.08,3.02,金E4上.盈,上,a甲↗上1.A4,升.尾连OQ.Q2,0橅.Aa龙猪.储,a,4,2,67,持主,,多长,5.6,-0.3,5.6,5,
5,36,12,1.07
2025/8/8,4.65,4.69,4.74,4.63,-0.85,1.07,金E4上,上,a甲↗上2.A5,升.尾反孕Qv,0橅.Aa龙猪.初,,5,3,68,持主,,多长,3.8,0.4,4.7,5,
5,-80,12,4.95
2025/8/11,4.78,4.62,4.88,4.57,2.8,4.95,金E0上.盈,上,a甲↗上3.A6,升.尾吞vO,0橅.Aa龙猪.初,a,6,4,69,持主,,多长,5.5,1.4,5.5,6,
6,57,12,1.26
2025/8/12,4.75,4.76,4.84,4.72,-0.63,1.26,金E0上,上,a甲↗上4.A7,升.尾反孕vOv,0橅.Aa龙猪.初,,7,5,70,持主,,多长,3.8,1.9,4.6,6,
6,-50,12,10.11
2025/8/13,5.06,4.75,5.23,4.63,6.53,10.11,金E0上.盈,上,a甲↗上5.A8,升.尾吞vO,0橅.Aa龙猪.初,a高,8,6,71,持主,,多长,9.8,3.4,9.8,13,
13,65,15,3.95
2025/8/14,4.82,5.12,5.26,4.78,-4.74,3.95,金E0上.盈,上,a甲↗上6.A9,升.尾反孕vOv,0橅.Aa龙猪.初,a偏,9,7,72,持主,,多长,9.7,3.7,9.7,13,
13,-120,15,1.66
2025/8/15,4.65,4.83,4.9,4.62,-3.53,1.66,金E2上,上,b乙→中7.Y,跌.尾连vW.W2,5蛀.Be龙管根.主,,-1,8,73,持被,,多长,2.7,3,10.2,13,
13,-212,15,0.86
2025/8/18,4.56,4.64,4.69,4.51,-1.94,0.86,金e5中.被,中,c丙↘下8.Z-2,跌.尾连WW.W3,5蛀.__Df头负._破,,-2,-1,74,卖浮,,多长,-0.6,1.9,11.5,,
,-225,17,-0.66
2025/8/19,4.52,4.5,4.53,4.41,-0.88,-0.66,金e5中.被,中,c丙↘下9.Z-3,跌.尾连WW.W4,5蛀.__Df头负._破,,-3,-2,75,卖浮,,多长,-2.9,0.9,12.8,,
,0,19,1.55
2025/8/20,4.44,4.5,4.59,4.39,-1.77,1.55,金e5中.警,中,z丁↘忑-1.Z-4,跌.尾连WW.W5,9妩.__Aa龙猪._初,,-4,-3,76,卖浮,,多长,-0.2,-0.2,14.3,,
,-114,20,2.03
2025/8/21,4.42,4.44,4.53,4.39,-0.45,2.03,金e5中.警,中,z丁↘忑-2.Z-5,跌.尾连WW.W6,9妩.__Aa龙猪._初,,-5,-4,77,卖浮,,多长,-0.4,-1.1,7.8,,
,-22,12,0.68
2025/8/22,4.43,4.43,4.45,4.33,0.23,0.68,金e5中.警,中,z丁↘忑-3.Z-6,跌.尾反孕Wo,9妩.__Aa龙猪._初,,-6,-5,78,卖浮,,多长,-1.3,-1.7,4,,
,33,8,0.45
2025/8/25,4.38,4.43,4.45,4.33,-1.13,0.45,金e6下.警,下,z丁↘忑-4.Z-7,跌.尾吞oV,9妩.__Aa龙猪._初,,-7,-6,79,卖浮,,多被,-0.5,-2.2,2.6,,
,-250,6,2.74
2025/8/26,4.4,4.4,4.5,4.33,0.46,2.74,金e6下.警,下,z丁↘忑-5.Z-8,跌.尾反孕oVo,9妩.__Aa龙猪._初,,-8,-7,80,卖浮,,多被,1.2,-2.5,3.2,,
,17,6,0.45
2025/8/27,4.19,4.42,4.42,4.15,-4.77,0.45,金e6下.警,下,z丁↘忑-6.Z-9,跌.尾吞oV,9妩.__Aa龙猪._初,,-9,-8,81,卖浮,,多被,0.8,-3.4,3.3,,
,-1050,9,1.19
2025/8/28,4.11,4.19,4.24,3.98,-1.91,1.19,金e6下.警,下,z丁↘忑-7.Z-10,跌.尾连VW.W2,9妩.__Aa龙猪._主,,-10,-9,82,卖浮,,多被,-1.6,-4.4,4.4,,
,-160,13,0.73
2025/8/29,4.11,4.12,4.14,4.05,0,0.73,金e6下.警,下,z丁↘忑-8.Z-11,跌.尾反孕Wo,9妩.__Aa龙猪._主,,-11,-10,83,卖浮,,多被,-2.6,-5.2,5.9,,
,0,13,0.73
2025/9/1,4.09,4.11,4.14,4.05,-0.49,0.73,金e6下.警,下,z丁↘忑-9.Z-12,跌.尾吞oV,9妩.__Aa龙猪._主,,-12,-11,84,卖浮,,多被,-1.4,-5.7,7.1,,
,-67,13,0.49
2025/9/2,4.07,4.07,4.11,4.02,-0.49,0.49,金e6下.警,下,z丁↘忑-10.Z-13,跌.尾连VW.W2,9妩.__Fa震正〇._主,,-13,-12,85,卖浮,,多被,-1.2,-6,6.2,,
,-100,11,0.25
2025/9/3,3.96,4.06,4.08,3.91,-2.7,0.25,金v9下.警,下,z丁↘忑-11.Z-14,跌.尾连WW.W3,9妩.__Aa龙猪._主,,-14,-13,-1,NA,,空看,-0.7,-6.5,3.2,,
,-1100,8,3.79
2025/9/4,4.04,3.96,4.11,3.95,2.02,3.79,金v9下.警,下,z丁↘忑-12.Z-15,跌.尾反孕Wo,9妩.__Aa龙猪._主,,-15,-14,-2,NA,,空看,0.7,-6.6,1.5,,
,53,6,0.74
2025/9/5,4.07,4.05,4.07,3.96,0.74,0.74,金e6下.警,下,z丁↘忑-13.Z-16,升.尾连oQ.Q2,7姗.__Bb龙管杂._主,,-16,-15,1,卖浮,,多被,0,-6.3,1.7,,
,100,6,1.72
2025/9/8,4.11,4.1,4.14,4.07,0.98,1.72,金e6下.警,下,y戊↘忠-14.I,升.尾连QQ.Q3,4蛀.__Fe震正根._主,,1,-16,2,卖浮,,多被,1.5,-5.7,1.5,,
,57,6,0.24
2025/9/9,4.04,4.12,4.12,4.03,-1.7,0.24,金e7忑.警,忑,y戊↘忑-15.Y暂,(升)人.连后吞QV,5暂.__Fa震正〇._主,,-1,-17,3,卖浮,,多被,1.2,-5.4,1.7,,
,-700,6,1.49
2025/9/10,4.04,4.06,4.1,4.01,0,1.49,金e7忑.警,忑,y戊↘忑-16.Z-2暂,(升)人.连后吞QVo,5暂.__Fa震正〇._主,,-2,-18,4,卖浮,,多被,0.9,-5.2,1.9,,
,0,5,1.24
2025/9/11,4.08,4.01,4.09,3.97,0.99,1.24,金e7忑.警,忑,y戊↘忠-17.I暂,升.尾连oQ.Q2,4暂.__Fe震正根._主,,1,-19,5,卖浮,,多被,0.6,-4.8,1.8,,
,80,5,0.49
2025/9/12,4.08,4.1,4.1,4.04,0,0.49,金e7忑.警,忑,y戊↘忠-18.B2暂,升.尾连QQ.Q3,4暂.__Fe震正根._主,,2,-20,6,卖浮,,多被,0.8,-4.4,1.7,,
,0,4,1.47
2025/9/15,4.11,4.09,4.14,4.06,0.74,1.47,金e7忑.警,忑,y戊↘忠-19.B3暂,升.尾连QQ.Q4,4暂.__Fe震正根._主,,3,-21,7,卖浮,,多被,1.5,-3.9,1.5,,
,50,4,5.35
2025/9/16,4.22,4.16,4.33,4.12,2.68,5.35,金e7忑,忑,r己↗忐-20.A4,升.尾连QQ.Q5,0橅.__Fe震正根.储,,4,-22,8,卖浮,,多被,5.3,-3,5.3,,
,50,9,0.95
2025/9/17,4.15,4.26,4.26,4.11,-1.66,0.95,金e7忑,忑,r己↗忐-21.A5,(升)人.连后吞QV,1柜.__Fe震正根.储,,5,-23,9,卖浮,,多被,3.2,-2.5,4.9,,
,-175,9,0
2025/9/18,4.02,4.14,4.15,3.99,-3.13,0,金e7忑.警,忑,y戊↘忑-22.Y,跌.尾连VW.W2,5蛀.__Fa震正〇._再B,,-1,-24,10,卖浮,,多被,1,-2.7,5.4,,
,0,9,0.75
2025/9/19,4,4.02,4.05,3.97,-0.5,0.75,金v0忑.警,忑,y戊↘忑-23.Z-2,跌.尾连WW.W3,5蛀.__Aa龙猪._再B,,-2,-25,-1,NA,,空看,-0.7,-3,6.2,,
,-67,9,0.75
2025/9/22,3.93,4.03,4.03,3.9,-1.75,0.75,金v0忑.警,忑,y戊↘忑-24.Z-3,跌.尾连WW.W4,5蛀.__Aa龙猪._再B,,-3,-26,-2,NA,,空看,-0.2,-3.5,7.2,,
,-233,11,0.25
2025/9/23,3.9,3.93,3.94,3.77,-0.76,0.25,金v0忑.警,忑,y戊↘忑-25.Z-4,跌.尾连WW.W5,9妩.__Aa龙猪._再B,,-4,-27,-3,NA,,空看,-1.5,-4,6.5,,
,-300,13,0.26
2025/9/24,3.9,3.85,3.91,3.84,0,0.26,金v0忑.警,忑,y戊↘忑-26.Z-5,跌.尾反孕Wo,9妩.__Aa龙猪._主,,-5,-28,-4,NA,,空看,-1.5,-4.3,4.6,,
,0,10,1.54
2025/9/25,3.82,3.9,3.96,3.82,-2.05,1.54,金v0忑.警,忑,y戊↘忑-27.Z-6,跌.尾吞oV,9妩.__Aa龙猪._主,,-6,-29,-5,NA,,空看,0.8,-4.8,3.1,,
,-133,7,4.45
2025/9/26,3.9,3.82,3.99,3.78,2.09,4.45,嘘v0忑.警,忑,y戊↘忑-28.Z-7,(跌)人.吞吞oVO,8姖.__Fa震正〇._主,,-7,-30,-6,NA,,空看,1.9,-4.7,3,,
,47,7,1.03
2025/9/29,3.93,3.9,3.94,3.77,0.77,1.03,嘘v1忑.警,忑,y戊↘忠-29.I,升.尾连OQ.Q2,4蛀.__Be龙管根._主,,1,-31,-7,NA,,空看,0.7,-4.4,1.9,,
,75,6,0.51
2025/9/30,3.85,3.93,3.95,3.85,-2.04,0.51,嘘v0忑.警,忑,y戊↘忑-30.Y暂,(升)人.连后吞QV,5暂.__Aa龙猪._主,,-1,-32,-8,NA,,空看,1.3,-4.4,2.3,,
,-400,6,1.3
2025/10/9,3.86,3.86,3.9,3.8,0.26,1.3,嘘v0忑.警,忑,y戊↘忑-31.Z-2暂,(升)人.连后吞QVo,5暂.__Aa龙猪._主,,-2,-33,-9,NA,,空看,0.3,-4.3,2.6,,
,20,6,2.33
2025/10/10,3.88,3.87,3.95,3.81,0.52,2.33,嘘v0忑.警,忑,y戊↘忑-32.Z-3暂,升.尾连oQ.Q2,5暂.__Fa震正〇._主,,-3,-34,-10,NA,,空看,1.7,-4.1,2.7,,
,22,6,0.26
2025/10/13,3.86,3.8,3.89,3.68,-0.52,0.26,嘘v0忑.警,忑,y戊↘忑-33.Z-4,(升)人.连后吞QV,7姗.__Bb龙管杂._主,,-4,-35,-11,NA,,空看,0.3,-3.9,1.9,,
,-200,7,2.07
2025/10/14,3.84,3.9,3.94,3.83,-0.52,2.07,嘘v0忑.警,忑,y戊↘忑-34.Z-5,跌.尾连VW.W2,7姗.__Bb龙管杂._主,,-5,-36,-12,NA,,空看,1.9,-3.8,2.1,,
,-25,7,1.82
2025/10/15,3.89,3.83,3.91,3.82,1.3,1.82,嘘v1忑.警,忑,y戊↘忠-35.I,跌.尾反孕Wo,4蛀.__Be龙管根._主,,1,-37,-13,NA,,空看,1,-3.4,2,,
,71,7,0.26
2025/10/16,3.82,3.88,3.9,3.81,-1.8,0.26,嘘v0忑.警,忑,y戊↘忑-36.Y暂,跌.尾吞oV,5暂.__Fa震正〇._主,,-1,-38,-14,NA,,空看,1,-3.4,2.3,,
,-700,7,0.79
2025/10/17,3.76,3.81,3.85,3.76,-1.57,0.79,嘘v0忑.警,忑,y戊↘忑-37.Z-2暂,跌.尾连VW.W2,5暂.__Fa震正〇._主,,-2,-39,-15,NA,,空看,0.4,-3.6,2.7,,
,-200,7,3.19
2025/10/20,3.88,3.8,3.88,3.77,3.19,3.19,嘘v1忑.警,忑,y戊↘忠-38.I暂,(跌)人.连后吞WO,4暂.__Fe震正根._主,,1,-40,-16,NA,,空看,1,-3.3,2.6,,
,100,5,3.87
2025/10/21,4.03,3.88,4.03,3.84,3.87,3.87,嘘V5忠.盈,忠,r己↗忐-39.B2暂,升.尾连OQ.Q2,4暂.Df头负.储,a,2,1,-17,NA,,空看,3.8,-2.2,3.8,1,
1,100,7,1.49
2025/10/22,4.04,4.02,4.09,4,0.25,1.49,嘘e8忠.盈,忠,a甲↗上1.B3暂,升.尾连QQ.Q3,4暂.Aa龙猪.储,a连3,3,2,1,持主,,多被,4.1,-1.1,4.1,2,
2,17,9,0.74
2025/10/23,4.05,4.03,4.07,3.99,0.25,0.74,嘘e8忠.盈,忠,a甲↗上2.A4,升.尾连QQ.Q4,0橅.Aa龙猪.储,连4,4,3,2,持主,,多被,2.6,-0.3,3.2,2,
2,33,9,0.99
2025/10/24,4.02,4.05,4.09,4.01,-0.74,0.99,嘘e8忠.盈,忠,a甲↗上3.A5,(升)人.连后吞QV,1柜.Aa龙猪.初,a,5,4,3,持主,,多被,2.6,0.1,2.6,2,
2,-75,8,1.99
2025/10/27,4.03,4.03,4.1,4,0.25,1.99,嘘e8忠.盈,忠,a甲↗上4.A6,(升)人.连后吞QVo,1柜.Aa龙猪.初,a,6,5,4,持主,,多被,2.5,0.4,2.5,2,
2,13,7,1.24
2025/10/28,4.04,4.05,4.08,4.02,0.25,1.24,嘘e8忠,忠,a甲↗上5.A7,升.尾连oQ.Q2,1柜.Aa龙猪.初,,7,6,5,持主,,多被,1.7,0.6,2.2,2,
2,20,3,0.25
2025/10/29,3.99,4.05,4.05,3.96,-1.24,0.25,嘘V5忠,忠,b乙→中6.Y,(升)人.连后吞QV,5蛀.Be龙管根.初,,-1,7,-1,NA,,空看,1,0.5,2.2,2,
2,-500,4,0.5
2025/10/30,3.92,3.99,4.01,3.91,-1.75,0.5,嘘v3忑.被,忑,c丙↘下7.Z-2,跌.尾连VW.W2,5蛀.__Df头负._再D,,-2,-1,-2,NA,,空看,0.5,0.1,2.8,,
,-350,5,3.32
2025/10/31,4.04,3.92,4.05,3.91,3.06,3.32,金e8忠,忠,b乙↗上8.I暂,(跌)人.连后吞WO,4暂.Dd头正芽.初,,1,1,1,持主,,多被,1.4,0.2,2.6,2,
2,92,5,0.5
2025/11/3,4.04,4.05,4.06,3.99,0,0.5,金e8忠,忠,b乙↗上9.B2暂,升.尾连OQ.Q2,4暂.Dd头正芽.初,,2,2,2,持主,,多被,1.3,0.4,1.8,2,
2,0,4,0.74
2025/11/4,4.03,4.05,4.07,3.99,-0.25,0.74,金e8忠.盈,忠,b乙↗上10.B3暂,(升)人.连后吞QV,4暂.Dd头正芽.初,雀,3,3,3,持主,,多被,1.4,0.5,1.4,1,
2,-33,4,1.74
2025/11/5,4.08,4,4.1,4,1.24,1.74,金e8忠.盈,忠,b乙↗上11.A4,(人)人.吞吞* VO,1柜.Aa龙猪.初,a,4,4,4,持主,,多被,1.7,0.8,1.7,2,
2,71,5,0.98
2025/11/6,4.06,4.1,4.12,4.02,-0.49,0.98,金e8忠.盈,忠,b乙↗上12.A5,(人)人.吞吞* VO,1柜.Aa龙猪.初,a,5,5,5,持主,,多被,2,0.9,2,2,
2,-50,5,0.74
2025/11/7,4.06,4.08,4.09,4.03,0,0.74,金e8忠,忠,b乙↗上13.A6,(人)人.孕孕vo,1柜.Aa龙猪.初,,6,6,6,持主,,多被,1.1,0.9,1.8,2,
2,0,3,2.22
2025/11/10,4.13,4.06,4.15,4.03,1.72,2.22,金E9忐.盈,忐,b乙↗上14.A7,升.尾连oQ.Q2,0橅.Aa龙猪.初,a,7,7,7,持主,,多长,2,1.3,2,3,
3,78,4,2.18
2025/11/11,4.2,4.14,4.22,4.1,1.69,2.18,金E9忐.盈,忐,b乙↗上15.A8,升.尾连QQ.Q3,0橅.Aa龙猪.主,a连3,8,8,8,持主,,多长,2.9,1.8,2.9,4,
4,78,5,0.71
2025/11/12,4.17,4.23,4.23,4.16,-0.71,0.71,金E9忐.盈,忐,b乙↗上16.A9,升.尾反孕Qv,0橅.Aa龙猪.主,a,9,9,9,持主,,多长,2.6,2.1,2.6,4,
4,-100,5,1.2
2025/11/13,4.2,4.21,4.22,4.14,0.72,1.2,金E9忐,忐,b乙↗上17.A10,(升)人.孕孕vo,0橅.Aa龙猪.主,,10,10,10,持主,,多长,1.8,2.4,2,4,
4,60,5,1.9
2025/11/14,4.24,4.2,4.28,4.17,0.95,1.9,金E9忐.盈,忐,b乙↗上18.A11,升.尾连oQ.Q2,0橅.Aa龙猪.主,a,11,11,11,持主,,多长,2.6,2.7,2.6,5,
5,50,6,1.89
2025/11/17,4.27,4.26,4.32,4.23,0.71,1.89,金E9忐.盈,忐,b乙↗上19.A12,升.尾连QQ.Q3,0橅.Aa龙猪.主,a连3,12,12,12,持主,,多长,2.9,3,2.9,5,
5,37,5,1.41
2025/11/18,4.2,4.27,4.33,4.16,-1.64,1.41,金E9忐.盈,忐,b乙↗上20.A13,(升)人.连后吞QV,1柜.Aa龙猪.主,a,13,13,13,持主,,多长,3,2.9,3,5,
5,-117,5,1.67
2025/11/19,4.13,4.2,4.27,4.1,-1.67,1.67,金E9忐,忐,b乙→中21.Y,跌.尾连VW.W2,5蛀.Be龙管根.主,,-1,14,14,持被,,多长,1.9,2.4,3.3,5,
5,-100,6,0.97
2025/11/20,4.1,4.17,4.17,4.02,-0.73,0.97,金E9忐.被,忐,c丙↘下22.Z-2,跌.尾连WW.W3,5蛀.Fe震正根.破,,-2,15,15,持被,,多长,0.1,1.8,3.9,5,
5,-75,8,2.68
2025/11/21,3.94,4.06,4.21,3.94,-3.9,2.68,金v4忑.警,忑,z丁↘忑-1.Z-3,跌.尾连WW.W4,5蛀.__Aa龙猪._破,,-3,-1,-1,NA,,空看,2.4,0.6,5.3,,
,-145,10,2.28
2025/11/24,3.97,3.96,4.03,3.92,0.76,2.28,金v4忑.警,忑,z丁↘忑-2.Z-4,跌.尾反孕Wo,9妩.__Aa龙猪._初,,-4,-2,-2,NA,,空看,-0.9,-0.3,6.5,,
,33,10,1.26
2025/11/25,3.95,4,4.02,3.95,-0.5,1.26,金v4忑.警,忑,z丁↘忑-3.Z-5,跌.尾吞oV,9妩.__Aa龙猪._初,,-5,-3,-3,NA,,空看,-0.3,-1,5.9,,
,-40,9,2.03
2025/11/26,3.89,3.95,4.03,3.88,-1.52,2.03,金v0忑.警,忑,z丁↘忑-4.Z-6,跌.尾连VW.W2,9妩.__Aa龙猪._初,,-6,-4,-4,NA,,空看,1,-1.6,5.5,,
,-75,9,2.31
2025/11/27,3.88,3.91,3.98,3.87,-0.26,2.31,金v0忑.警,忑,z丁↘忑-5.Z-7,跌.尾连WW.W3,9妩.__Aa龙猪._初,,-7,-5,-5,NA,,空看,0.6,-2.2,6.4,,
,-11,9,2.32
2025/11/28,3.97,3.87,3.97,3.8,2.32,2.32,金v0忑.警,忑,z丁↘忑-6.Z-8,(跌)人.连后吞WO,8姖.__Aa龙猪._初,,-8,-6,-6,NA,,空看,0.4,-2.1,1.9,,
,100,6,1.01
2025/12/1,3.88,3.97,4.01,3.87,-2.27,1.01,金v0忑.警,忑,z丁↘忑-7.Z-9,(跌)人.连后吞WOv,8姖.__Aa龙猪._初,,-9,-7,-7,NA,,空看,1.9,-2.3,2.4,,
,-225,6,1.8
2025/12/2,3.93,3.87,3.95,3.82,1.29,1.8,金v0忑.警,忑,z丁↘忑-8.Z-10,(人)人.孕孕vo,8姖.__Aa龙猪._主,,-10,-8,-8,NA,,空看,0.5,-2.2,2.5,,
,71,6,0.76
2025/12/3,3.89,3.91,3.96,3.86,-1.02,0.76,金v0忑.警,忑,z丁↘忑-9.Z-11,(人)人.孕孕vo,8姖.__Fa震正〇._主,,-11,-9,-9,NA,,空看,1,-2.2,2.3,,
,-133,6,0.26
2025/12/4,3.78,3.88,3.9,3.75,-2.83,0.26,金v0忑.警,忑,z丁↘忑-10.Z-12,跌.尾连vW.W2,9妩.__Aa龙猪._主,,-12,-10,-10,NA,,空看,0.3,-2.8,3.2,,
,-1100,7,2.12
2025/12/5,3.84,3.78,3.86,3.73,1.59,2.12,嘘v0忑.警,忑,z丁↘忑-11.Z-13,跌.尾反孕Wo,9妩.__Aa龙猪._主,,-13,-11,-11,NA,,空看,-0.2,-2.9,3.6,,
,75,8,1.56
2025/12/8,3.87,3.86,3.9,3.82,0.78,1.56,嘘v0忑.警,忑,z丁↘忑-12.Z-14,升.尾连oQ.Q2,7姗.__Bb龙管杂._主,,-14,-12,-12,NA,,空看,0.9,-2.8,2.5,,
,50,6,0.52
2025/12/9,3.81,3.87,3.89,3.78,-1.55,0.52,嘘v0忑.警,忑,z丁↘忑-13.Z-15,(升)人.连后吞QV,7姗.__Bb龙管杂._主,,-15,-13,-13,NA,,空看,1,-2.8,2.8,,
,-300,6,1.05
2025/12/10,3.75,3.81,3.85,3.73,-1.57,1.05,嘘v0忑.警,忑,z丁↘忑-14.Z-16,跌.尾连VW.W2,7姗.__Bb龙管杂._主,,-16,-14,-14,NA,,空看,0.6,-3.2,1.9,,
,-150,5,0.53
2025/12/11,3.61,3.77,3.77,3.61,-3.73,0.53,嘘v0忑.警,忑,z丁↘忑-15.Z-17,跌.尾连WW.W3,7姗.__Bb龙管杂._主,,-17,-15,-15,NA,,空看,-0.1,-4,3.4,,
,-700,8,5.26
2025/12/12,3.55,3.63,3.8,3.53,-1.66,5.26,尿v0忑.警,忑,z丁↘忑-16.Z-18,跌.尾连WW.W4,9妩.__Aa龙猪._主,,-18,-16,-16,NA,,空看,2.4,-5,5.1,,
,-32,10,1.69
2025/12/15,3.59,3.53,3.61,3.47,1.13,1.69,尿v0忑.警,忑,z丁↘忑-17.Z-19,跌.尾反孕Wo,9妩.__Aa龙猪._主,,-19,-17,-17,NA,,空看,-1.6,-5.5,6,,
,67,12,6.41
2025/12/16,3.61,3.58,3.82,3.55,0.56,6.41,尿v0忑.警,忑,z丁↘忑-18.Z-20,升.尾连oQ.Q2,7姗.__Bb龙管杂._主,,-20,-18,-18,NA,,空看,4.7,-5.5,5.5,,
,9,11,0
2025/12/17,3.55,3.57,3.61,3.5,-1.66,0,尿v0忑.警,忑,z丁↘忑-19.Z-21,(升)人.连后吞QV,7姗.__Bb龙管杂._主,,-21,-19,-19,NA,,空看,-0.3,-5.7,5.5,,
,0,10,2.82
2025/12/18,3.62,3.54,3.65,3.52,1.97,2.82,尿v0忑.警,忑,z丁↘忑-20.Z-22,(人)人.吞吞* VO,7姗.__Fa震正〇._主,,-22,-20,-20,NA,,空看,1,-5.4,5.7,,
,70,10,4.42
2025/12/19,3.76,3.62,3.78,3.57,3.87,4.42,尿v2忑,忑,r己↗忐-21.I,升.尾连OQ.Q2,4蛀.__Fe震正根.储,,1,-21,-21,NA,,空看,3.7,-4.4,4.8,,
,87,10,1.86
2025/12/22,3.71,3.77,3.83,3.7,-1.33,1.86,尿v2忑,忑,r己↗忐-22.B2,升.尾反孕Qv,4蛀.__Fe震正根.储,,2,-22,-22,NA,,空看,4.4,-3.6,4.4,,
,-71,9,0.27
2025/12/23,3.61,3.7,3.72,3.59,-2.7,0.27,尿v0忑.警,忑,y戊↘忑-23.Y暂,跌.尾连vW.W2,5暂.__Fa震正〇._再B,,-1,-23,-23,NA,,空看,1.7,-3.5,4.7,,
,-1000,9,1.66
2025/12/24,3.63,3.67,3.67,3.59,0.55,1.66,尿v0忑.警,忑,y戊↘忑-24.Z-2暂,跌.尾反孕Wo,5暂.__Fa震正〇._再B,,-2,-24,-24,NA,,空看,0.5,-3.4,4.9,,
,33,9,1.1
2025/12/25,3.65,3.65,3.67,3.59,0.55,1.1,尿v0忑.警,忑,y戊↘忑-25.Z-3暂,升.尾连oQ.Q2,5暂.__Fa震正〇._再B,,-3,-25,-25,NA,,空看,0.6,-3.2,5,,
,50,7,0.27
2025/12/26,3.62,3.64,3.66,3.59,-0.82,0.27,尿v0忑.警,忑,y戊↘忑-26.Z-4,(升)人.连后吞QV,7姗.__Fa震正〇._再B,,-4,-26,-26,NA,,空看,0.5,-3.1,5.2,,
,-300,7,0.28
2025/12/29,3.61,3.59,3.63,3.55,-0.28,0.28,尿v0忑.警,忑,y戊↘忑-27.Z-5,跌.尾连VW.W2,7姗.__Fa震正〇._主,,-5,-27,-27,NA,,空看,-0.1,-3.1,2.4,,
,-100,5,1.11
2025/12/30,3.56,3.6,3.65,3.55,-1.39,1.11,尿v0忑.警,忑,y戊↘忑-28.Z-6,跌.尾连WW.W3,7姗.__Fa震正〇._主,,-6,-28,-28,NA,,空看,1,-3.2,1.5,,
,-125,3,1.69
2025/12/31,3.61,3.56,3.62,3.46,1.4,1.69,尿v0忑.警,忑,y戊↘忑-29.Z-7,(跌)人.连后吞WO,8姖.__Aa龙猪._主,,-7,-29,-29,NA,,空看,0.3,-3.1,1.7,,
,83,6,1.94
2026/1/5,3.66,3.65,3.68,3.59,1.39,1.94,尿v1忑.警,忑,y戊↘忠-30.I,升.尾连OQ.Q2,4蛀.__Be龙管根._主,,1,-30,-30,NA,,空看,1.7,-2.7,1.7,,
,71,6,1.64
2026/1/6,3.68,3.67,3.72,3.64,0.55,1.64,尿v2忑,忑,r己↗忐-31.B2,升.尾连QQ.Q3,4蛀.__Fe震正根.储,,2,-31,-31,NA,,空看,2.3,-2.2,2.3,,
,33,8,0
2026/1/7,3.62,3.68,3.68,3.61,-1.63,0,尿v1忑.警,忑,y戊↘忠-32.B3,(升)人.连后吞QV,4蛀.__Fe震正根._再B,,3,-32,-32,NA,,空看,1.2,-2,2.3,,
,0,8,3.04
2026/1/8,3.72,3.61,3.73,3.61,2.76,3.04,尿v3忑,忑,a甲↗上1.A4,(人)人.吞吞* VO,1柜.__Ff震负.储,,4,-33,-33,NA,,空看,2.1,-1.5,2.1,,
,91,8,0.27
2026/1/9,3.71,3.73,3.73,3.66,-0.27,0.27,尿v3忑,忑,a甲↗上2.A5,(人)人.吞吞* VO,1柜.__Ff震负.储,,5,-34,-34,NA,,空看,1.6,-1,1.6,,
,-100,4,0.54
2026/1/12,3.71,3.72,3.73,3.68,0,0.54,尿v3忑,忑,a甲↗上3.A6,(人)人.孕孕vo,1柜.__Ff震负.储,,6,-35,-35,NA,,空看,1.3,-0.7,1.3,,
,0,3,1.62
2026/1/13,3.69,3.71,3.77,3.68,-0.54,1.62,尿v3忑,忑,a甲↗上4.A7,跌.尾吞oV,1柜.__Ff震负.储,,7,-36,-36,NA,,空看,2.3,-0.6,2.3,,
,-33,4,1.36
2026/1/14,3.67,3.7,3.74,3.59,-0.54,1.36,尿v3忑,忑,b乙→中5.Y,跌.尾连VW.W2,5蛀.__Ff震负._再C,,-1,-37,-37,NA,,空看,1.5,-0.6,2.3,,
,-40,5,0.27
2026/1/15,3.64,3.67,3.68,3.62,-0.82,0.27,尿v3忑.被,忑,c丙↘下6.Z-2,跌.尾连WW.W3,5蛀.__Df头负._再C,,-2,-38,-38,NA,,空看,0.2,-0.8,2.6,,
,-300,5,0.82
2026/1/16,3.51,3.65,3.67,3.5,-3.57,0.82,尿v0忑.警,忑,z丁↘忑-1.Z-3,跌.尾连WW.W4,5蛀.__Aa龙猪._再C,,-3,-39,-39,NA,,空看,1,-1.5,3.7,,
,-433,8,3.13
2026/1/19,3.61,3.52,3.62,3.51,2.85,3.13,尿v0忑.警,忑,z丁↘忑-2.Z-4,跌.尾反孕Wo,9妩.__Aa龙猪._再C,,-4,-40,-40,NA,,空看,0,-1.7,4.1,,
,91,8,1.94
2026/1/20,3.68,3.62,3.68,3.58,1.94,1.94,尿v2忑,忑,r己↗忐-3.I,升.尾连oQ.Q2,4蛀.__Fe震正根.储,,1,-41,-41,NA,,空看,1.3,-1.4,3,,
,100,7,1.36
2026/1/21,3.71,3.66,3.73,3.61,0.82,1.36,尿V5忠.盈,忠,a甲↗上1.B2,升.尾连QQ.Q3,4蛀.Dd头正芽.储,雀连3,2,1,-42,NA,,空看,2.2,-0.9,2.2,1,
2,60,7,2.16
2026/1/22,3.78,3.74,3.79,3.7,1.89,2.16,尿V5忠.盈,忠,a甲↗上2.B3,升.尾连QQ.Q4,4蛀.Aa龙猪.储,a连4,3,2,-43,NA,,空看,2.9,-0.1,2.9,2,
2,87,8,0.79
2026/1/23,3.81,3.76,3.81,3.75,0.79,0.79,尿V5忠.盈,忠,a甲↗上3.A4,升.尾连QQ.Q5,0橅.Aa龙猪.初,a连5,4,3,-44,NA,,空看,2.4,0.6,2.4,3,
3,100,9,0.26
2026/1/26,3.76,3.82,3.82,3.7,-1.31,0.26,尿V5忠.盈,忠,a甲↗上4.A5,升.尾反孕Qv,0橅.Aa龙猪.初,a,5,4,-45,NA,,空看,2.2,0.9,2.2,3,
3,-500,7,0.53
2026/1/27,3.7,3.76,3.78,3.63,-1.6,0.53,尿V5忠,忠,b乙→中5.Y,跌.尾连vW.W2,5蛀.Be龙管根.初,,-1,5,-46,NA,,空看,1.3,0.8,2.4,3,
3,-300,6,0.81
2026/1/28,3.65,3.7,3.73,3.63,-1.35,0.81,尿v3忑.被,忑,c丙↘下6.Z-2,跌.尾连WW.W3,5蛀.__Df头负._再D,,-2,-1,-47,NA,,空看,0.5,0.3,2.9,,
,-167,5,1.92
2026/1/29,3.68,3.65,3.72,3.61,0.82,1.92,尿v3忑.被,忑,c丙↘下7.Z-3,跌.尾反孕Wo,5蛀.__Df头负._再D,,-3,-2,-48,NA,,空看,0.5,0.1,3.2,,
,43,6,0.82
2026/1/30,3.69,3.65,3.71,3.6,0.27,0.82,尿v3忑.被,忑,c丙↘下8.Z-4,升.尾连oQ.Q2,7姗.__Df头负._再D,,-4,-3,-49,NA,,空看,0.4,-0.1,3.4,,
,33,6,2.44
2026/2/2,3.69,3.68,3.78,3.66,0,2.44,尿v3忑.被,忑,c丙↘下9.Z-5,升.尾连QQ.Q3,6娝.__Df头负._再D,,-5,-4,-50,NA,,空看,2.3,-0.1,2.3,,
,0,5,1.9
2026/2/3,3.73,3.7,3.76,3.67,1.08,1.9,尿V5忠.盈,忠,b乙↗上10.I,升.尾连QQ.Q4,4蛀.Dd头正芽.初,连4,1,1,-51,NA,,空看,1.6,0.1,2.1,2,
3,57,5,3.75
2026/2/4,3.86,3.72,3.87,3.71,3.49,3.75,尿V6忐.盈,忐,b乙↗上11.B2,升.尾连QQ.Q5,4蛀.Aa龙猪.初,a连5,2,2,-52,NA,,空看,3.5,0.9,3.5,4,
4,93,7,2.07
2026/2/5,3.89,3.86,3.94,3.85,0.78,2.07,尿E9忐.盈,忐,b乙↗上12.B3,升.尾连QQ.Q6,4蛀.Aa龙猪.初,a连6,3,3,1,持主,,多长,4.2,1.7,4.2,5,
5,38,9,2.83
2026/2/6,3.95,3.91,4,3.87,1.54,2.83,金E9忐.盈,忐,b乙↗上13.A4,升.尾连QQ.Q7,0橅.Aa龙猪.初,a连7,4,4,2,持主,,多长,4.5,2.5,4.5,7,
7,55,9,3.29
2026/2/9,4.02,4,4.08,3.96,1.77,3.29,金E9忐.盈,忐,b乙↗上14.A5,升.尾连QQ.Q8,0橅.Aa龙猪.初,a连8,5,5,3,持主,,多长,5.2,3.4,5.2,8,
8,54,11,0.75
2026/2/10,4.03,4.05,4.05,3.98,0.25,0.75,金E9忐.盈,忐,b乙↗上15.A6,升.尾连QQ.Q9,0橅.Aa龙猪.主,连9,6,6,4,持主,,多长,3.2,4.1,3.9,8,
8,33,10,-0.25
2026/2/11,3.98,4,4.02,3.96,-1.24,-0.25,金E9忐,忐,b乙↗上16.A7,(升)人.连后吞QV,1柜.Aa龙猪.主,,7,7,5,持主,,多长,1.8,4.2,3.4,7,
7,0,6,0
2026/2/12,3.89,3.98,3.98,3.88,-2.26,0,金E9忐,忐,b乙→中17.Y,跌.尾连VW.W2,5蛀.Fe震正根.主,,-1,8,6,持被,,多长,1,3.7,3.6,7,
7,0,5,1.03
2026/2/13,3.85,3.93,3.93,3.83,-1.03,1.03,金E9忐,忐,b乙→中18.Z-2,跌.尾连WW.W3,5蛀.Fe震正根.主,,-2,9,7,持被,,多长,0.3,3,4.1,7,
7,-100,7,3.64
2026/2/24,3.98,3.87,3.99,3.87,3.38,3.64,金E0上,上,b乙↗上19.I暂,(跌)人.连后吞WO,4暂.Fd震正芽.主,,1,10,8,持主,,多长,1.6,3,3.1,6,
6,93,6,2.01
2026/2/25,3.98,3.98,4.06,3.95,0,2.01,金E0上.盈,上,b乙↗上20.B2暂,升.尾连OQ.Q2,4暂.Fd震正芽.主,雀,2,11,9,持主,,多长,3,3,3,6,
6,0,6,1.51
2026/2/26,3.91,3.91,4.04,3.89,-1.76,1.51,金E2上,上,b乙→中21.Y暂,(升)人.连后吞QV,5暂.Fe震正根.主,,-1,12,10,持被,,多长,2.6,2.7,3.1,5,
6,-117,6,1.02
2026/2/27,3.87,3.93,3.95,3.86,-1.02,1.02,金E1上.被,上,c丙↘下22.Z-2暂,跌.尾连VW.W2,5暂.Fe震正根.破,,-2,13,11,持被,,多长,0.7,2.2,3.5,5,
6,-100,6,1.03
2026/3/2,3.76,3.85,3.91,3.75,-2.84,1.03,金v9下.警,下,z丁↘忑-1.Z-3暂,跌.尾连WW.W3,5暂.__Aa龙猪._破,,-3,-1,-1,NA,,空看,0.7,1.2,4.6,,
,-275,8,1.86
2026/3/3,3.7,3.78,3.83,3.66,-1.6,1.86,金v9下.警,下,z丁↘忑-2.Z-4,跌.尾连WW.W4,9妩.__Aa龙猪._破,,-4,-2,-2,NA,,空看,-0.1,0.1,5.9,,
,-86,11,0.27
2026/3/4,3.65,3.63,3.71,3.61,-1.35,0.27,金v9下.警,下,z丁↘忑-3.Z-5,跌.尾连WW.W5,9妩.__Aa龙猪._初,,-5,-3,-3,NA,,空看,-1.9,-0.9,6.9,,
,-500,12,3.01
2026/3/5,3.7,3.69,3.76,3.67,1.37,3.01,金v4忑.警,忑,z丁↘忑-4.Z-6,(跌)人.连后吞WO,8姖.__Aa龙猪._初,,-6,-4,-4,NA,,空看,0.2,-1.5,5.3,,
,45,9,4.32
2026/3/6,3.85,3.71,3.86,3.69,4.05,4.32,金v4忑.警,忑,y戊↘忠-5.I,升.尾连OQ.Q2,4蛀.__Be龙管根._初,,1,-5,-5,NA,,空看,2.5,-1.1,3.8,,
,94,8,0.26
2026/3/9,3.78,3.86,3.86,3.73,-1.82,0.26,金v4忑.警,忑,y戊↘忠-6.B2,升.尾反孕Qv,4蛀.__Fe震正根._初,,2,-6,-6,NA,,空看,2.3,-0.8,2.3,,
,-700,7,3.17
2026/3/10,3.89,3.84,3.9,3.8,2.91,3.17,金E9忐.盈,忐,r己↗忐-7.B3,升.尾吞vO,4蛀.Df头负.再D,雀,3,1,1,持主,,多长,2.6,-0.2,2.6,2,
6,92,8,1.54
2026/3/11,3.86,3.95,3.95,3.83,-0.77,1.54,金E3上.盈,上,r己↗忐-8.A4,升.尾反孕vOv,0橅.Df头负.再D,雀,4,2,2,持主,,多长,3.4,0.2,3.4,3,
5,-50,8,0.78
2026/3/12,3.82,3.86,3.89,3.8,-1.04,0.78,金V7上,上,a甲↗上1.A5,跌.尾连vW.W2,2栅.Dd头正芽.再D,,5,3,-1,NA,,空看,1.7,0.3,3.3,3,
3,-133,7,2.09
2026/3/13,3.83,3.81,3.9,3.78,0.26,2.09,嘘V7上,上,a甲↗上2.A6,跌.尾反孕Wo,2栅.Dd头正芽.再D,,6,4,-2,NA,,空看,1.9,0.3,3.2,3,
3,13,6,2.09
2026/3/16,3.85,3.79,3.91,3.79,0.52,2.09,嘘V7上,上,a甲↗上3.A7,升.尾连oQ.Q2,2栅.Dd头正芽.再D,,7,5,-3,NA,,空看,2,0.4,3.1,3,
3,25,4,1.56
2026/3/17,3.79,3.86,3.91,3.77,-1.56,1.56,嘘v9下.被,下,c丙↘下4.Y,升.尾反孕Qv,5蛀.__Df头负._破,,-1,-1,-4,NA,,空看,2.2,0.2,3.3,,
,-100,5,0.79
2026/3/18,3.81,3.79,3.82,3.74,0.53,0.79,嘘v9下.警,下,z丁↘忑-1.Z-2,(升)人.孕孕vo,5蛀.__Fa震正〇._破,,-2,-2,-5,NA,,空看,0,0.1,2.4,,
,67,5,0.26
2026/3/19,3.7,3.8,3.82,3.68,-2.89,0.26,嘘v0忑.警,忑,z丁↘忑-2.Z-3,跌.尾吞oV,5蛀.__Aa龙猪._初,,-3,-3,-6,NA,,空看,0.8,-0.5,3.1,,
,-1100,6,1.08
2026/3/20,3.56,3.71,3.74,3.55,-3.78,1.08,尿v0忑.警,忑,z丁↘忑-3.Z-4,跌.尾连VW.W2,9妩.__Aa龙猪._初,,-4,-4,-7,NA,,空看,0.2,-1.6,4.7,,
,-350,10,-0.56
2026/3/23,3.28,3.5,3.54,3.23,-7.87,-0.56,尿v0忑.警,忑,z丁↘忑-4.Z-5,跌.尾连WW.W3,9妩.__Aa龙猪._初,,-5,-5,-8,NA,,空看,-2.2,-3.9,8,,
,0,21,7.32
2026/3/24,3.52,3.45,3.52,3.31,7.32,7.32,尿v0忑.警,忑,z丁↘忑-5.Z-6,(跌)人.连后吞WO,8姖.__Aa龙猪._初,,-6,-6,-9,NA,,空看,-1.5,-4.6,6.9,,
,100,18,1.99
2026/3/25,3.57,3.52,3.59,3.45,1.42,1.99,尿v0忑.警,忑,z丁↘忑-6.Z-7,升.尾连OQ.Q2,7姗.__Bb龙管杂._主,,-7,-7,-10,NA,,空看,0.8,-4.5,7.2,,
,71,18,1.96
2026/3/26,3.52,3.57,3.64,3.5,-1.4,1.96,尿v0忑.警,忑,z丁↘忑-7.Z-8,升.尾反孕Qv,7姗.__Fa震正〇._主,,-8,-8,-11,NA,,空看,2.5,-4.4,5.4,,
,-71,16,2.27
2026/3/27,3.59,3.48,3.6,3.46,1.99,2.27,尿v1忑.警,忑,y戊↘忠-8.I,升.尾吞vO,4蛀.__Fe震正根._主,,1,-9,-12,NA,,空看,1.2,-4,2.4,,
,87,13,1.11
2026/3/30,3.62,3.52,3.63,3.49,0.84,1.11,尿v1忑.警,忑,y戊↘忠-9.B2,升.尾连OQ.Q2,4蛀.__Fe震正根._主,,2,-10,-13,NA,,空看,1.6,-3.4,1.9,,
,75,10,1.66
2026/3/31,3.55,3.62,3.68,3.53,-1.93,1.66,尿v0忑.警,忑,y戊↘忑-10.Y暂,升.尾反孕Qv,5暂.__Fa震正〇._主,,-1,-11,-14,NA,,空看,3.1,-3.1,3.1,,
,-117,7,2.25
2026/4/1,3.58,3.6,3.63,3.53,0.85,2.25,尿v1忑.警,忑,y戊↘忠-11.I暂,(升)人.孕孕vo,4暂.__Fe震正根._主,,1,-12,-15,NA,,空看,1.6,-2.9,3,,
,38,6,0.28
2026/4/2,3.49,3.59,3.59,3.46,-2.51,0.28,尿v0忑.警,忑,y戊↘忑-12.Y暂,跌.尾吞oV,5暂.__Fa震正〇._主,,-1,-13,-16,NA,,空看,1,-3.1,3.5,,
,-900,6,0.57
2026/4/3,3.31,3.5,3.51,3.31,-5.16,0.57,尿v0忑.警,忑,y戊↘忑-13.Z-2暂,跌.尾连VW.W2,5暂.__Fa震正〇._主,,-2,-14,-17,NA,,空看,0.4,-4.1,5.2,,
,-900,11,4.23
2026/4/7,3.43,3.25,3.45,3.25,3.63,4.23,尿v0忑.警,忑,y戊↘忑-14.Z-3暂,跌.尾反孕Wo,5暂.__Aa龙猪._主,,-3,-15,-18,NA,,空看,-0.5,-4.4,6.1,,
,86,13,2.33
2026/4/8,3.48,3.5,3.51,3.43,1.46,2.33,尿v0忑.警,忑,y戊↘忑-15.Z-4,升.尾连oQ.Q2,7姗.__Bb龙管杂._主,,-4,-16,-19,NA,,空长,1.3,-4.2,4.8,,
,63,12,0.57
2026/4/9,3.38,3.47,3.5,3.38,-2.87,0.57,尿v0忑.警,忑,y戊↘忑-16.Z-5,(升)人.连后吞QV,7姗.__Bb龙管杂._主,,-5,-17,-20,NA,,空长,1.6,-4.3,4.2,,
,-500,10,2.96
2026/4/10,3.46,3.41,3.48,3.39,2.37,2.96,尿v0忑.警,忑,y戊↘忑-17.Z-6,(升)人.连后吞QVo,7姗.__Fa震正〇._主,,-6,-18,-21,NA,,空长,1,-4,1.9,,
,80,8,0.29
2026/4/13,3.43,3.47,3.47,3.4,-0.87,0.29,尿v0忑.警,忑,y戊↘忑-18.Z-7,(人)人.孕孕vo,7姗.__Fa震正〇._主,,-7,-19,-22,NA,,空长,0.8,-3.8,2,,
,-300,8,0.58
2026/4/14,3.44,3.45,3.45,3.35,0.29,0.58,尿v0忑.警,忑,y戊↘忑-19.Z-8,(人)人.孕孕vo,9妩.__Fa震正〇._主,,-8,-20,-23,NA,,空长,0.3,-3.6,2,,
,50,5,0.29
2026/4/15,3.39,3.45,3.45,3.36,-1.45,0.29,尿v0忑.警,忑,y戊↘忑-20.Z-9,跌.尾吞oV,9妩.__Fa震正〇._主,,-9,-21,-24,NA,,空长,0.6,-3.5,2.1,,
,-500,4,2.06
2026/4/16,3.44,3.4,3.46,3.36,1.47,2.06,尿v1忑.警,忑,y戊↘忠-21.I,跌.尾反孕oVo,4蛀.__Fe震正根._主,,1,-22,-25,NA,,空长,0.9,-3.3,1.5,,
,71,4,0.29
2026/4/17,3.36,3.45,3.45,3.34,-2.33,0.29,屎v0忑.警,忑,y戊↘忑-22.Y暂,跌.尾吞oV,5暂.__Fa震正〇._主,,-1,-23,-26,NA,,空长,1.1,-3.4,1.6,,
,-800,4,2.68
2026/4/20,3.4,3.39,3.45,3.31,1.19,2.68,屎v0忑.警,忑,y戊↘忑-23.Z-2暂,跌.尾反孕oVo,5暂.__Fa震正〇._主,,-2,-24,-27,NA,,空长,1.3,-3.3,1.6,,
,44,5,1.76
2026/4/21,3.4,3.39,3.46,3.36,0,1.76,屎v0忑.警,忑,y戊↘忑-24.Z-3暂,升.尾连oQ.Q2,5暂.__Fa震正〇._主,,-3,-25,-28,NA,,空长,1.6,-3.2,1.6,,
,0,5,0
2026/4/22,3.35,3.36,3.4,3.34,-1.47,0,屎v0忑.警,忑,y戊↘忑-25.Z-4,(升)人.连后吞QV,7姗.__Fa震正〇._主,,-4,-26,-29,NA,,空长,0.3,-3.2,2,,
,0,5,0.9
2026/4/23,3.38,3.36,3.38,3.3,0.9,0.9,屎v0忑.警,忑,y戊↘忑-26.Z-5,(人)人.吞吞* VO,7姗.__Bb龙管杂._主,,-5,-27,-30,NA,,空长,-0.2,-3.1,2.2,,
,100,5,1.18
2026/4/24,3.4,3.34,3.42,3.33,0.59,1.18,屎v1忑.警,忑,y戊↘忠-27.I,升.尾连OQ.Q2,4蛀.__Be龙管根._主,,1,-28,-31,NA,,空长,0.9,-2.8,2.1,,
,50,5,2.65
2026/4/27,3.46,3.4,3.49,3.32,1.76,2.65,屎v2忑,忑,r己↗忐-28.B2,升.尾连QQ.Q3,4蛀.__Fe震正根.储,,2,-29,-32,NA,,空长,2.5,-2.2,2.5,,
,67,6,2.02
2026/4/28,3.48,3.46,3.53,3.41,0.58,2.02,屎v3忑,忑,a甲↗上1.B3,升.尾连QQ.Q4,4蛀.__Ff震负.储,,3,-30,-33,NA,,空长,3.1,-1.6,3.1,,
,29,7,2.87
2026/4/29,3.53,3.45,3.58,3.45,1.44,2.87,屎V5忠.盈,忠,a甲↗上2.A4,升.尾连QQ.Q5,0橅.Aa龙猪.储,a连5,4,1,-34,NA,,空长,3.7,-0.9,3.7,2,
2,50,8,6.23
2026/4/30,3.7,3.59,3.75,3.57,4.82,6.23,屎V6忐.盈,忐,a甲↗上3.A5,升.尾连QQ.Q6,0橅.Aa龙猪.初,a连6高,5,2,-35,NA,,空看,6.7,0.6,6.7,7,
7,77,13,2.97
2026/5/6,3.75,3.73,3.81,3.72,1.35,2.97,屎E9忐.盈,忐,a甲↗上4.A6,升.尾连QQ.Q7,0橅.Aa龙猪.初,a连7偏,6,3,1,持主,,多被,6.4,2,6.4,8,
8,45,15,1.33
2026/5/7,3.74,3.77,3.8,3.72,-0.27,1.33,屎E9忐,忐,a甲↗上5.A7,升.尾反孕Qv,0橅.Aa龙猪.初,,7,4,2,持主,,多被,4.7,2.9,5,8,
8,-20,12,3.21
2026/5/8,3.82,3.78,3.86,3.74,2.14,3.21,银E9忐.盈,忐,a甲↗上6.A8,升.尾吞vO,0橅.Aa龙猪.初,a,8,5,3,持主,,多被,4.8,3.9,4.8,8,
8,67,12,1.83
2026/5/11,3.86,3.82,3.89,3.8,1.05,1.83,银E9忐.盈,忐,a甲↗上7.A9,升.尾连OQ.Q2,0橅.Aa龙猪.初,a,9,6,4,持主,,多被,4.2,4.7,4.2,9,
9,57,9,0.78
2026/5/12,3.79,3.88,3.89,3.76,-1.81,0.78,银E9忐.盈,忐,a甲↗上8.A10,(升)人.连后吞QV,1柜.Aa龙猪.初,a,10,7,5,持主,,多被,3.5,4.8,3.5,8,
8,-233,5,1.32
2026/5/13,3.79,3.82,3.84,3.77,0,1.32,银E9忐,忐,a甲↗上9.A11,(升)人.连后吞QVo,1柜.Aa龙猪.主,,11,8,6,持主,,多被,1.9,4.7,3.2,7,
7,0,5,1.06
2026/5/14,3.78,3.8,3.83,3.74,-0.26,1.06,银E9忐,忐,a甲↗上10.A12,跌.尾吞oV,3桮.Bd龙管杂.主,,12,9,7,持主,,多被,1.5,4.4,3,7,
7,-25,4,0.79
2026/5/15,3.78,3.77,3.81,3.73,0,0.79,银E9忐,忐,a甲↗上11.A13,跌.尾反孕oVo,3桮.Fa震正〇.主,,13,10,8,持主,,多被,0.9,4.1,3,7,
7,0,4,0
2026/5/18,3.69,3.77,3.78,3.6,-2.38,0,银E9忐,忐,b乙→中12.Y,跌.尾吞oV,5蛀.Fe震正根.主,,-1,11,9,持被,,多被,0.6,3.4,3.5,7,
7,0,8,3.79
2026/5/19,3.71,3.73,3.83,3.64,0.54,3.79,银E9忐,忐,b乙→中13.Z-2,跌.尾反孕oVo,5蛀.Fe震正根.主,,-2,12,10,持被,,多被,2.3,2.8,2.6,5,
6,14,7,0
2026/5/20,3.69,3.71,3.71,3.63,-0.54,0,银V7上.被,上,c丙↘下14.Z-3,跌.尾吞oV,5蛀.Fe震正根.破,,-3,13,-1,NA,,空看,-0.5,2.3,2.7,5,
6,0,6,0.54
2026/5/21,3.5,3.66,3.71,3.48,-5.15,0.54,银v4忑.警,忑,z丁↘忑-1.Z-4,跌.尾连VW.W2,9妩.__Aa龙猪._破,,-4,-1,-2,NA,,空长,1,1,4.2,,
,-950,10,2.57
2026/5/22,3.56,3.52,3.59,3.45,1.71,2.57,屎v4忑.警,忑,z丁↘忑-2.Z-5,跌.尾反孕Wo,9妩.__Aa龙猪._破,,-5,-2,-3,NA,,空长,-1.3,0.1,5.3,,
,67,11,1.69
2026/5/25,3.49,3.58,3.62,3.46,-1.97,1.69,屎v4忑.警,忑,z丁↘忑-3.Z-6,跌.尾吞oV,9妩.__Aa龙猪._初,,-6,-3,-4,NA,,空长,0.7,-0.8,6.5,,
,-117,11,0.86
2026/5/26,3.35,3.5,3.52,3.3,-4.01,0.86,屎v0忑.警,忑,z丁↘忑-4.Z-7,跌.尾连VW.W2,9妩.__Aa龙猪._初,,-7,-4,-5,NA,,空长,-0.3,-2.1,5,,
,-467,12,0.3
2026/5/27,3.19,3.35,3.36,3.14,-4.78,0.3,屎v0忑.警,忑,z丁↘忑-5.Z-8,跌.尾连WW.W3,9妩.__Aa龙猪._初,,-8,-5,-6,NA,,空长,-2.4,-3.9,7.8,,
,-1600,18,2.51
2026/5/28,3.21,3.18,3.27,3.14,0.63,2.51,屎v0忑.警,忑,z丁↘忑-6.Z-9,跌.尾反孕Wo,9妩.__Aa龙猪._初,,-9,-6,-7,NA,,空长,-3,-5.2,7.4,,
,25,15,1.87
2026/5/29,3.15,3.22,3.27,3.11,-1.87,1.87,屎v0忑.警,忑,z丁↘忑-7.Z-10,跌.尾吞oV,9妩.__Aa龙猪._初,,-10,-7,-8,NA,,空长,-1.1,-6.3,9.5,,
,-100,16,7.3
2026/6/1,3.32,3.16,3.38,3.11,5.4,7.3,屎v0忑.警,忑,z丁↘忑-8.Z-11,(跌)人.吞吞oVO,8姖.__Aa龙猪._主,,-11,-8,-9,NA,,空长,2.6,-6.1,6.9,,
,74,13,1.2
2026/6/2,3.18,3.32,3.36,3.15,-4.22,1.2,屎v0忑.警,忑,z丁↘忑-9.Z-12,(跌)人.吞吞oVOv,8姖.__Aa龙猪._主,,-12,-9,-10,NA,,空长,2.9,-6.3,3.5,,
,-350,9,0.31
2026/6/3,3.16,3.17,3.19,3.07,-0.63,0.31,屎v0忑.警,忑,z丁↘忑-10.Z-13,跌.尾连vW.W2,8姖.__Aa龙猪._主,,-13,-10,-11,NA,,空长,-1.4,-6.6,4.4,,
,-200,10,-0.32
2026/6/4,3.12,3.13,3.15,3,-1.27,-0.32,屎v0忑.警,忑,z丁↘忑-11.Z-14,跌.尾连WW.W3,8姖.__Aa龙猪._主,,-14,-11,-12,NA,,空长,-1.7,-6.9,5.5,,
,0,13,0.96
2026/6/5,3.11,3.09,3.15,3,-0.32,0.96,屎v0忑.警,忑,z丁↘忑-12.Z-15,跌.尾连WW.W4,9妩.__Aa龙猪._主,,-15,-12,-13,NA,,空长,-0.8,-7,6.4,,
,-33,13,0.32
2026/6/8,2.99,3.02,3.12,2.9,-3.86,0.32,屎v0忑.警,忑,z丁↘忑-13.Z-16,跌.尾连WW.W5,9妩.__Aa龙猪._主,,-16,-13,-14,NA,,空长,-0.3,-7.7,7.4,,
,-1200,16,2.34
2026/6/9,3,3,3.06,2.93,0.33,2.34,屎v0忑.警,忑,z丁↘忑-14.Z-17,跌.尾反孕Wo,9妩.__Aa龙猪._主,,-17,-14,-15,NA,,空长,-0.9,-8.1,3.3,,
,14,10,0.67
2026/6/10,2.94,2.97,3.02,2.88,-2,0.67,屎v0忑.警,忑,z丁↘忑-15.Z-18,跌.尾吞oV,9妩.__Aa龙猪._主,,-18,-15,-16,NA,,空长,-0.9,-8.5,3.4,,
,-300,9,0.68
2026/6/11,2.91,2.93,2.96,2.87,-1.02,0.68,屎v0忑.警,忑,z丁↘忑-16.Z-19,跌.尾连VW.W2,9妩.__Aa龙猪._主,,-19,-16,-17,NA,,空长,-1.6,-8.9,4.8,,
,-150,10,3.78
2026/6/12,3.01,2.96,3.02,2.88,3.44,3.78,屎v0忑.警,忑,z丁↘忑-17.Z-20,(跌)人.连后吞WO,8姖.__Aa龙猪._主,,-20,-17,-18,NA,,空长,0.7,-8.5,4,,
,91,9,2.33
2026/6/15,2.94,3.01,3.08,2.92,-2.33,2.33,屎v0忑.警,忑,z丁↘忑-18.Z-21,(人)人.吞吞* OV,8姖.__Aa龙猪._主,,-21,-18,-19,NA,,空长,3.2,-8.3,3.2,,
,-100,7,0.34
2026/6/16,2.87,2.94,2.95,2.82,-2.38,0.34,屎v0忑.警,忑,z丁↘忑-19.Z-22,跌.尾连VW.W2,8姖.__Aa龙猪._主,,-22,-19,-20,NA,,空长,-0.2,-8.4,4.2,,
,-700,9,0.35
2026/6/17,2.79,2.87,2.88,2.78,-2.79,0.35,屎v0忑.警,忑,z丁↘忑-20.Z-23,跌.尾连WW.W3,8姖.__Aa龙猪._主,,-23,-20,-21,NA,,空长,-1.1,-8.9,5.8,,
,-800,11,10.04
2026/6/18,2.95,2.79,3.07,2.72,5.73,10.04,屎v0忑.警,忑,z丁↘忑-21.Z-24,(跌)人.连后吞WO,8姖.__Aa龙猪._主,,-24,-21,-22,NA,,空长,5.5,-8.3,5.8,,
,57,13,6.78
2026/6/22,3.03,2.97,3.15,2.9,2.71,6.78,屎v1忑.警,忑,y戊↘忠-22.I,升.尾连OQ.Q2,4蛀.__Be龙管根._主,,1,-22,-23,NA,,空长,7.3,-7.1,7.3,,
,40,16,4.29
2026/6/23,2.97,3.04,3.16,2.96,-1.98,4.29,屎v1忑.警,忑,y戊↘忠-23.B2,升.尾反孕Qv,4蛀.__Be龙管根._主,,2,-23,-24,NA,,空长,7.1,-6.3,7.1,,
,-46,16,1.68
2026/6/24,2.97,2.97,3.02,2.92,0,1.68,屎v1忑.警,忑,y戊↘忠-24.B3,(升)人.孕孕vo,4蛀.__Fe震正根._主,,3,-24,-25,NA,,空长,2.1,-5.7,6.9,,
,0,16,1.35
2026/6/25,2.97,2.92,3.01,2.9,0,1.35,屎v1忑.警,忑,y戊↘忠-25.A4,升.尾连oQ.Q2,0橅.__Fe震正根._主,,4,-25,-26,NA,,空长,1.6,-5.2,6.7,,
,0,16,2.36
2026/6/26,2.92,3.03,3.04,2.8,-1.68,2.36,屎v0忑.警,忑,y戊↘忑-26.Y,升.尾反孕Qv,5蛀.__Fa震正〇._主,,-1,-26,-27,NA,,空长,2.9,-5,7,,
,-71,13,0.34
2026/6/29,2.9,2.87,2.93,2.78,-0.68,0.34,屎v0忑.警,忑,y戊↘忑-27.Z-2,跌.尾连vW.W2,5蛀.__Fa震正〇._主,,-2,-27,-28,NA,,空长,-0.3,-5,7.5,,
,-200,14,3.45
2026/6/30,2.97,2.87,3,2.86,2.41,3.45,屎v1忑.警,忑,y戊↘忠-28.I暂,(跌)人.连后吞WO,4暂.__Fe震正根._主,,1,-28,-29,NA,,空长,1.9,-4.5,3.3,,
,70,9,6.06
2026/7/1,3.09,2.97,3.15,2.95,4.04,6.06,屎v2忑,忑,r己↗忐-29.B2暂,升.尾连OQ.Q2,4暂.__Fe震正根.储,,2,-29,-30,NA,,空长,5.8,-3.3,5.8,,
,67,13,10.03
2026/7/2,3.4,3.08,3.4,3.05,10.03,10.03,屎V6忐.盈,忐,a甲↗上1.B3暂,升.尾连QQ.Q3,4暂.Aa龙猪.储,a连3高,3,1,-31,NA,,空看,10.5,-0.5,10.5,9,
9,100,22,5.59
2026/7/3,3.19,3.3,3.59,3.18,-6.18,5.59,屎V5忠.盈,忠,a甲↗上2.A4,升.尾反孕Qv,0橅.Aa龙猪.初,a高,4,2,-32,NA,,空长,14.9,0.7,14.9,15,
15,-111,29,4.08
2026/7/6,3.15,3.25,3.32,3.13,-1.25,4.08,屎V5忠,忠,a甲↗上3.A5,跌.尾连vW.W2,2栅.Bc龙管栅.初,,5,3,-33,NA,,空长,5.7,1,14.3,15,
15,-31,26,3.17
2026/7/7,3.19,3.15,3.25,3.1,1.27,3.17,屎V5忠,忠,a甲↗上4.A6,跌.尾反孕Wo,2栅.Bc龙管栅.初,,6,4,-34,NA,,空长,3,1.3,13.8,15,
15,40,22,3.76
2026/7/8,3.28,3.17,3.31,3.13,2.82,3.76,屎V5忠,忠,a甲↗上5.A7,升.尾连oQ.Q2,2栅.Fa震正〇.初,,7,5,-35,NA,,空长,3.9,2,12.7,14,
14,75,18,2.74
2026/7/9,3.35,3.23,3.37,3.12,2.13,2.74,屎V6忐.盈,忐,a甲↗上6.A8,升.尾连QQ.Q3,2栅.Fa震正〇.初,连3,8,6,-36,NA,,空看,4.4,2.9,11.2,14,
14,78,16,6.87
2026/7/10,3.45,3.33,3.58,3.33,2.99,6.87,屎V6忐.盈,忐,a甲↗上7.A9,升.尾连QQ.Q4,0橅.Fa震正〇.初,雀连4高,9,7,-37,NA,,空看,8.9,4.1,8.9,13,
13,43,15,1.45
2026/7/13,3.25,3.45,3.5,3.18,-5.8,1.45,屎V6忐.盈,忐,a甲↗上8.A10,(升)人.连后吞QV,1柜.Fa震正〇.初,偏,10,8,-38,NA,,空看,6.3,3.9,8.7,12,
13,-400,15,-0.62
2026/7/14,3.18,3.21,3.23,3.11,-2.15,-0.62,屎V5忠,忠,b乙→中9.Y,跌.尾连VW.W2,5蛀.Fe震正根.初,,-1,9,-39,NA,,空长,-1.2,3,9.5,12,
13,0,15,5.35
2026/7/15,3.33,3.15,3.35,3.12,4.72,5.35,屎V6忐.盈,忐,b乙↗上10.I暂,(跌)人.连后吞WO,4暂.Fd震正芽.主,高,1,10,-40,NA,,空看,2.2,3,9.2,12,
12,88,15,3.6
2026/7/16,3.33,3.28,3.45,3.24,0,3.6,屎V6忐,忐,b乙↗上11.B2暂,升.尾连OQ.Q2,4暂.Fd震正芽.主,,2,11,-41,NA,,空看,4.8,3.1,8.8,12,
12,0,15,0.9
2026/7/17,3.16,3.36,3.36,3.14,-5.11,0.9,屎V5忠.被,忠,c丙↘下12.Y暂,(升)人.连后吞QV,5暂.Fe震正根.破,,-1,12,-42,NA,,空长,2.9,2.2,7.2,9,
12,-567,13,1.58
2026/7/20,2.96,3.16,3.21,2.88,-6.33,1.58,屎v4忑.警,忑,z丁↘忑-1.Z-2暂,跌.尾连VW.W2,5暂.__Aa龙猪._破,,-2,-1,-43,NA,,空长,0.6,0.3,8.1,,
,-400,20,1.35
2026/7/21,2.78,2.93,3,2.66,-6.08,1.35,屎v0忑.警,忑,z丁↘忑-2.Z-3暂,跌.尾连WW.W3,5暂.__Aa龙猪._初,,-3,-2,-44,NA,,空长,-2.7,-2.4,11.9,,
,-450,30,8.63
2026/7/22,3.02,2.73,3.02,2.72,8.63,8.63,屎v0忑.警,忑,z丁↘忑-3.Z-4,(跌)人.连后吞WO,8姖.__Aa龙猪._初,,-4,-3,-45,NA,,空长,-0.8,-3.2,13.3,,
,100,30,6.62
2026/7/23,3.17,2.99,3.22,2.94,4.97,6.62,屎v1忑.警,忑,y戊↘忠-4.I,升.尾连OQ.Q2,4蛀.__Be龙管根._初,,1,-4,-46,NA,,空长,5.1,-2.5,9.7,,
,75,26,1.89
2026/7/24,3.09,3.14,3.23,3.05,-2.52,1.89,屎v1忑.警,忑,y戊↘忠-5.B2,升.尾反孕Qv,4蛀.__Fe震正根._初,,2,-5,-47,NA,,空长,5.1,-2.1,5.1,,
,-133,21,0
