日期,收,开,高,低,涨幅,高幅,DXEF,DXCD,DXAB,柱排,波型,盈提示,日ZA,日ZC,日ZE,日段,日机警,四域,BSHA,BSAC,脸哼JA,宽哼JC,偏顶JC,上身,叠幅,次日高幅
2021/6/16,36.86,36.8,43.79,36.18,0.16,18.99,屎E0上.盈,上,a甲↗上1.I,错.未赋值.Q1,4蛀.Aa龙猪.初,a高,1,1,1,持主,,多被,18.8,0,18.8,18,
18,1,,-6.59
2021/6/17,30.22,34.43,34.43,29.99,-18.01,-6.59,屎v0忑.警,忑,z丁↘忑-1.Y暂,(升)人.连后吞QV,5暂.__Aa龙猪._初,,-1,-1,-1,NA,,空长,-2.7,-3.1,23.8,,
,0,,3.11
2021/6/18,29.74,29.79,31.16,29.45,-1.59,3.11,屎v0忑.警,忑,z丁↘忑-2.Z-2暂,跌.尾连VW.W2,5暂.__Fa震正〇._初,,-2,-2,-2,NA,,空长,-7.8,-6.4,29.5,,
,-51,,5.78
2021/6/21,30.81,30.03,31.46,29.56,3.6,5.78,屎v0忑.警,忑,z丁↘忑-3.Z-3暂,(跌)人.连后吞WO,5暂.__Fa震正〇._初,,-3,-3,-3,NA,,空长,-4,-8.2,33.6,,
,62,,3.28
2021/6/22,30.42,31.47,31.82,30.42,-1.27,3.28,屎v0忑.警,忑,z丁↘忑-4.Z-4,(跌)人.连后吞WOv,8姖.__Fa震正〇._初,,-4,-4,-4,NA,,空长,-0.7,-9.3,36.7,,
,-39,49,3.12
2021/6/23,30.83,30.12,31.37,29.98,1.35,3.12,屎v0忑.警,忑,z丁↘忑-5.Z-5,(人)人.孕孕vo,8姖.__Fa震正〇._主,,-5,-5,-5,NA,,空长,-0.7,-9.7,9,,
,43,17,0.19
2021/6/24,29.69,30.8,30.89,29.6,-3.7,0.19,屎v0忑.警,忑,z丁↘忑-6.Z-6,跌.尾吞oV,8姖.__Fa震正〇._主,,-6,-6,-6,NA,,空长,-0.6,-10.2,2.4,,
,-1900,8,1.65
2021/6/25,29.86,29.89,30.18,29.16,0.57,1.65,屎v0忑.警,忑,z丁↘忑-7.Z-7,跌.尾反孕oVo,9妩.__Fa震正〇._主,,-7,-7,-7,NA,,空长,-1.7,-10.4,3.7,,
,35,9,4.09
2021/6/28,30.66,30.33,31.08,29.94,2.68,4.09,屎v0忑.警,忑,z丁↘忑-8.Z-8,升.尾连oQ.Q2,7姗.__Fa震正〇._主,,-8,-8,-8,NA,,空长,1.6,-9.9,4,,
,66,9,3
2021/6/29,30.99,30.69,31.58,30.41,1.08,3,屎v1忑.警,忑,y戊↘忠-9.I,升.尾连QQ.Q3,4蛀.__Fe震正根._主,,1,-9,-9,NA,,空长,3,-9.1,3,,
,36,8,0.74
2021/6/30,30.21,31.2,31.22,29.83,-2.52,0.74,屎v0忑.警,忑,y戊↘忑-10.Y暂,(升)人.连后吞QV,5暂.__Fa震正〇._主,,-1,-10,-10,NA,,空长,2.1,-8.7,3.3,,
,-339,8,2.18
2021/7/1,30.43,29.93,30.87,29.93,0.73,2.18,屎v0忑.警,忑,y戊↘忑-11.Z-2暂,(升)人.连后吞QVo,5暂.__Fa震正〇._主,,-2,-11,-11,NA,,空长,1.1,-8.2,3.4,,
,33,8,0.56
2021/7/2,30.19,30.6,30.6,29.88,-0.79,0.56,屎v0忑.警,忑,y戊↘忑-12.Z-3暂,(人)人.孕孕vo,5暂.__Fa震正〇._主,,-3,-12,-12,NA,,空长,0.5,-7.9,3.7,,
,-141,6,3.61
2021/7/5,30.89,30.41,31.28,29.88,2.32,3.61,屎v1忑.警,忑,y戊↘忠-13.I暂,升.尾吞vO,4暂.__Fe震正根._主,,1,-13,-13,NA,,空长,2.5,-7.1,3.5,,
,64,6,7.25
2021/7/6,32.47,31.08,33.13,30.91,5.11,7.25,屎v2忑,忑,r己↗忐-14.B2暂,升.尾连OQ.Q2,4暂.__Fe震正根.储,,2,-14,-14,NA,,空长,7,-5.6,7,,
,71,11,1.08
2021/7/7,32.62,31.91,32.82,31.62,0.46,1.08,屎v2忑,忑,r己↗忐-15.B3暂,升.尾连QQ.Q3,4暂.__Fe震正根.储,,3,-15,-15,NA,,空长,4.4,-4.1,5.4,,
,43,11,3
2021/7/8,32.22,32.62,33.6,31.85,-1.23,3,屎v3忑,忑,a甲↗上1.A4,升.尾反孕Qv,0橅.__Ff震负.储,,4,-16,-16,NA,,空长,5.9,-3.1,5.9,,
,-41,12,3.88
2021/7/9,32.53,32.19,33.47,31.85,0.96,3.88,屎v3忑,忑,a甲↗上2.A5,(升)人.孕孕vo,0橅.__Ff震负.储,,5,-17,-17,NA,,空长,4.7,-2.3,5.1,,
,25,12,1.01
2021/7/12,31.79,32.68,32.86,31.76,-2.27,1.01,屎v3忑,忑,a甲↗上3.A6,跌.尾吞oV,1柜.__Ff震负.储,,6,-18,-18,NA,,空长,2.8,-2.1,5.1,,
,-224,9,1.13
2021/7/13,31.36,31.76,32.15,31.17,-1.35,1.13,屎v3忑.被,忑,c丙↘下4.Y,跌.尾连VW.W2,5蛀.__Df头负._再C,,-1,-19,-19,NA,,空长,1,-2.3,5.5,,
,-119,8,1.72
2021/7/14,31.33,31.3,31.9,31.06,-0.1,1.72,屎v3忑.被,忑,c丙↘下5.Z-2,跌.尾连WW.W3,5蛀.__Df头负._再C,,-2,-20,-20,NA,,空长,0.6,-2.4,6,,
,-6,8,1.02
2021/7/15,30.55,31.42,31.65,30.42,-2.49,1.02,屎v0忑.警,忑,z丁↘忑-1.Z-3,跌.尾连WW.W4,5蛀.__Fa震正〇._再C,,-3,-21,-21,NA,,空长,0.8,-3,6.6,,
,-244,10,1.41
2021/7/16,30.09,30.6,30.98,30.09,-1.51,1.41,屎v0忑.警,忑,z丁↘忑-2.Z-4,跌.尾连WW.W5,9妩.__Fa震正〇._再C,,-4,-22,-22,NA,,空长,-0.2,-3.6,5.8,,
,-107,9,1.06
2021/7/19,30.19,30.08,30.41,29.83,0.33,1.06,屎v0忑.警,忑,z丁↘忑-3.Z-5,跌.尾反孕Wo,9妩.__Aa龙猪._再C,,-5,-23,-23,NA,,空长,-1.2,-4,4.4,,
,31,8,0.26
2021/7/20,30.18,30.04,30.27,29.94,-0.03,0.26,屎v0忑.警,忑,z丁↘忑-4.Z-6,(跌)人.孕孕ov,9妩.__Aa龙猪._再C,,-6,-24,-24,NA,,空长,-1,-4.2,4.3,,
,-13,7,1.72
2021/7/21,30.14,30.28,30.7,30.14,-0.13,1.72,屎v0忑.警,忑,z丁↘忑-5.Z-7,跌.尾连vW.W2,9妩.__Aa龙猪._主,,-7,-25,-25,NA,,空长,0.8,-4.3,4,,
,-8,6,0.5
2021/7/22,29.48,30.25,30.29,29.29,-2.19,0.5,屎v0忑.警,忑,z丁↘忑-6.Z-8,跌.尾连WW.W3,9妩.__Aa龙猪._主,,-8,-26,-26,NA,,空长,0.3,-4.6,2.6,,
,-440,6,0.81
2021/7/23,28.76,29.49,29.72,28.69,-2.44,0.81,屎v0忑.警,忑,z丁↘忑-7.Z-9,跌.尾连WW.W4,9妩.__Aa龙猪._主,,-9,-27,-27,NA,,空长,-0.4,-5.2,2.9,,
,-300,7,0.07
2021/7/26,27.73,28.66,28.78,27.6,-3.58,0.07,屎v0忑.警,忑,z丁↘忑-8.Z-10,跌.尾连WW.W5,9妩.__Aa龙猪._主,,-10,-28,-28,NA,,空长,-1.7,-6.2,4.9,,
,-5150,11,1.91
2021/7/27,27.74,27.93,28.26,27.71,0.04,1.91,屎v0忑.警,忑,z丁↘忑-9.Z-11,跌.尾反孕Wo,9妩.__Aa龙猪._主,,-11,-29,-29,NA,,空长,-1.9,-7,6.5,,
,2,11,0
2021/7/28,26.88,27.74,27.74,26.37,-3.1,0,屎v0忑.警,忑,z丁↘忑-10.Z-12,跌.尾吞oV,9妩.__Aa龙猪._主,,-12,-30,-30,NA,,空长,-1.9,-7.8,7.1,,
,0,15,4.06
2021/7/29,27.72,27.19,27.97,27.06,3.12,4.06,屎v0忑.警,忑,z丁↘忑-11.Z-13,跌.尾反孕oVo,9妩.__Aa龙猪._主,,-13,-31,-31,NA,,空长,-0.2,-7.9,6,,
,77,13,2.78
2021/7/30,28.24,27.59,28.49,27.15,1.88,2.78,屎v0忑.警,忑,z丁↘忑-12.Z-14,升.尾连oQ.Q2,7姗.__Bb龙管杂._主,,-14,-32,-32,NA,,空长,1.6,-7.4,2.7,,
,68,9,1.35
2021/8/2,28.38,28.29,28.62,27.91,0.5,1.35,屎v1忑.警,忑,y戊↘忠-13.I,升.尾连QQ.Q3,4蛀.__Fe震正根._主,,1,-33,-33,NA,,空长,1.8,-6.7,1.8,,
,37,9,2.64
2021/8/3,28.61,28.29,29.13,28.25,0.81,2.64,屎v1忑.警,忑,y戊↘忠-14.B2,升.尾连QQ.Q4,4蛀.__Fe震正根._主,,2,-34,-34,NA,,空长,3.2,-5.9,3.2,,
,31,10,-0.28
2021/8/4,28.37,28.41,28.53,28.01,-0.84,-0.28,屎v1忑.警,忑,y戊↘忠-15.B3,升.尾反孕Qv,4蛀.__Fe震正根._主,,3,-35,-35,NA,,空长,0.8,-5.3,3,,
,0,8,2.04
2021/8/5,28.69,28.16,28.95,28.16,1.13,2.04,屎v1忑.警,忑,y戊↘忠-16.A4,升.尾吞vO,0橅.__Fe震正根._主,,4,-36,-36,NA,,空长,2,-4.7,2.6,,
,55,7,0
2021/8/6,28.17,28.69,28.69,27.73,-1.81,0,屎v0忑.警,忑,y戊↘忑-17.Y,升.尾反孕vOv,5蛀.__Fa震正〇._主,,-1,-37,-37,NA,,空长,1.1,-4.4,2.7,,
,0,5,1.31
2021/8/9,28.49,28.17,28.54,27.66,1.14,1.31,屎v1忑.警,忑,y戊↘忠-18.I暂,(升)人.孕孕vo,4暂.__Fe震正根._主,,1,-38,-38,NA,,空长,0.5,-4.1,2.6,,
,86,5,2.35
2021/8/10,28.93,28.53,29.16,28.42,1.54,2.35,屎v2忑,忑,r己↗忐-19.B2暂,升.尾连oQ.Q2,4暂.__Fe震正根.储,,2,-39,-39,NA,,空长,2.3,-3.4,2.3,,
,66,5,3.63
2021/8/11,29.69,28.81,29.98,28.69,2.63,3.63,屎v3忑,忑,a甲↗上1.B3暂,升.尾连QQ.Q3,4暂.__Ff震负.储,,3,-40,-40,NA,,空长,4.1,-2.4,4.1,,
,72,8,2.09
2021/8/12,29.69,29.44,30.31,29.44,0,2.09,屎V5忠.盈,忠,a甲↗上2.A4,升.尾连QQ.Q4,0橅.Aa龙猪.储,a连4,4,1,-41,NA,,空长,4.3,-1.5,4.3,2,
2,0,10,3.23
2021/8/13,30.01,29.6,30.65,29.6,1.08,3.23,屎V5忠.盈,忠,a甲↗上3.A5,升.尾连QQ.Q5,0橅.Aa龙猪.储,a连5,5,2,-42,NA,,空长,4.5,-0.7,4.5,3,
3,33,11,1.4
2021/8/16,30.22,30.01,30.43,29.84,0.7,1.4,屎V5忠.盈,忠,a甲↗上4.A6,升.尾连QQ.Q6,0橅.Aa龙猪.初,连6,6,3,-43,NA,,空长,2.8,0,3.6,3,
3,50,8,0.46
2021/8/17,29.22,30.22,30.36,28.87,-3.31,0.46,屎v3忑,忑,b乙→中5.Y,(升)人.连后吞QV,5蛀.__Ff震负._再D,,-1,-1,-44,NA,,空长,2.7,-0.1,3.7,,
,-714,7,0.96
2021/8/18,29.28,29.43,29.5,28.88,0.21,0.96,屎v3忑,忑,b乙→中6.Z-2,(升)人.连后吞QVo,5蛀.__Ff震负._再D,,-2,-2,-45,NA,,空长,0,-0.2,3.9,,
,21,6,0.17
2021/8/19,29.02,29.3,29.33,28.98,-0.89,0.17,屎v3忑.被,忑,c丙↘下7.Z-3,跌.尾吞oV,5蛀.__Df头负._再D,,-3,-3,-46,NA,,空长,-0.1,-0.5,4.3,,
,-520,6,-0.48
2021/8/20,28,28.88,28.88,27.82,-3.51,-0.48,屎v0忑.警,忑,z丁↘忑-1.Z-4,跌.尾连VW.W2,9妩.__Fa震正〇._再D,,-4,-4,-47,NA,,空长,-0.6,-1.4,4.8,,
,0,9,2.71
2021/8/23,28.48,28.03,28.76,28.03,1.71,2.71,屎v0忑.警,忑,z丁↘忑-2.Z-5,跌.尾反孕Wo,9妩.__Fa震正〇._再D,,-5,-5,-48,NA,,空长,-0.3,-1.8,5.3,,
,63,9,3.05
2021/8/24,29.05,28.65,29.35,28.5,2,3.05,屎v1忑.警,忑,y戊↘忠-3.I,升.尾连oQ.Q2,4蛀.__Fe震正根._再D,,1,-6,-49,NA,,空长,1.8,-1.7,2.3,,
,66,6,3.03
2021/8/25,29.52,29.36,29.93,29.19,1.62,3.03,屎v2忑,忑,r己↗忐-4.B2,升.尾连QQ.Q3,4蛀.__Fe震正根.储,,2,-7,-50,NA,,空长,3.2,-1.1,3.2,,
,53,8,1.08
2021/8/26,28.97,29.79,29.84,28.8,-1.86,1.08,屎v2忑,忑,r己↗忐-5.B3,(升)人.连后吞QV,4蛀.__Fe震正根.储,,3,-8,-51,NA,,空长,2.8,-1,3.1,,
,-172,8,0
2021/8/27,27.91,28.87,28.97,27.69,-3.66,0,屎v0忑.警,忑,y戊↘忑-6.Y暂,跌.尾连VW.W2,5暂.__Aa龙猪._再B,,-1,-9,-52,NA,,空长,0.7,-1.6,4,,
,0,8,0.32
2021/8/30,27.43,27.92,28,27.29,-1.72,0.32,屎v0忑.警,忑,y戊↘忑-7.Z-2暂,跌.尾连WW.W3,5暂.__Aa龙猪._再B,,-2,-10,-53,NA,,空长,-1.5,-2.4,5.3,,
,-533,10,2.3
2021/8/31,27.55,27.76,28.06,27.33,0.44,2.3,屎v0忑.警,忑,y戊↘忑-8.Z-3暂,跌.尾反孕Wo,5暂.__Aa龙猪._再B,,-3,-11,-54,NA,,空长,-0.3,-3,6.3,,
,19,10,0.76
2021/9/1,27.56,27.76,27.76,27.04,0.04,0.76,屎v0忑.警,忑,y戊↘忑-9.Z-4,升.尾连oQ.Q2,7姗.__Bb龙管杂._再B,,-4,-12,-55,NA,,空长,-0.7,-3.3,6.7,,
,5,10,1.89
2021/9/2,27.92,27.53,28.08,27.43,1.31,1.89,屎v0忑.警,忑,y戊↘忑-10.Z-5,升.尾连QQ.Q3,6娝.__Bc龙管栅._主,,-5,-13,-56,NA,,空长,0.6,-3.2,3.8,,
,69,7,2.44
2021/9/3,28.36,28.09,28.6,27.92,1.58,2.44,屎v1忑.警,忑,y戊↘忠-11.I,升.尾连QQ.Q4,4蛀.__Be龙管根._主,,1,-14,-57,NA,,空长,2.2,-2.7,2.2,,
,65,6,1.8
2021/9/6,28.73,28.28,28.87,28.28,1.3,1.8,屎v2忑,忑,r己↗忐-12.B2,升.尾连QQ.Q5,4蛀.__Fe震正根.储,,2,-15,-58,NA,,空长,2.4,-2,2.4,,
,73,7,0.38
2021/9/7,28.41,28.68,28.84,28.39,-1.11,0.38,屎v2忑,忑,r己↗忐-13.B3,升.尾反孕Qv,4蛀.__Fe震正根.储,,3,-16,-59,NA,,空长,2,-1.6,2.1,,
,-291,7,0.7
2021/9/8,28.46,28.44,28.61,28.28,0.18,0.7,屎v2忑,忑,r己↗忐-14.A4,(升)人.孕孕vo,0橅.__Fe震正根.储,,4,-17,-60,NA,,空长,1,-1.3,1.9,,
,25,5,0.14
2021/9/9,28.21,28.5,28.5,28.2,-0.88,0.14,屎v0忑.警,忑,y戊↘忑-15.Y,跌.尾吞oV,5蛀.__Fa震正〇._再B,,-1,-18,-61,NA,,空长,0.6,-1.3,1.9,,
,-625,3,0.71
2021/9/10,28.1,28.41,28.41,28.01,-0.39,0.71,屎v0忑.警,忑,y戊↘忑-16.Z-2,跌.尾连VW.W2,5蛀.__Fa震正〇._再B,,-2,-19,-62,NA,,空长,0.5,-1.3,2.1,,
,-55,3,0.32
2021/9/13,27.96,27.94,28.19,27.94,-0.5,0.32,屎v0忑.警,忑,y戊↘忑-17.Z-3,跌.尾连WW.W3,5蛀.__Fa震正〇._再B,,-3,-20,-63,NA,,空长,0,-1.4,2.3,,
,-156,3,0.18
2021/9/14,27.79,27.87,28.01,27.52,-0.61,0.18,屎v0忑.警,忑,y戊↘忑-18.Z-4,跌.尾连WW.W4,9妩.__Fa震正〇._再B,,-4,-21,-64,NA,,空长,-0.3,-1.6,1.9,,
,-340,4,0.29
2021/9/15,27.67,27.79,27.87,27.44,-0.43,0.29,屎v0忑.警,忑,y戊↘忑-19.Z-5,跌.尾连WW.W5,9妩.__Fa震正〇._主,,-5,-22,-65,NA,,空长,-0.3,-1.8,1.9,,
,-150,4,0.47
2021/9/16,27.27,27.52,27.8,27.25,-1.45,0.47,屎v0忑.警,忑,y戊↘忑-20.Z-6,跌.尾连WW.W6,9妩.__Aa龙猪._主,,-6,-23,-66,NA,,空长,0.1,-2.2,2.2,,
,-308,4,1.83
2021/9/17,27.66,27.38,27.77,27.16,1.43,1.83,屎v0忑.警,忑,y戊↘忑-21.Z-7,(跌)人.连后吞WO,8姖.__Aa龙猪._主,,-7,-24,-67,NA,,空长,0.2,-2.2,1.7,,
,78,4,0.11
2021/9/22,27.38,27.43,27.69,27.22,-1.01,0.11,屎v0忑.警,忑,y戊↘忑-22.Z-8,(跌)人.连后吞WOv,8姖.__Aa龙猪._主,,-8,-25,-68,NA,,空长,0.2,-2.3,1.4,,
,-933,3,1.5
2021/9/23,27.77,27.45,27.79,27.45,1.42,1.5,屎v1忑.警,忑,y戊↘忠-23.I,升.尾吞vO,4蛀.__Be龙管根._主,,1,-26,-69,NA,,空长,0.5,-2.1,0.8,,
,95,3,0
2021/9/24,27.25,27.77,27.77,27.24,-1.87,0,屎v0忑.警,忑,y戊↘忑-24.Y暂,(升)人.吞吞vOV,5暂.__Fa震正〇._主,,-1,-27,-70,NA,,空长,0.8,-2.2,0.9,,
,0,2,0.81
2021/9/27,26.81,27.26,27.47,26.64,-1.61,0.81,屎v0忑.警,忑,y戊↘忑-25.Z-2暂,跌.尾连VW.W2,5暂.__Aa龙猪._主,,-2,-28,-71,NA,,空长,0.4,-2.5,1.5,,
,-200,4,0.26
2021/9/28,26.8,26.68,26.88,26.56,-0.04,0.26,屎v0忑.警,忑,y戊↘忑-26.Z-3暂,跌.尾连WW.W3,5暂.__Aa龙猪._主,,-3,-29,-72,NA,,空长,-1.2,-2.8,2.2,,
,-14,5,0.19
2021/9/29,26.27,26.57,26.85,26.01,-1.98,0.19,屎v0忑.警,忑,y戊↘忑-27.Z-4,跌.尾连WW.W4,9妩.__Aa龙猪._主,,-4,-30,-73,NA,,空长,-0.4,-3.3,3.1,,
,-1060,7,3.31
2021/9/30,26.71,26.65,27.14,26.61,1.67,3.31,屎v0忑.警,忑,y戊↘忑-28.Z-5,(跌)人.连后吞WO,8姖.__Aa龙猪._主,,-5,-31,-74,NA,,空长,1.1,-3.4,3.4,,
,51,7,1.12
2021/10/8,26.81,26.71,27.01,26.71,0.37,1.12,屎v0忑.警,忑,y戊↘忑-29.Z-6,升.尾连OQ.Q2,7姗.__Bb龙管杂._主,,-6,-32,-75,NA,,空长,0.7,-3.2,2.4,,
,33,6,1.16
2021/10/11,26.85,27.12,27.12,26.68,0.15,1.16,屎v1忑.警,忑,y戊↘忠-30.I,升.尾连QQ.Q3,4蛀.__Fe震正根._主,,1,-33,-76,NA,,空长,1.1,-3,1.2,,
,13,4,0.07
2021/10/12,26.37,26.81,26.87,26.2,-1.79,0.07,屎v0忑.警,忑,y戊↘忑-31.Y暂,(升)人.连后吞QV,5暂.__Fa震正〇._主,,-1,-34,-77,NA,,空长,0.6,-3.1,1.6,,
,-2400,4,1.55
2021/10/13,26.66,26.68,26.78,26.35,1.1,1.55,屎v0忑.警,忑,y戊↘忑-32.Z-2暂,(升)人.连后吞QVo,5暂.__Fa震正〇._主,,-2,-35,-78,NA,,空长,0.4,-2.9,1.7,,
,71,4,0.19
2021/10/14,26.63,26.61,26.71,26.5,-0.11,0.19,屎v0忑.警,忑,y戊↘忑-33.Z-3暂,跌.尾吞oV,5暂.__Fa震正〇._主,,-3,-36,-79,NA,,空长,0.2,-2.8,1.7,,
,-60,4,0.45
2021/10/15,26.36,26.75,26.75,26.27,-1.01,0.45,屎v0忑.警,忑,y戊↘忑-34.Z-4,跌.尾连VW.W2,9妩.__Fa震正〇._主,,-4,-37,-80,NA,,空长,0.6,-2.8,2,,
,-225,4,0.38
2021/10/18,26.15,26.46,26.46,25.98,-0.8,0.38,屎v0忑.警,忑,y戊↘忑-35.Z-5,跌.尾连WW.W3,9妩.__Aa龙猪._主,,-5,-38,-81,NA,,空长,-0.1,-2.9,1.5,,
,-210,3,0.54
2021/10/19,25.79,26.29,26.29,25.79,-1.38,0.54,屎v0忑.警,忑,y戊↘忑-36.Z-6,跌.尾连WW.W4,9妩.__Aa龙猪._主,,-6,-39,-82,NA,,空长,0,-3.2,1.8,,
,-257,4,0.23
2021/10/20,25.53,25.8,25.85,25.48,-1.01,0.23,屎v0忑.警,忑,y戊↘忑-37.Z-7,跌.尾连WW.W5,9妩.__Aa龙猪._主,,-7,-40,-83,NA,,空长,-0.9,-3.6,2.5,,
,-433,5,0.55
2021/10/21,25.03,25.54,25.67,24.98,-1.96,0.55,屎v0忑.警,忑,y戊↘忑-38.Z-8,跌.尾连WW.W6,9妩.__Aa龙猪._主,,-8,-41,-84,NA,,空长,-0.5,-4.2,3.7,,
,-357,7,1.08
2021/10/22,24.57,25.03,25.3,24.41,-1.84,1.08,屎v0忑.警,忑,y戊↘忑-39.Z-9,跌.尾连WW.W7,9妩.__Aa龙猪._主,,-9,-42,-85,NA,,空长,-0.7,-4.9,3.9,,
,-170,8,0.94
2021/10/25,24.77,24.57,24.8,24.42,0.81,0.94,屎v0忑.警,忑,y戊↘忑-40.Z-10,跌.尾反孕Wo,9妩.__Aa龙猪._主,,-10,-43,-86,NA,,空长,-1.7,-5.2,4.2,,
,87,8,2.5
2021/10/26,24.91,24.55,25.39,24.54,0.57,2.5,屎v0忑.警,忑,y戊↘忑-41.Z-11,升.尾连oQ.Q2,7姗.__Bb龙管杂._主,,-11,-44,-87,NA,,空长,1.1,-5.2,2.9,,
,23,6,1.08
2021/10/27,24.03,24.57,25.18,23.96,-3.53,1.08,屎v0忑.警,忑,y戊↘忑-42.Z-12,(升)人.连后吞QV,7姗.__Bb龙管杂._主,,-12,-45,-88,NA,,空长,1.3,-5.6,3.3,,
,-326,7,-0.25
2021/10/28,23.02,23.97,23.97,22.93,-4.2,-0.25,屎v0忑.警,忑,y戊↘忑-43.Z-13,跌.尾连VW.W2,7姗.__Bb龙管杂._主,,-13,-46,-89,NA,,空长,-1.7,-6.6,4.1,,
,0,11,2.17
2021/10/29,23.37,23.02,23.52,22.99,1.52,2.17,屎v0忑.警,忑,y戊↘忑-44.Z-14,跌.尾反孕Wo,7姗.__Bb龙管杂._主,,-14,-47,-90,NA,,空长,-2.2,-7.2,5.6,,
,70,11,1.75
2021/11/1,23.63,23.45,23.78,23.29,1.11,1.75,屎v0忑.警,忑,y戊↘忑-45.Z-15,升.尾连oQ.Q2,7姗.__Bb龙管杂._主,,-15,-48,-91,NA,,空长,-0.4,-7.2,6.3,,
,63,11,2.12
2021/11/2,23.48,23.64,24.13,23.26,-0.63,2.12,屎v0忑.警,忑,y戊↘忑-46.Z-16,升.尾反孕Qv,7姗.__Fa震正〇._主,,-16,-49,-92,NA,,空长,1.6,-7.1,6,,
,-30,10,1.32
2021/11/3,23.55,23.48,23.79,23.33,0.3,1.32,屎v0忑.警,忑,y戊↘忑-47.Z-17,(升)人.孕孕vo,7姗.__Fa震正〇._主,,-17,-50,-93,NA,,空长,0.4,-6.8,1.9,,
,23,5,3.27
2021/11/4,24.2,23.55,24.32,23.41,2.76,3.27,屎v1忑.警,忑,y戊↘忠-48.I,升.尾连oQ.Q2,4蛀.__Fe震正根._主,,1,-51,-94,NA,,空长,2.3,-6.1,2.3,,
,84,6,0.91
2021/11/5,24.2,23.99,24.42,23.99,0,0.91,屎v1忑.警,忑,y戊↘忠-49.B2,升.尾连QQ.Q3,4蛀.__Fe震正根._主,,2,-52,-95,NA,,空长,2.2,-5.3,2.2,,
,0,5,2.11
2021/11/8,24.16,24.71,24.71,24,-0.17,2.11,屎v1忑.警,忑,y戊↘忠-50.B3,升.尾反孕Qv,4蛀.__Fe震正根._主,,3,-53,-96,NA,,空长,3,-4.6,3,,
,-8,6,1.86
2021/11/9,24.44,24.07,24.61,24.07,1.16,1.86,屎v2忑,忑,r己↗忐-51.A4,(升)人.孕孕vo,0橅.__Fe震正根.储,,4,-54,-97,NA,,空长,2.1,-3.9,2.5,,
,62,6,1.39
2021/11/10,24.72,24.51,24.78,24.26,1.15,1.39,屎v2忑,忑,r己↗忐-52.A5,升.尾连oQ.Q2,0橅.__Fe震正根.储,,5,-55,-98,NA,,空长,2.1,-3.1,2.1,,
,82,6,3.48
2021/11/11,25.25,24.72,25.58,24.57,2.14,3.48,屎v3忑,忑,a甲↗上1.A6,升.尾连QQ.Q3,0橅.__Ff震负.储,,6,-56,-99,NA,,空长,4.3,-2.1,4.3,,
,62,7,1.66
2021/11/12,25.55,25.21,25.67,25.03,1.19,1.66,屎V5忠.盈,忠,a甲↗上2.A7,升.尾连QQ.Q4,0橅.Aa龙猪.储,a连4,7,1,-100,NA,,空长,3.5,-1.1,3.5,2,
2,71,7,2.62
2021/11/15,26.04,25.31,26.22,25.31,1.92,2.62,屎V5忠.盈,忠,a甲↗上3.A8,升.尾连QQ.Q5,0橅.Aa龙猪.初,a连5,8,2,-101,NA,,空长,4.3,0.1,4.3,4,
4,73,9,0.46
2021/11/16,25.58,26.16,26.16,25.55,-1.77,0.46,屎V5忠,忠,a甲↗上4.A9,升.尾反孕Qv,0橅.Aa龙猪.初,,9,3,-102,NA,,空长,3.3,0.6,3.6,4,
4,-383,8,2.31
2021/11/17,25.9,25.56,26.17,25.48,1.25,2.31,屎V5忠,忠,a甲↗上5.A10,(升)人.孕孕vo,0橅.Aa龙猪.初,,10,4,-103,NA,,空长,2.7,1.1,2.9,3,
3,54,7,0.62
2021/11/18,25.41,25.74,26.06,25.34,-1.89,0.62,屎V5忠,忠,a甲↗上6.A11,跌.尾吞oV,1柜.Fa震正〇.初,,11,5,-104,NA,,空长,2.2,1,2.8,3,
3,-306,5,3.23
2021/11/19,26.02,25.45,26.23,25.41,2.4,3.23,屎V5忠.盈,忠,a甲↗上7.A12,(跌)人.吞吞oVO,1柜.Aa龙猪.初,a,12,6,-105,NA,,空长,2.4,1.3,2.4,3,
3,74,4,0.77
2021/11/22,26,25.82,26.22,25.8,-0.08,0.77,屎V5忠,忠,a甲↗上8.A13,(跌)人.吞吞oVOv,1柜.Aa龙猪.初,,13,7,-106,NA,,空长,1.9,1.6,1.9,3,
3,-10,4,1.69
2021/11/23,26.28,25.98,26.44,25.96,1.08,1.69,屎V5忠.盈,忠,a甲↗上9.A14,升.尾吞vO,1柜.Aa龙猪.初,a,14,8,-107,NA,,空长,2.2,1.9,2.2,4,
4,64,4,2.02
2021/11/24,26.7,26.46,26.81,26.2,1.6,2.02,屎V6忐.盈,忐,a甲↗上10.A15,升.尾连OQ.Q2,0橅.Aa龙猪.初,a,15,9,-108,NA,,空看,2.7,2.4,2.7,5,
5,79,6,2.73
2021/11/25,27.02,26.71,27.43,26.54,1.2,2.73,屎V6忐.盈,忐,a甲↗上11.A16,升.尾连QQ.Q3,0橅.Aa龙猪.初,a连3,16,10,-109,NA,,空看,4.1,3,4.1,7,
7,44,8,0
2021/11/26,26.36,27.02,27.02,26.32,-2.44,0,屎V6忐,忐,a甲↗上12.A17,(升)人.连后吞QV,1柜.Aa龙猪.主,,17,11,-110,NA,,空看,2.3,2.9,3.9,6,
6,0,6,1.33
2021/11/29,26.33,25.91,26.71,25.59,-0.11,1.33,屎V5忠,忠,b乙→中13.Y,跌.尾连VW.W2,5蛀.Be龙管根.主,,-1,12,-111,NA,,空长,1.2,2.7,3.9,6,
6,-9,7,1.75
2021/11/30,26.79,26.51,26.79,26.13,1.75,1.75,屎V6忐,忐,b乙↗上14.I暂,(跌)人.连后吞WO,4暂.Fd震正芽.主,,1,13,-112,NA,,空看,1.1,2.8,3.6,6,
6,100,7,1.01
2021/12/1,26.93,26.67,27.06,26.49,0.52,1.01,屎V6忐,忐,b乙↗上15.B2暂,升.尾连OQ.Q2,4暂.Fd震正芽.主,,2,14,-113,NA,,空看,1.7,2.9,3.1,6,
6,52,7,0.74
2021/12/2,26.4,26.95,27.13,26.4,-1.97,0.74,屎V6忐.盈,忐,b乙→中16.Y暂,(升)人.连后吞QV,5暂.Fe震正根.主,雀,-1,15,-114,NA,,空看,2.1,2.6,2.1,4,
5,-265,6,0.87
2021/12/3,26.3,26.42,26.63,26.18,-0.38,0.87,屎V5忠,忠,b乙→中17.Z-2暂,跌.尾连VW.W2,5暂.Fe震正根.主,,-2,16,-115,NA,,空长,0.4,2.2,2.3,4,
5,-43,6,-0.42
2021/12/6,25.26,26.18,26.19,25.25,-3.95,-0.42,屎v4忑.被,忑,c丙↘下18.Z-3暂,跌.尾连WW.W3,5暂.__Df头负._破,,-3,-1,-116,NA,,空长,-0.1,1.2,3.5,,
,0,7,2.57
2021/12/7,24.95,25.91,25.91,24.82,-1.23,2.57,屎v4忑.警,忑,z丁↘忑-1.Z-4,跌.尾连WW.W4,9妩.__Aa龙猪._破,,-4,-2,-117,NA,,空长,0.1,0,4.9,,
,-48,9,1.92
2021/12/8,25.06,25.28,25.43,24.83,0.44,1.92,屎v4忑.警,忑,z丁↘忑-2.Z-5,跌.尾反孕Wo,9妩.__Aa龙猪._初,,-5,-3,-118,NA,,空长,-0.7,-0.7,5.9,,
,23,9,0.84
2021/12/9,25.06,25.06,25.27,24.8,0,0.84,屎v4忑.警,忑,z丁↘忑-3.Z-6,升.尾连oQ.Q2,7姗.__Bb龙管杂._初,,-6,-4,-119,NA,,空长,-0.6,-1.2,4.7,,
,0,7,1.64
2021/12/10,25.41,25.06,25.47,24.86,1.4,1.64,屎v0忑.警,忑,z丁↘忑-4.Z-7,升.尾连QQ.Q3,6娝.__Bc龙管栅._初,,-7,-5,-120,NA,,空长,0.3,-1.3,3.2,,
,85,6,0.55
2021/12/13,25.02,25.41,25.55,24.89,-1.53,0.55,屎v0忑.警,忑,z丁↘忑-5.Z-8,(升)人.连后吞QV,6娝.__Bc龙管栅._初,,-8,-6,-121,NA,,空长,1,-1.5,2.4,,
,-279,4,3
2021/12/14,25.53,25.01,25.77,24.81,2.04,3,屎v1忑.警,忑,y戊↘忠-6.I,(人)人.吞吞* VO,4蛀.__Fe震正根._初,,1,-7,-122,NA,,空长,1.7,-1.3,1.7,,
,68,4,0.82
2021/12/15,25.44,25.53,25.74,25.34,-0.35,0.82,屎v1忑.警,忑,y戊↘忠-7.B2,(人)人.吞吞* VO,4蛀.__Fe震正根._初,,2,-8,-123,NA,,空长,1.5,-1.1,1.6,,
,-43,4,0.43
2021/12/16,25.54,25.29,25.55,25.13,0.39,0.43,屎v1忑.警,忑,y戊↘忠-8.B3,升.尾吞vO,4蛀.__Fe震正根._主,,3,-9,-124,NA,,空长,0.6,-0.9,1.4,,
,91,4,2.47
2021/12/17,25.82,25.48,26.17,25.22,1.1,2.47,屎V5忠.盈,忠,r己↗忐-9.A4,升.尾连OQ.Q2,0橅.Df头负.储,雀,4,1,-125,NA,,空长,2.6,-0.5,2.6,2,
2,44,5,1.7
2021/12/20,25.97,25.82,26.26,25.53,0.58,1.7,屎V5忠.盈,忠,a甲↗上1.A5,升.尾连QQ.Q3,0橅.Aa龙猪.储,a连3,5,2,-126,NA,,空长,2.4,-0.1,2.4,2,
2,34,6,1.04
2021/12/21,26.15,25.97,26.24,25.85,0.69,1.04,屎V5忠.盈,忠,a甲↗上2.A6,升.尾连QQ.Q4,0橅.Aa龙猪.初,连4,6,3,-127,NA,,空长,1.8,0.4,1.9,2,
2,67,4,2.94
2021/12/22,26.9,26.15,26.92,26.03,2.87,2.94,屎V6忐.盈,忐,a甲↗上3.A7,升.尾连QQ.Q5,0橅.Aa龙猪.初,a连5,7,4,-128,NA,,空看,3.3,1.2,3.3,4,
4,97,7,-0.11
2021/12/23,26.4,26.87,26.87,26.09,-1.86,-0.11,屎V6忐,忐,a甲↗上4.A8,升.尾反孕Qv,0橅.Aa龙猪.初,,8,5,-129,NA,,空看,2.6,1.5,2.8,4,
4,0,7,-0.08
2021/12/24,25.99,26.38,26.38,25.69,-1.55,-0.08,屎V5忠,忠,b乙→中5.Y,跌.尾连vW.W2,5蛀.Be龙管根.初,,-1,6,-130,NA,,空长,0.8,1.4,2.8,4,
4,0,5,1.42
2021/12/27,26.09,25.81,26.36,25.79,0.38,1.42,屎V5忠,忠,b乙→中6.Z-2,跌.尾反孕Wo,5蛀.Fe震正根.主,,-2,7,-131,NA,,空长,0.8,1.2,2.9,4,
4,27,5,2.07
2021/12/28,26.25,26.45,26.63,26.1,0.61,2.07,屎V6忐,忐,b乙↗上7.I暂,升.尾连oQ.Q2,4暂.Fd震正芽.主,,1,8,-132,NA,,空看,1.7,1.1,2.9,4,
4,30,5,1.18
2021/12/29,26.19,26.1,26.56,26,-0.23,1.18,屎V6忐,忐,b乙↗上8.B2暂,(升)人.连后吞QV,4暂.Fd震正芽.主,,2,9,-133,NA,,空看,1.5,1.1,2.6,3,
3,-19,5,3.25
2021/12/30,26.75,26.4,27.04,26.06,2.14,3.25,屎V6忐.盈,忐,b乙↗上9.B3暂,(人)人.吞吞* VO,4暂.Aa龙猪.主,a,3,10,-134,NA,,空看,2.8,1.4,2.8,4,
4,66,5,1.27
2021/12/31,26.76,26.95,27.09,26.64,0.04,1.27,屎V6忐.盈,忐,b乙↗上10.A4,升.尾连OQ.Q2,1柜.Aa龙猪.主,a,4,11,-135,NA,,空看,2.5,1.7,2.5,4,
4,3,5,1.35
2022/1/4,27.07,26.76,27.12,26.62,1.16,1.35,屎V6忐.盈,忐,b乙↗上11.A5,升.尾连QQ.Q3,1柜.Aa龙猪.主,a连3,5,12,-136,NA,,空看,1.9,2,1.9,4,
4,86,4,0.3
2022/1/5,26.51,27.12,27.15,26.29,-2.07,0.3,屎V6忐.盈,忐,b乙↗上12.A6,(升)人.连后吞QV,1柜.Aa龙猪.主,a,6,13,-137,NA,,空看,2,1.9,2,3,
3,-700,4,3.62
2022/1/6,27.34,26.39,27.47,26.32,3.13,3.62,屎V6忐.盈,忐,b乙↗上13.A7,(人)人.吞吞* VO,1柜.Aa龙猪.主,a,7,14,-138,NA,,空看,2.6,2.3,2.6,4,
4,86,5,1.02
2022/1/7,27.02,27.31,27.62,26.97,-1.17,1.02,屎V6忐.盈,忐,b乙↗上14.A8,(人)人.吞吞* VO,1柜.Aa龙猪.主,a,8,15,-139,NA,,空看,2.8,2.4,2.8,5,
5,-114,5,2.96
2022/1/10,27.42,27.31,27.82,26.67,1.48,2.96,屎V7上.盈,上,b乙↗上15.A9,升.尾吞vO,1柜.Aa龙猪.主,a,9,16,-140,NA,,空看,3,2.6,3,5,
5,50,6,6.16
2022/1/11,29,27.52,29.11,27.3,5.76,6.16,屎E0上.盈,上,b乙↗上16.A10,升.尾连OQ.Q2,0橅.Aa龙猪.主,a高,10,17,1,持主,,多被,5.9,3.8,5.9,9,
9,93,11,8.76
2022/1/12,29.74,29.2,31.54,29.2,2.55,8.76,屎E0上.盈,上,b乙↗上17.A11,升.尾连QQ.Q3,0橅.Aa龙猪.主,a连3高,11,18,2,持主,,多被,12.3,5.2,12.3,18,
18,29,20,2.12
2022/1/13,29.08,29.07,30.37,28.89,-2.22,2.12,屎E0上.盈,上,b乙↗上18.A12,(升)人.连后吞QV,1柜.Aa龙猪.主,偏,12,19,3,持主,,多被,6.8,5.8,10.9,17,
17,-105,18,4.4
2022/1/14,29.57,29.16,30.36,28.93,1.69,4.4,唏E0上,上,b乙↗上19.A13,(人)人.吞吞* VO,1柜.Aa龙猪.主,,13,20,4,持主,,多被,5.5,6.3,9.6,16,
16,38,18,2
2022/1/17,29.93,29.3,30.16,28.51,1.22,2,唏E0上,上,b乙↗上20.A14,升.尾连OQ.Q2,1柜.Fa震正〇.主,,14,21,5,持主,,多被,3.6,6.7,8.4,15,
15,61,16,1.04
2022/1/18,28.3,30.24,30.24,28.01,-5.45,1.04,唏E2上,上,b乙→中21.Y,(升)人.连后吞QV,5蛀.Fe震正根.主,,-1,22,6,持被,,多被,4.3,5.9,8.8,15,
15,-526,13,1.63
2022/1/19,28.4,28.11,28.76,28.11,0.35,1.63,唏E2上,上,b乙→中22.Z-2,(升)人.连后吞QVo,5蛀.Fe震正根.主,,-2,23,7,持被,,多被,-0.3,5,5.3,10,
14,22,8,1.55
2022/1/20,26.72,28.84,28.84,26.66,-5.92,1.55,唏V8中.被,中,c丙↘下23.Z-3,跌.尾吞oV,5蛀.__Df头负._破,,-3,-1,-1,NA,,空看,1.8,3.2,7.1,,
,-382,14,1.57
2022/1/21,26.49,26.68,27.14,26.33,-0.86,1.57,屎v9下.警,下,z丁↘忑-1.Z-4,跌.尾连VW.W2,9妩.__Aa龙猪._破,,-4,-2,-2,NA,,空长,-2.4,1.5,8.7,,
,-55,15,1.13
2022/1/24,26.39,26.66,26.79,26.23,-0.38,1.13,屎v9下.警,下,z丁↘忑-2.Z-5,跌.尾连WW.W3,9妩.__Aa龙猪._破,,-5,-3,-3,NA,,空长,-2.2,0.2,10.4,,
,-33,15,0.83
2022/1/25,25.08,26.56,26.61,25,-4.96,0.83,屎v9下.警,下,z丁↘忑-3.Z-6,跌.尾连WW.W4,9妩.__Aa龙猪._初,,-6,-4,-4,NA,,空长,-0.6,-1.6,7.7,,
,-595,15,2.07
2022/1/26,25.12,25.41,25.6,25.03,0.16,2.07,屎v9下.警,下,z丁↘忑-4.Z-7,跌.尾反孕Wo,9妩.__Aa龙猪._初,,-7,-5,-5,NA,,空长,-2.6,-2.9,9.8,,
,8,15,0.6
2022/1/27,24.15,25.27,25.27,24.06,-3.86,0.6,屎v9下.警,下,z丁↘忑-5.Z-8,跌.尾吞oV,9妩.__Aa龙猪._初,,-8,-6,-6,NA,,空长,-1.6,-4.4,5.7,,
,-647,13,2.65
2022/1/28,24.49,24.17,24.79,24.17,1.41,2.65,屎v9下.警,下,z丁↘忑-6.Z-9,跌.尾反孕oVo,9妩.__Aa龙猪._初,,-9,-7,-7,NA,,空长,-2,-5.3,5.9,,
,53,11,9.55
2022/2/7,26.2,25.57,26.83,24.67,6.98,9.55,屎v9下.警,下,y戊↘忠-7.I,升.尾连oQ.Q2,4蛀.__Be龙管根._初,,1,-8,-8,NA,,空长,5.6,-4.6,5.6,,
,73,12,0.95
2022/2/8,26.01,26.13,26.45,25.71,-0.73,0.95,屎v1忑.警,忑,y戊↘忠-8.B2,升.尾反孕Qv,4蛀.__Fe震正根._初,,2,-9,-9,NA,,空长,3.5,-3.8,4.9,,
,-76,12,2.65
2022/2/9,26.09,26.7,26.7,25.81,0.31,2.65,屎v1忑.警,忑,y戊↘忠-9.B3,(升)人.孕孕vo,4蛀.__Fe震正根._主,,3,-10,-10,NA,,空长,3.8,-3,4.3,,
,12,12,1.15
2022/2/10,25.88,26.37,26.39,25.58,-0.8,1.15,屎v1忑.警,忑,y戊↘忠-10.A4,跌.尾吞oV,1柜.__Fe震正根._主,,4,-11,-11,NA,,空长,2.3,-2.6,4,,
,-70,11,0.35
2022/2/11,25.6,25.97,25.97,25.04,-1.08,0.35,屎v0忑.警,忑,y戊↘忑-11.Y,跌.尾连VW.W2,5蛀.__Fa震正〇._主,,-1,-12,-12,NA,,空长,0.8,-2.5,4.1,,
,-311,9,0.35
2022/2/14,25.18,25.69,25.69,24.9,-1.64,0.35,屎v0忑.警,忑,y戊↘忑-12.Z-2,跌.尾连WW.W3,5蛀.__Fa震正〇._主,,-2,-13,-13,NA,,空长,0.2,-2.7,4.2,,
,-467,7,1.55
2022/2/15,25.28,25.1,25.57,25.05,0.4,1.55,屎v0忑.警,忑,y戊↘忑-13.Z-3,跌.尾反孕Wo,5蛀.__Fa震正〇._主,,-3,-14,-14,NA,,空长,0.2,-2.9,4.6,,
,26,7,3.88
2022/2/16,26.04,25.45,26.26,25.36,3.01,3.88,屎v1忑.警,忑,y戊↘忠-14.I暂,升.尾连oQ.Q2,4暂.__Fe震正根._主,,1,-15,-15,NA,,空长,2.5,-2.4,3,,
,78,6,5.65
2022/2/17,27.27,25.89,27.51,25.8,4.72,5.65,屎V6忐.盈,忐,a甲↗上1.B2暂,升.尾连QQ.Q3,4暂.Aa龙猪.储,a连3高,2,1,-16,NA,,空看,5.8,-1,5.8,4,
4,84,10,-0.11
2022/2/18,26.73,26.89,27.24,26.63,-1.98,-0.11,屎V6忐,忐,a甲↗上2.B3暂,升.尾反孕Qv,4暂.Aa龙猪.储,,3,2,-17,NA,,空看,3.8,-0.2,4.8,4,
4,0,10,2.54
2022/2/21,27.31,26.73,27.41,26.51,2.17,2.54,屎V6忐,忐,a甲↗上3.A4,升.尾吞vO,0橅.Aa龙猪.初,,4,3,-18,NA,,空看,3.3,0.6,3.7,4,
4,85,10,3.52
2022/2/22,27.62,27.22,28.27,26.76,1.14,3.52,屎E9忐.盈,忐,a甲↗上4.A5,升.尾连OQ.Q2,0橅.Aa龙猪.初,a,5,4,1,持主,,多被,5.3,1.5,5.3,6,
6,32,11,1.48
2022/2/23,27.81,27.44,28.03,27.43,0.69,1.48,屎E9忐.盈,忐,a甲↗上5.A6,升.尾连QQ.Q3,0橅.Aa龙猪.初,连3,6,5,2,持主,,多被,3.3,2.2,4.2,6,
6,46,10,2.77
2022/2/24,27.68,27.76,28.58,26.76,-0.47,2.77,屎E0上.盈,上,a甲↗上6.A7,升.尾反孕Qv,0橅.Aa龙猪.初,a,7,6,3,持主,,多被,4.6,2.6,4.6,7,
7,-17,8,0.87
2022/2/25,27.73,27.73,27.92,27.37,0.18,0.87,屎E0上,上,a甲↗上7.A8,(升)人.孕孕vo,0橅.Aa龙猪.初,,8,7,4,持主,,多被,1.7,2.8,4.1,7,
7,21,8,-0.11
2022/2/28,27.38,27.7,27.7,26.94,-1.26,-0.11,屎E0上,上,a甲↗上8.A9,跌.尾吞oV,1柜.Aa龙猪.初,,9,8,5,持主,,多被,0.9,2.6,4.1,6,
6,0,7,2.3
2022/3/1,27.77,27.36,28.01,27.05,1.42,2.3,屎E0上,上,a甲↗上9.A10,(跌)人.吞吞oVO,1柜.Fa震正〇.主,,10,9,6,持主,,多被,1.7,2.6,3.8,6,
6,62,7,2.7
2022/3/2,27.89,27.87,28.52,27.43,0.43,2.7,屎E0上,上,a甲↗上10.A11,升.尾连OQ.Q2,1柜.Fa震正〇.主,,11,10,7,持主,,多被,3.2,2.7,3.4,6,
6,16,7,1.43
2022/3/3,27.35,28.28,28.29,27.28,-1.94,1.43,屎E2上,上,b乙→中11.Y,(升)人.连后吞QV,5蛀.Fe震正根.主,,-1,11,8,持被,,多被,2.5,2.4,3.4,5,
6,-135,6,1.61
2022/3/4,26.9,26.36,27.79,26.36,-1.65,1.61,屎V7上.被,上,c丙↘下12.Z-2,跌.尾连VW.W2,5蛀.Fe震正根.破,,-2,12,-1,NA,,空看,1.3,1.7,4,5,
6,-102,8,1.19
2022/3/7,26.26,27.22,27.22,26.18,-2.38,1.19,屎v9下.警,下,z丁↘忑-1.Z-3,跌.尾连WW.W3,5蛀.__Aa龙猪._破,,-3,-1,-2,NA,,空长,0.3,0.7,5.1,,
,-200,9,1.07
2022/3/8,25.26,26.02,26.54,25.11,-3.81,1.07,屎v9下.警,下,z丁↘忑-2.Z-4,跌.尾连WW.W4,9妩.__Aa龙猪._初,,-4,-2,-3,NA,,空长,-0.4,-0.7,7,,
,-357,14,1.7
2022/3/9,24.62,25.69,25.69,23.89,-2.53,1.7,屎v9下.警,下,z丁↘忑-3.Z-5,跌.尾连WW.W5,9妩.__Aa龙猪._初,,-5,-3,-4,NA,,空长,-1.5,-2.3,8.4,,
,-149,18,3.86
2022/3/10,24.92,25.31,25.57,24.81,1.22,3.86,屎v0忑.警,忑,z丁↘忑-4.Z-6,跌.尾反孕Wo,9妩.__Aa龙猪._初,,-6,-4,-5,NA,,空长,-0.5,-3.2,8.1,,
,32,16,2.33
2022/3/11,25.41,24.91,25.5,24.37,1.97,2.33,屎v0忑.警,忑,z丁↘忑-5.Z-7,升.尾连oQ.Q2,7姗.__Bb龙管杂._初,,-7,-5,-6,NA,,空长,-0.2,-3.5,6.5,,
,84,14,2.24
2022/3/14,25.29,23.12,25.98,23.12,-0.47,2.24,屎v0忑.警,忑,z丁↘忑-6.Z-8,升.尾反孕Qv,7姗.__Bb龙管杂._初,,-8,-6,-7,NA,,空长,2,-3.5,4.2,,
,-21,15,-1.11
2022/3/15,23.72,23.93,25.01,23.72,-6.21,-1.11,屎v0忑.警,忑,z丁↘忑-7.Z-9,跌.尾连vW.W2,7姗.__Bb龙管杂._主,,-9,-7,-8,NA,,空长,-0.2,-4.5,3.7,,
,0,12,2.36
2022/3/16,24.23,23.95,24.28,23.1,2.15,2.36,屎v0忑.警,忑,z丁↘忑-8.Z-10,(跌)人.连后吞WO,7姗.__Bb龙管杂._主,,-10,-8,-9,NA,,空长,-2,-5,4.8,,
,91,12,4.58
2022/3/17,24.67,24.23,25.34,24.23,1.82,4.58,屎v0忑.警,忑,z丁↘忑-9.Z-11,升.尾连OQ.Q2,7姗.__Bb龙管杂._主,,-11,-9,-10,NA,,空长,2.6,-4.9,5.2,,
,40,12,2.88
2022/3/18,25.13,24.92,25.38,24.61,1.86,2.88,屎v1忑.警,忑,y戊↘忠-10.I,升.尾连QQ.Q3,4蛀.__Be龙管根._主,,1,-10,-11,NA,,空长,2.5,-4.3,4.9,,
,65,12,2.59
2022/3/21,25.78,25.14,25.78,25.14,2.59,2.59,屎v2忑,忑,r己↗忐-11.B2,升.尾连QQ.Q4,4蛀.__Fe震正根.储,,2,-11,-12,NA,,空长,3.1,-3.3,3.1,,
,100,12,-0.5
2022/3/22,25.14,25.65,25.65,25.1,-2.48,-0.5,屎v1忑.警,忑,y戊↘忠-12.B3,升.尾反孕Qv,4蛀.__Fe震正根._再B,,3,-12,-13,NA,,空长,2.2,-2.8,2.7,,
,0,12,1.19
2022/3/23,25.11,24.59,25.44,24.59,-0.12,1.19,屎v1忑.警,忑,y戊↘忠-13.A4,跌.尾连vW.W2,2栅.__Fe震正根._再B,,4,-13,-14,NA,,空长,1.3,-2.5,2.6,,
,-10,6,0.28
2022/3/24,24.37,25.18,25.18,24.19,-2.95,0.28,屎v0忑.警,忑,y戊↘忑-14.Y,跌.尾连WW.W3,5蛀.__Fa震正〇._再B,,-1,-14,-15,NA,,空长,0.9,-2.8,3.3,,
,-1057,7,2.42
2022/3/25,24.3,24.37,24.96,24.18,-0.29,2.42,屎v0忑.警,忑,y戊↘忑-15.Z-2,跌.尾连WW.W4,5蛀.__Fa震正〇._再B,,-2,-15,-16,NA,,空长,0.8,-3.2,4.1,,
,-12,7,0.82
2022/3/28,24.3,24.06,24.5,23.77,0,0.82,屎v0忑.警,忑,y戊↘忑-16.Z-3,跌.尾反孕Wo,5蛀.__Fa震正〇._再B,,-3,-16,-17,NA,,空长,-0.5,-3.4,4.1,,
,0,8,2.14
2022/3/29,24.08,24.4,24.82,23.8,-0.91,2.14,屎v0忑.警,忑,y戊↘忑-17.Z-4,(跌)人.孕孕ov,9妩.__Fa震正〇._主,,-4,-17,-18,NA,,空长,1.4,-3.6,3.9,,
,-42,7,3.7
2022/3/30,24.22,24.08,24.97,23.74,0.58,3.7,屎v0忑.警,忑,y戊↘忑-18.Z-5,(人)人.孕孕vo,9妩.__Aa龙猪._主,,-5,-18,-19,NA,,空长,2.4,-3.7,3.3,,
,16,6,3.1
2022/3/31,24.62,24.53,24.97,24.2,1.65,3.1,屎v1忑.警,忑,y戊↘忠-19.I,升.尾连oQ.Q2,4蛀.__Be龙管根._主,,1,-19,-20,NA,,空长,2.3,-3.3,2.3,,
,53,5,1.22
2022/4/1,24.39,23.87,24.92,23.75,-0.93,1.22,屎v1忑.警,忑,y戊↘忠-20.B2,(升)人.连后吞QV,4蛀.__Be龙管根._主,,2,-20,-21,NA,,空长,2.1,-3,2.3,,
,-77,5,3.73
2022/4/6,25.12,24.76,25.3,24.41,2.99,3.73,屎v2忑,忑,r己↗忐-21.B3,(人)人.吞吞* VO,4蛀.__Fe震正根.储,,3,-21,-22,NA,,空长,3,-2.3,3,,
,80,7,-0.4
2022/4/7,24.16,25.02,25.02,24.16,-3.82,-0.4,屎v0忑.警,忑,y戊↘忑-22.Y暂,(人)人.吞吞* OV,5暂.__Fa震正〇._再B,,-1,-22,-23,NA,,空长,2.1,-2.3,3.2,,
,0,7,0.21
2022/4/8,23.5,24.16,24.21,23.32,-2.73,0.21,屎v0忑.警,忑,y戊↘忑-23.Z-2暂,跌.尾连VW.W2,5暂.__Aa龙猪._再B,,-2,-23,-24,NA,,空长,-0.3,-2.9,4.2,,
,-1320,8,0.64
2022/4/11,23.09,23.6,23.65,22.76,-1.74,0.64,屎v0忑.警,忑,y戊↘忑-24.Z-3暂,跌.尾连WW.W3,5暂.__Aa龙猪._再B,,-3,-24,-25,NA,,空长,-1.3,-3.7,5.6,,
,-273,11,1.47
2022/4/12,23.36,22.76,23.43,22.76,1.17,1.47,屎v0忑.警,忑,y戊↘忑-25.Z-4,跌.尾反孕Wo,9妩.__Aa龙猪._再B,,-4,-25,-26,NA,,空长,-1.4,-4.1,6.5,,
,79,11,-0.51
2022/4/13,22.76,23.24,23.24,22.4,-2.57,-0.51,屎v0忑.警,忑,y戊↘忑-26.Z-5,(跌)人.孕孕ov,9妩.__Aa龙猪._主,,-5,-26,-27,NA,,空长,-1.1,-4.7,6.5,,
,0,12,3.87
2022/4/14,23.1,23.07,23.64,22.76,1.49,3.87,屎v0忑.警,忑,y戊↘忑-27.Z-6,(人)人.孕孕vo,9妩.__Aa龙猪._主,,-6,-27,-28,NA,,空长,1.3,-4.8,3.7,,
,39,8,2.08
2022/4/15,22.71,23.58,23.58,22.43,-1.69,2.08,屎v0忑.警,忑,y戊↘忑-28.Z-7,跌.尾吞oV,9妩.__Aa龙猪._主,,-7,-28,-29,NA,,空长,1.8,-5,2.1,,
,-81,6,4.27
2022/4/18,23.31,22.61,23.68,22.39,2.64,4.27,屎v0忑.警,忑,y戊↘忑-29.Z-8,跌.尾反孕oVo,9妩.__Aa龙猪._主,,-8,-29,-30,NA,,空长,2.2,-4.7,2.2,,
,62,6,1.07
2022/4/19,22.92,22.86,23.56,22.86,-1.67,1.07,屎v0忑.警,忑,y戊↘忑-30.Z-9,(跌)人.孕孕ov,9妩.__Aa龙猪._主,,-9,-30,-31,NA,,空长,2,-4.5,2.5,,
,-156,6,1.79
2022/4/20,22.66,23.32,23.33,22.52,-1.13,1.79,屎v0忑.警,忑,y戊↘忑-31.Z-10,跌.尾连vW.W2,9妩.__Aa龙猪._主,,-10,-31,-32,NA,,空长,1.5,-4.6,3,,
,-63,6,1.28
2022/4/21,21.93,22.95,22.95,21.93,-3.22,1.28,屎v0忑.警,忑,y戊↘忑-32.Z-11,跌.尾连WW.W3,9妩.__Aa龙猪._主,,-11,-32,-33,NA,,空长,1,-5.1,4.2,,
,-252,8,0.91
2022/4/22,21.36,21.48,22.13,21.18,-2.6,0.91,屎v0忑.警,忑,y戊↘忑-33.Z-12,跌.尾连WW.W4,9妩.__Aa龙猪._主,,-12,-33,-34,NA,,空长,-1.1,-6,5.9,,
,-285,12,-1.54
2022/4/25,19.92,20.98,21.03,19.78,-6.74,-1.54,屎v0忑.警,忑,y戊↘忑-34.Z-13,跌.尾连WW.W5,9妩.__Aa龙猪._主,,-13,-34,-35,NA,,空长,-3.3,-7.6,8.3,,
,0,19,-0.05
2022/4/26,18.39,19.61,19.91,17.23,-7.68,-0.05,屎v0忑.警,忑,y戊↘忑-35.Z-14,跌.尾连WW.W6,9妩.__Aa龙猪._主,,-14,-35,-36,NA,,空长,-4.6,-10.1,11.8,,
,0,35,3.05
2022/4/27,18.6,18.21,18.95,17.5,1.14,3.05,屎v0忑.警,忑,y戊↘忑-36.Z-15,跌.尾反孕Wo,9妩.__Aa龙猪._主,,-15,-36,-37,NA,,空长,-6,-11.9,13.8,,
,38,33,2.1
2022/4/28,18.6,18.16,18.99,18.08,0,2.1,屎v0忑.警,忑,y戊↘忑-37.Z-16,升.尾连oQ.Q2,7姗.__Bb龙管杂._主,,-16,-37,-38,NA,,空长,-3.4,-12.9,12.6,,
,0,28,5.54
2022/4/29,19.25,19.63,19.63,18.66,3.49,5.54,屎v0忑.警,忑,y戊↘忑-38.Z-17,升.尾连QQ.Q3,6娝.__Fa震正〇._主,,-17,-38,-39,NA,,空长,0.9,-12.8,8.1,,
,63,22,6.13
2022/5/5,19.95,18.87,20.43,18.8,3.64,6.13,屎v1忑.警,忑,y戊↘忠-39.I,升.尾连QQ.Q4,4蛀.__Fe震正根._主,,1,-39,-40,NA,,空长,4.7,-11.7,4.7,,
,59,19,5.16
2022/5/6,20.34,19.34,20.98,19.34,1.95,5.16,屎v1忑.警,忑,y戊↘忠-40.B2,升.尾连QQ.Q5,4蛀.__Fe震正根._主,,2,-40,-41,NA,,空长,6.4,-10.2,6.4,,
,38,20,4.97
2022/5/9,21.13,20.78,21.35,20.46,3.88,4.97,屎v2忑,忑,r己↗忐-41.B3,升.尾连QQ.Q6,4蛀.__Fe震正根.储,,3,-41,-42,NA,,空长,6.4,-8.2,6.4,,
,78,18,2.89
2022/5/10,21.56,20.04,21.74,20.03,2.04,2.89,屎v2忑,忑,r己↗忐-42.A4,升.尾连QQ.Q7,0橅.__Fe震正根.储,,4,-42,-43,NA,,空长,6.1,-6.2,6.1,,
,70,17,1.95
2022/5/11,21.53,21.94,21.98,21.01,-0.14,1.95,屎v3忑,忑,a甲↗上1.A5,升.尾反孕Qv,0橅.__Ff震负.储,,5,-43,-44,NA,,空长,5.6,-4.6,5.6,,
,-7,17,2.79
2022/5/12,21.52,21.84,22.13,21.17,-0.05,2.79,屎v3忑,忑,a甲↗上2.A6,跌.尾连vW.W2,2栅.__Ff震负.储,,6,-44,-45,NA,,空长,5.2,-3.4,5.2,,
,-2,14,2.28
2022/5/13,21.27,21.19,22.01,21.08,-1.16,2.28,屎v3忑,忑,a甲↗上3.A7,跌.尾连WW.W3,3桮.__Ff震负.储,,7,-45,-46,NA,,空长,4.1,-2.8,4.7,,
,-51,10,2.73
2022/5/16,21.17,21.15,21.85,20.8,-0.47,2.73,屎v3忑,忑,a甲↗上4.A8,跌.尾连WW.W4,3桮.__Ff震负.储,,8,-46,-47,NA,,空长,3.2,-2.5,4.5,,
,-17,10,3.16
2022/5/17,20.87,20.86,21.84,20.41,-1.42,3.16,屎v3忑.被,忑,c丙↘下5.Y,跌.尾连WW.W5,5蛀.__Df头负._再C,,-1,-47,-48,NA,,空长,3.5,-2.5,4.8,,
,-45,8,4.17
2022/5/18,21.27,20.74,21.74,20.74,1.92,4.17,屎v3忑,忑,b乙↗上6.I暂,(跌)人.连后吞WO,4暂.__Ff震负.储,,1,-48,-49,NA,,空长,2.9,-2.3,4.7,,
,46,8,1.93
2022/5/19,21.29,21.27,21.68,20.81,0.09,1.93,屎v3忑,忑,b乙↗上7.B2暂,升.尾连OQ.Q2,4暂.__Ff震负.储,,2,-49,-50,NA,,空长,2.4,-2,4,,
,5,8,2.68
2022/5/20,21.4,21.63,21.86,21.08,0.52,2.68,屎v3忑,忑,b乙↗上8.B3暂,升.尾连QQ.Q3,4暂.__Ff震负.储,,3,-50,-51,NA,,空长,3,-1.6,3,,
,19,7,1.03
2022/5/23,21.4,21.24,21.62,21.24,0,1.03,屎v3忑,忑,b乙↗上9.A4,升.尾连QQ.Q4,0橅.__Ff震负.储,,4,-51,-52,NA,,空长,1.6,-1.3,2.7,,
,0,7,1.87
2022/5/24,20.08,21.4,21.8,19.96,-6.17,1.87,屎v0忑.警,忑,z丁↘忑-1.Y,(升)人.连后吞QV,5蛀.__Aa龙猪._再C,,-1,-52,-53,NA,,空长,3.7,-2.1,4,,
,-330,10,1.64
2022/5/25,20.32,20.08,20.41,19.9,1.2,1.64,屎v0忑.警,忑,z丁↘忑-2.Z-2,(升)人.连后吞QVo,5蛀.__Aa龙猪._再C,,-2,-53,-54,NA,,空长,-1.9,-2.8,5,,
,73,10,2.85
2022/5/26,20.41,20.35,20.9,19.9,0.44,2.85,屎v0忑.警,忑,z丁↘忑-3.Z-3,升.尾连oQ.Q2,5蛀.__Aa龙猪._再C,,-3,-54,-55,NA,,空长,1.1,-3.1,5.7,,
,16,10,0.88
2022/5/27,19.96,20.33,20.59,19.78,-2.2,0.88,屎v0忑.警,忑,z丁↘忑-4.Z-4,(升)人.连后吞QV,7姗.__Bb龙管杂._再C,,-4,-55,-56,NA,,空长,0.5,-3.5,6.4,,
,-250,10,1.5
2022/5/30,19.54,20.26,20.26,19.34,-2.1,1.5,屎v0忑.警,忑,z丁↘忑-5.Z-5,跌.尾连VW.W2,7姗.__Bb龙管杂._主,,-5,-56,-57,NA,,空长,0.1,-4.2,7.7,,
,-140,13,3.63
2022/5/31,20.2,19.54,20.25,19.2,3.38,3.63,屎v0忑.警,忑,z丁↘忑-6.Z-6,跌.尾反孕Wo,7姗.__Bb龙管杂._主,,-6,-57,-58,NA,,空长,0.4,-4.2,3.6,,
,93,9,2.92
2022/6/1,20.74,19.74,20.79,19.74,2.67,2.92,屎v1忑.警,忑,y戊↘忠-7.I,升.尾连oQ.Q2,4蛀.__Be龙管根._主,,1,-58,-59,NA,,空长,2.5,-3.4,3,,
,92,9,8.2
2022/6/2,22.2,20.69,22.44,20.44,7.04,8.2,屎V5忠.盈,忠,a甲↗上1.B2,升.尾连QQ.Q3,4蛀.Aa龙猪.储,a连3高,2,1,-60,NA,,空长,8.2,-1.5,8.2,6,
6,86,17,3.65
2022/6/6,22.81,22.16,23.01,21.86,2.75,3.65,屎V6忐.盈,忐,a甲↗上2.B3,升.尾连QQ.Q4,4蛀.Aa龙猪.初,a连4偏,3,2,-61,NA,,空看,8,0.7,8,8,
8,75,20,0.48
2022/6/7,21.91,22.92,22.92,21.86,-3.95,0.48,屎V5忠.盈,忠,a甲↗上3.A4,(升)人.连后吞QV,1柜.Aa龙猪.初,偏,4,3,-62,NA,,空长,6.3,1.6,6.7,8,
8,-818,20,0.37
2022/6/8,21.69,21.55,21.99,21.07,-1,0.37,屎V5忠,忠,a甲↗上4.A5,跌.尾连VW.W2,2栅.Bc龙管栅.初,,5,4,-63,NA,,空长,1.6,1.8,6.3,8,
8,-275,17,0.05
2022/6/9,20.93,21.28,21.7,20.87,-3.5,0.05,屎v3忑.被,忑,c丙↘下5.Y,跌.尾连WW.W3,5蛀.__Df头负._再D,,-1,-1,-64,NA,,空长,0.9,1.1,7,,
,-7600,13,1
2022/6/10,20.95,20.66,21.14,20.66,0.1,1,屎v3忑.被,忑,c丙↘下6.Z-2,跌.尾反孕Wo,5蛀.__Df头负._再D,,-2,-2,-65,NA,,空长,-1,0.5,7.8,,
,10,11,1
2022/6/13,20.48,20.95,21.16,20.42,-2.24,1,屎v3忑.被,忑,c丙↘下7.Z-3,跌.尾吞oV,5蛀.__Df头负._再D,,-3,-3,-66,NA,,空长,0.2,-0.4,8.5,,
,-224,12,0
2022/6/14,20.16,20.48,20.48,19.49,-1.56,0,屎v0忑.警,忑,z丁↘忑-1.Z-4,跌.尾连VW.W2,9妩.__Fa震正〇._再D,,-4,-4,-67,NA,,空长,-1.8,-1.3,5.4,,
,0,13,2.33
2022/6/15,20.11,19.77,20.63,19.77,-0.25,2.33,屎v0忑.警,忑,z丁↘忑-2.Z-5,跌.尾连WW.W3,9妩.__Fa震正〇._再D,,-5,-5,-68,NA,,空长,0,-2.1,5.2,,
,-11,11,1.44
2022/6/16,20.06,19.74,20.4,19.62,-0.25,1.44,屎v0忑.警,忑,z丁↘忑-3.Z-6,跌.尾连WW.W4,9妩.__Fa震正〇._再D,,-6,-6,-69,NA,,空长,-0.3,-2.6,3.4,,
,-17,9,0.5
2022/6/17,20.02,19.84,20.16,19.64,-0.2,0.5,屎v0忑.警,忑,z丁↘忑-4.Z-7,跌.尾连WW.W5,9妩.__Fa震正〇._再D,,-7,-7,-70,NA,,空长,-0.8,-2.9,4.1,,
,-40,9,2.85
2022/6/20,20.14,20.02,20.59,19.97,0.6,2.85,屎v0忑.警,忑,z丁↘忑-5.Z-8,(跌)人.连后吞WO,8姖.__Fa震正〇._主,,-8,-8,-71,NA,,空长,1.7,-3,1.9,,
,21,6,5.11
2022/6/21,20.13,21.17,21.17,19.9,-0.05,5.11,屎v0忑.警,忑,z丁↘忑-6.Z-9,(跌)人.连后吞WOv,8姖.__Fa震正〇._主,,-9,-9,-72,NA,,空长,4.8,-2.9,4.8,,
,-1,8,0.4
2022/6/22,19.97,20.21,20.21,19.87,-0.79,0.4,屎v0忑.警,忑,z丁↘忑-7.Z-10,跌.尾连vW.W2,8姖.__Fa震正〇._主,,-10,-10,-73,NA,,空长,0.3,-2.9,5.1,,
,-200,8,1.2
2022/6/23,20.13,19.92,20.21,19.65,0.8,1.2,屎v0忑.警,忑,z丁↘忑-8.Z-11,跌.尾反孕Wo,8姖.__Fa震正〇._主,,-11,-11,-74,NA,,空长,0.4,-2.8,5.2,,
,67,8,1.59
2022/6/24,20.22,20.06,20.45,20.06,0.45,1.59,屎v1忑.警,忑,y戊↘忠-9.I,升.尾连oQ.Q2,4蛀.__Fe震正根._主,,1,-12,-75,NA,,空长,1.5,-2.5,5.1,,
,28,8,1.48
2022/6/27,20.2,20.22,20.52,20.11,-0.1,1.48,屎v1忑.警,忑,y戊↘忠-10.B2,升.尾反孕Qv,4蛀.__Fe震正根._主,,2,-13,-76,NA,,空长,1.8,-2.3,5,,
,-7,8,1.88
2022/6/28,20.51,20.1,20.58,19.92,1.53,1.88,屎v2忑,忑,r己↗忐-11.B3,升.尾吞vO,4蛀.__Fe震正根.储,,3,-14,-77,NA,,空长,1.7,-1.8,1.7,,
,82,5,0.78
2022/6/29,20,20.51,20.67,19.99,-2.49,0.78,屎v0忑.警,忑,y戊↘忑-12.Y暂,(升)人.吞吞vOV,5暂.__Fa震正〇._再B,,-1,-15,-78,NA,,空长,2.3,-1.8,2.3,,
,-319,5,1.3
2022/6/30,20.04,20.02,20.26,19.93,0.2,1.3,屎v0忑.警,忑,y戊↘忑-13.Z-2暂,(升)人.吞吞vOVo,5暂.__Fa震正〇._再B,,-2,-16,-79,NA,,空长,0.5,-1.8,2.5,,
,15,4,0.7
2022/7/1,20.04,20.17,20.18,19.73,0,0.7,屎v0忑.警,忑,y戊↘忑-14.Z-3暂,升.尾连oQ.Q2,5暂.__Fa震正〇._再B,,-3,-17,-80,NA,,空长,0.3,-1.9,2.7,,
,0,5,1.15
2022/7/4,20.16,19.76,20.27,19.76,0.6,1.15,屎v1忑.警,忑,y戊↘忠-15.I暂,升.尾连QQ.Q3,4暂.__Fe震正根._再B,,1,-18,-81,NA,,空长,0.7,-1.7,2.7,,
,52,5,0.74
2022/7/5,19.67,20.31,20.31,19.55,-2.43,0.74,屎v0忑.警,忑,y戊↘忑-16.Y暂,(升)人.连后吞QV,5暂.__Aa龙猪._再B,,-1,-19,-82,NA,,空长,1.4,-2,3.2,,
,-327,6,1.73
2022/7/6,19.85,19.86,20.01,19.53,0.92,1.73,屎v0忑.警,忑,y戊↘忑-17.Z-2暂,(升)人.连后吞QVo,5暂.__Aa龙猪._主,,-2,-20,-83,NA,,空长,0.2,-2.1,1.7,,
,53,4,1.46
2022/7/7,20.01,19.81,20.14,19.81,0.81,1.46,屎v0忑.警,忑,y戊↘忑-18.Z-3暂,升.尾连oQ.Q2,5暂.__Aa龙猪._主,,-3,-21,-84,NA,,空长,0.9,-1.9,1.8,,
,55,4,0.75
2022/7/8,20.02,19.75,20.16,19.75,0.05,0.75,屎v1忑.警,忑,y戊↘忠-19.I暂,升.尾连QQ.Q3,4暂.__Be龙管根._主,,1,-22,-85,NA,,空长,0.9,-1.7,1.7,,
,7,4,1.6
2022/7/11,20.02,20.15,20.34,19.76,0,1.6,屎v1忑.警,忑,y戊↘忠-20.B2暂,升.尾连QQ.Q4,4暂.__Fe震正根._主,,2,-23,-86,NA,,空长,1.8,-1.6,1.8,,
,0,4,0.2
2022/7/12,19.25,19.8,20.06,19.25,-3.85,0.2,屎v0忑.警,忑,y戊↘忑-21.Y暂,(升)人.连后吞QV,5暂.__Aa龙猪._主,,-1,-24,-87,NA,,空长,1.2,-2.1,2.6,,
,-1925,6,0.94
2022/7/13,19.28,19.34,19.43,19.12,0.16,0.94,屎v0忑.警,忑,y戊↘忑-22.Z-2暂,(升)人.连后吞QVo,5暂.__Aa龙猪._主,,-2,-25,-88,NA,,空长,-1.2,-2.5,3.4,,
,17,6,1.66
2022/7/14,19.46,19.22,19.6,19.22,0.93,1.66,屎v0忑.警,忑,y戊↘忑-23.Z-3暂,升.尾连oQ.Q2,5暂.__Aa龙猪._主,,-3,-26,-89,NA,,空长,0.1,-2.7,3.8,,
,56,6,1.18
2022/7/15,19.15,19.25,19.69,18.99,-1.59,1.18,屎v0忑.警,忑,y戊↘忑-24.Z-4,(升)人.连后吞QV,7姗.__Bb龙管杂._主,,-4,-27,-90,NA,,空长,1.1,-2.9,4.5,,
,-135,7,4.49
2022/7/18,19.8,19.44,20.01,19.16,3.39,4.49,屎v1忑.警,忑,y戊↘忠-25.I,(人)人.吞吞* VO,4蛀.__Be龙管根._主,,1,-28,-91,NA,,空长,2.5,-2.5,2.8,,
,76,6,2.22
2022/7/19,20.02,19.84,20.24,19.8,1.11,2.22,屎v2忑,忑,r己↗忐-26.B2,升.尾连OQ.Q2,4蛀.__Fe震正根.储,,2,-29,-92,NA,,空长,3,-1.9,3,,
,50,7,1.15
2022/7/20,20.15,20.2,20.25,19.92,0.65,1.15,屎V5忠.盈,忠,r己↗忐-27.B3,升.尾连QQ.Q3,4蛀.Df头负.储,雀连3,3,1,-93,NA,,空长,2.4,-1.2,2.4,1,
1,57,7,1.29
2022/7/21,20.32,20.35,20.41,20.06,0.84,1.29,屎V5忠.盈,忠,a甲↗上1.A4,升.尾连QQ.Q4,0橅.Aa龙猪.储,a连4,4,2,-94,NA,,空长,2.4,-0.5,2.4,1,
1,65,7,0.79
2022/7/22,20.21,20.22,20.48,19.99,-0.54,0.79,屎V5忠.盈,忠,a甲↗上2.A5,(升)人.连后吞QV,1柜.Aa龙猪.储,a,5,3,-95,NA,,空长,2.3,-0.1,2.3,2,
2,-69,7,1.34
2022/7/25,20.29,20.08,20.48,20.08,0.4,1.34,屎V5忠.盈,忠,a甲↗上3.A6,(人)人.吞吞* VO,1柜.Aa龙猪.初,a,6,4,-96,NA,,空长,1.9,0.2,1.9,2,
2,30,3,0.59
2022/7/26,20.13,20.41,20.41,19.75,-0.79,0.59,屎V5忠,忠,a甲↗上4.A7,(人)人.吞吞* VO,1柜.Aa龙猪.初,,7,5,-97,NA,,空长,1.4,0.3,1.7,2,
2,-133,4,2.24
2022/7/27,20.35,20.25,20.58,20.13,1.09,2.24,屎V5忠.盈,忠,a甲↗上5.A8,(人)人.孕孕vo,1柜.Aa龙猪.初,a,8,6,-98,NA,,空长,2,0.5,2,2,
2,49,4,2.16
2022/7/28,20.65,20.39,20.79,20.35,1.47,2.16,屎V5忠.盈,忠,a甲↗上6.A9,升.尾连oQ.Q2,0橅.Aa龙猪.初,a,9,7,-99,NA,,空长,2.4,0.9,2.4,3,
3,68,5,0.29
2022/7/29,20.56,20.71,20.71,20.45,-0.44,0.29,屎V5忠,忠,a甲↗上7.A10,升.尾反孕Qv,0橅.Aa龙猪.初,,10,8,-100,NA,,空长,1.6,1.1,2,3,
3,-150,5,0.63
2022/8/1,20.56,20.58,20.69,20.27,0,0.63,屎V5忠,忠,a甲↗上8.A11,(升)人.孕孕vo,0橅.Aa龙猪.初,,11,9,-101,NA,,空长,1.2,1.3,1.7,3,
3,0,5,-0.63
2022/8/2,19.48,20.43,20.43,19.17,-5.25,-0.63,屎v4忑.被,忑,c丙↘下9.Y,跌.尾吞oV,5蛀.__Df头负._破,,-1,-1,-102,NA,,空长,0.9,0.4,2.7,,
,0,8,2
2022/8/3,19.55,19.47,19.87,19.31,0.36,2,屎v0忑.警,忑,z丁↘忑-1.Z-2,跌.尾反孕oVo,5蛀.__Aa龙猪._初,,-2,-2,-103,NA,,空长,-0.9,-0.4,3.7,,
,18,8,2.46
2022/8/4,19.92,19.46,20.03,19.46,1.89,2.46,屎v0忑.警,忑,z丁↘忑-2.Z-3,升.尾连oQ.Q2,5蛀.__Aa龙猪._初,,-3,-3,-104,NA,,空长,0.3,-0.6,3.7,,
,77,8,1.96
2022/8/5,20.31,19.98,20.31,19.88,1.96,1.96,屎V5忠.盈,忠,r己↗忐-3.I暂,升.尾连QQ.Q3,4暂.Df头负.储,连3,1,1,-105,NA,,空长,1.4,-0.4,3.3,2,
3,100,8,1.62
2022/8/8,20.59,20.37,20.64,20.21,1.38,1.62,屎V5忠.盈,忠,a甲↗上1.B2暂,升.尾连QQ.Q4,4暂.Dd头正芽.初,雀连4,2,2,-106,NA,,空长,2.3,0.2,2.3,2,
3,85,8,2.33
2022/8/9,21.01,20.57,21.07,20.41,2.04,2.33,屎V6忐.盈,忐,a甲↗上2.B3暂,升.尾连QQ.Q5,4暂.Aa龙猪.初,a连5,3,3,-107,NA,,空看,3.4,1,3.4,4,
4,88,9,1.33
2022/8/10,21.15,21,21.29,20.77,0.67,1.33,屎V6忐.盈,忐,a甲↗上3.A4,升.尾连QQ.Q6,0橅.Aa龙猪.初,a连6,4,4,-108,NA,,空看,3.3,1.8,3.3,5,
5,50,9,2.08
2022/8/11,21.35,21.15,21.59,21.15,0.95,2.08,屎V6忐.盈,忐,a甲↗上4.A5,升.尾连QQ.Q7,0橅.Aa龙猪.初,a连7,5,5,-109,NA,,空看,3.7,2.5,3.7,6,
6,45,9,1.12
2022/8/12,21.18,21.35,21.59,21.07,-0.8,1.12,屎V6忐.盈,忐,a甲↗上5.A6,升.尾反孕Qv,0橅.Aa龙猪.主,a,6,6,-110,NA,,空看,3.1,2.8,3.1,5,
5,-71,7,0.42
2022/8/15,21,21.26,21.27,20.69,-0.85,0.42,屎V6忐,忐,a甲↗上6.A7,跌.尾连vW.W2,2栅.Bc龙管栅.主,,7,7,-111,NA,,空看,1.4,2.7,2.9,5,
5,-200,6,1.48
2022/8/16,21.1,21.31,21.31,20.79,0.48,1.48,屎V6忐,忐,a甲↗上7.A8,跌.尾反孕Wo,2栅.Bc龙管栅.主,,8,8,-112,NA,,空看,1.4,2.6,2.7,5,
5,32,4,2.65
2022/8/17,21.26,21.37,21.66,20.93,0.76,2.65,屎V6忐.盈,忐,a甲↗上8.A9,升.尾连oQ.Q2,2栅.Bc龙管栅.主,a,9,9,-113,NA,,空看,2.7,2.7,2.7,5,
5,29,5,2.73
2022/8/18,21.73,21.27,21.84,21.06,2.21,2.73,屎V6忐.盈,忐,a甲↗上9.A10,升.尾连QQ.Q3,2栅.Bc龙管栅.主,a连3,10,10,-114,NA,,空看,2.8,3,2.8,5,
5,81,6,0.14
2022/8/19,21.08,21.69,21.76,21.04,-2.99,0.14,屎V6忐,忐,b乙→中10.Y,(升)人.连后吞QV,5蛀.Be龙管根.主,,-1,11,-115,NA,,空看,2.5,2.8,2.8,5,
5,-2167,6,1.28
2022/8/22,20.91,20.93,21.35,20.76,-0.81,1.28,屎V6忐,忐,b乙→中11.Z-2,跌.尾连VW.W2,5蛀.Be龙管根.主,,-2,12,-116,NA,,空看,0.9,2.3,3.2,5,
5,-63,5,0.91
2022/8/23,20.91,20.91,21.1,20.81,0,0.91,屎V6忐.被,忐,c丙↘下12.Z-3,跌.尾反孕Wo,5蛀.Fe震正根.破,,-3,13,-117,NA,,空看,0,1.9,3.5,5,
5,0,5,0.62
2022/8/24,20.58,21,21.04,20.52,-1.58,0.62,屎v4忑.被,忑,c丙↘下13.Z-4,跌.尾吞oV,9妩.__Df头负._破,,-4,-1,-118,NA,,空长,0.4,1.3,4.2,,
,-254,6,0.49
2022/8/25,20.27,20.46,20.68,20.03,-1.51,0.49,屎v4忑.警,忑,z丁↘忑-1.Z-5,跌.尾连VW.W2,9妩.__Aa龙猪._破,,-5,-2,-119,NA,,空长,-0.5,0.5,4.7,,
,-310,9,0.99
2022/8/26,20.23,20.08,20.47,20.05,-0.2,0.99,屎v4忑.警,忑,z丁↘忑-2.Z-6,跌.尾连WW.W3,9妩.__Aa龙猪._初,,-6,-3,-120,NA,,空长,-0.7,-0.2,3.6,,
,-20,7,2.13
2022/8/29,20.56,19.99,20.66,19.73,1.63,2.13,屎v4忑.警,忑,z丁↘忑-3.Z-7,(跌)人.连后吞WO,8姖.__Aa龙猪._初,,-7,-4,-121,NA,,空长,0.4,-0.3,2.6,,
,77,7,2.63
2022/8/30,20.75,20.43,21.1,20.43,0.92,2.63,屎V5忠.警.盈,忠,y戊↘忠-4.I,升.尾连OQ.Q2,4蛀.Ff震负.再D,雀,1,1,-122,NA,,空长,2.4,-0.2,2.4,2,
5,35,7,-0.39
2022/8/31,20.2,20.57,20.67,20.03,-2.65,-0.39,屎v4忑.警,忑,y戊↘忑-5.Y暂,(升)人.连后吞QV,5暂.__Aa龙猪._初,,-1,-1,-123,NA,,空长,0.8,-0.5,2.8,,
,0,7,2.43
2022/9/1,20.38,20.29,20.69,20.21,0.89,2.43,屎v4忑.警,忑,y戊↘忑-6.Z-2暂,(升)人.连后吞QVo,5暂.__Fa震正〇._初,,-2,-2,-124,NA,,空长,1.1,-0.6,3.1,,
,37,7,3.53
2022/9/2,20.78,21.01,21.1,20.18,1.96,3.53,屎V5忠.盈,忠,r己↗忐-7.I暂,升.尾连oQ.Q2,4暂.Df头负.再D,雀,1,1,-125,NA,,空长,2.8,-0.4,2.8,2,
3,56,7,1.3
2022/9/5,20.81,20.78,21.05,20.53,0.14,1.3,屎V6忐.盈,忐,r己↗忐-8.B2暂,升.尾连QQ.Q3,4暂.Df头负.再D,连3,2,2,-126,NA,,空看,2.2,-0.1,2.4,2,
2,11,5,0.43
2022/9/6,20.64,20.64,20.9,20.4,-0.82,0.43,屎V5忠,忠,r己↗忐-9.B3暂,(升)人.连后吞QV,4暂.Df头负.再D,,3,3,-127,NA,,空长,1.3,0,2.3,2,
2,-189,5,0
2022/9/7,20.45,20.61,20.64,20.42,-0.92,0,屎v4忑.警,忑,y戊↘忑-10.Y暂,跌.尾连VW.W2,5暂.__Fa震正〇._初,,-1,-1,-128,NA,,空长,0.2,-0.1,2.5,,
,0,5,0.98
2022/9/8,20.17,20.65,20.65,20.14,-1.37,0.98,屎v0忑.警,忑,y戊↘忑-11.Z-2暂,跌.尾连WW.W3,5暂.__Fa震正〇._初,,-2,-2,-129,NA,,空长,0.8,-0.5,3,,
,-140,5,0.69
2022/9/9,20.08,20.2,20.31,19.96,-0.45,0.69,屎v0忑.警,忑,y戊↘忑-12.Z-3暂,跌.尾连WW.W4,5暂.__Fa震正〇._初,,-3,-3,-130,NA,,空长,-0.3,-0.9,3.3,,
,-64,5,2.24
2022/9/13,20.36,20.08,20.53,20.08,1.39,2.24,屎v0忑.警,忑,y戊↘忑-13.Z-4,(跌)人.连后吞WO,8姖.__Fa震正〇._初,,-4,-4,-131,NA,,空长,0.9,-0.9,2.7,,
,62,5,1.28
2022/9/14,20.5,20.29,20.62,20.08,0.69,1.28,屎v1忑.警,忑,y戊↘忠-14.I,升.尾连OQ.Q2,4蛀.__Fe震正根._初,,1,-5,-132,NA,,空长,1.2,-0.7,1.3,,
,54,3,0.93
2022/9/15,19.99,20.52,20.69,19.75,-2.49,0.93,屎v0忑.警,忑,y戊↘忑-15.Y暂,(升)人.连后吞QV,5暂.__Aa龙猪._主,,-1,-6,-133,NA,,空长,1.9,-1,1.9,,
,-268,5,1.1
2022/9/16,19.6,19.99,20.21,19.57,-1.95,1.1,屎v0忑.警,忑,y戊↘忑-16.Z-2暂,跌.尾连VW.W2,5暂.__Aa龙猪._主,,-2,-7,-134,NA,,空长,0.4,-1.6,2.8,,
,-177,6,0.1
2022/9/19,19.23,19.55,19.62,19.06,-1.89,0.1,屎v0忑.警,忑,y戊↘忑-17.Z-3暂,跌.尾连WW.W3,5暂.__Aa龙猪._主,,-3,-8,-135,NA,,空长,-1.3,-2.4,4,,
,-1850,9,1.61
2022/9/20,19.45,19.29,19.54,19.17,1.14,1.61,屎v0忑.警,忑,y戊↘忑-18.Z-4,跌.尾反孕Wo,9妩.__Aa龙猪._主,,-4,-9,-136,NA,,空长,-1,-2.8,4.8,,
,71,9,1.75
2022/9/21,19.69,19.5,19.79,19.22,1.23,1.75,屎v0忑.警,忑,y戊↘忑-19.Z-5,升.尾连oQ.Q2,7姗.__Bb龙管杂._主,,-5,-10,-137,NA,,空长,0.5,-2.7,5.1,,
,71,9,0.25
2022/9/22,19.64,19.61,19.74,19.24,-0.25,0.25,屎v0忑.警,忑,y戊↘忑-20.Z-6,升.尾反孕Qv,7姗.__Fa震正〇._主,,-6,-11,-138,NA,,空长,0.3,-2.6,2.7,,
,-100,6,-0.05
2022/9/23,19.15,19.63,19.63,19.06,-2.49,-0.05,屎v0忑.警,忑,y戊↘忑-21.Z-7,跌.尾连vW.W2,7姗.__Bb龙管杂._主,,-7,-12,-139,NA,,空长,0.4,-2.9,1.2,,
,0,4,0.94
2022/9/26,18.64,19.06,19.33,18.49,-2.66,0.94,屎v0忑.警,忑,y戊↘忑-22.Z-8,跌.尾连WW.W3,7姗.__Bb龙管杂._主,,-8,-13,-140,NA,,空长,0,-3.6,2.4,,
,-283,7,2.74
2022/9/27,19,18.84,19.15,18.6,1.93,2.74,屎v0忑.警,忑,y戊↘忑-23.Z-9,跌.尾反孕Wo,9妩.__Aa龙猪._主,,-9,-14,-141,NA,,空长,-0.3,-3.8,3.1,,
,71,7,0.68
2022/9/28,18.44,19.02,19.13,18.28,-2.95,0.68,屎v0忑.警,忑,y戊↘忑-24.Z-10,跌.尾吞oV,9妩.__Aa龙猪._主,,-10,-15,-142,NA,,空长,0.7,-4.3,3.9,,
,-431,8,1.95
2022/9/29,18.64,18.65,18.8,18.29,1.08,1.95,屎v0忑.警,忑,y戊↘忑-25.Z-11,跌.尾反孕oVo,9妩.__Aa龙猪._主,,-11,-16,-143,NA,,空长,-0.4,-4.5,4,,
,56,7,1.18
2022/9/30,18.55,18.63,18.86,18.28,-0.48,1.18,屎v0忑.警,忑,y戊↘忑-26.Z-12,跌.尾吞oV,9妩.__Aa龙猪._主,,-12,-17,-144,NA,,空长,0.4,-4.6,2.9,,
,-41,6,1.62
2022/10/10,18.19,18.85,18.85,18.05,-1.94,1.62,屎v0忑.警,忑,y戊↘忑-27.Z-13,跌.尾连VW.W2,9妩.__Aa龙猪._主,,-13,-18,-145,NA,,空长,1.2,-4.9,2.8,,
,-120,6,2.25
2022/10/11,18.23,18.6,18.6,17.86,0.22,2.25,屎v0忑.警,忑,y戊↘忑-28.Z-14,跌.尾反孕Wo,9妩.__Aa龙猪._主,,-14,-19,-146,NA,,空长,0.5,-5,3.4,,
,10,7,2.19
2022/10/12,18.6,18.27,18.63,18,2.03,2.19,屎v0忑.警,忑,y戊↘忑-29.Z-15,升.尾连oQ.Q2,7姗.__Bb龙管杂._主,,-15,-20,-147,NA,,空长,0.7,-4.7,2,,
,93,6,2.96
2022/10/13,18.85,18.58,19.15,18.38,1.34,2.96,屎v1忑.警,忑,y戊↘忠-30.I,升.尾连QQ.Q3,4蛀.__Be龙管根._主,,1,-21,-148,NA,,空长,3.1,-4.1,3.1,,
,45,7,6.95
2022/10/14,19.96,19.14,20.16,18.27,5.89,6.95,屎V5忠.盈,忠,r己↗忐-31.B2,升.尾连QQ.Q4,4蛀.Df头负.储,a连4高,2,1,-149,NA,,空长,6.7,-2.4,6.7,4,
4,85,13,3.76
2022/10/17,20.47,20.09,20.71,19.99,2.56,3.76,屎V6忐.盈,忐,a甲↗上1.B3,升.尾连QQ.Q5,4蛀.Aa龙猪.储,a连5偏,3,2,-150,NA,,空看,7.2,-0.6,7.2,6,
6,68,16,1.86
2022/10/18,20.29,20.62,20.85,20.15,-0.88,1.86,屎V6忐.盈,忐,a甲↗上2.A4,升.尾反孕Qv,0橅.Aa龙猪.初,a偏,4,3,-151,NA,,空看,6.2,0.7,6.2,6,
6,-47,16,1.08
2022/10/19,20.13,20.51,20.51,20.02,-0.79,1.08,屎V6忐,忐,a甲↗上3.A5,跌.尾连vW.W2,2栅.Bc龙管栅.初,,5,4,-152,NA,,空看,3.5,1.4,5.2,6,
6,-73,14,1.44
2022/10/20,20.08,20.3,20.42,20.02,-0.25,1.44,屎V6忐,忐,a甲↗上4.A6,跌.尾连WW.W3,3桮.Bd龙管杂.初,,6,5,-153,NA,,空看,2.6,1.7,4.7,6,
6,-17,14,2.49
2022/10/21,20.25,20.11,20.58,19.94,0.85,2.49,屎V6忐,忐,a甲↗上5.A7,跌.尾反孕Wo,3桮.Fa震正〇.初,,7,6,-154,NA,,空看,2.9,1.9,4.2,6,
6,34,5,1.33
2022/10/24,19.57,20.5,20.52,19.57,-3.36,1.33,屎V5忠,忠,b乙→中6.Y,跌.尾吞oV,5蛀.Fe震正根.初,,-1,7,-155,NA,,空长,3,1.5,4.6,6,
6,-252,7,2.61
2022/10/25,19.14,19.65,20.08,19.03,-2.2,2.61,屎v3忑.被,忑,c丙↘下7.Z-2,跌.尾连VW.W2,5蛀.__Df头负._再D,,-2,-1,-156,NA,,空长,1.7,0.6,4.3,,
,-84,8,5.54
2022/10/26,19.93,19.43,20.2,19.39,4.13,5.54,屎V5忠.盈,忠,b乙→中8.Z-3,(跌)人.连后吞WO,5蛀.De头正根.初,高,-3,1,-157,NA,,空长,2.3,0.6,4.3,4,
6,75,8,1.66
2022/10/27,20.08,20.08,20.26,19.85,0.75,1.66,屎V6忐,忐,b乙↗上9.I暂,升.尾连OQ.Q2,4暂.Dd头正芽.初,,1,2,-158,NA,,空看,2.2,0.8,3.9,4,
6,45,8,0.95
2022/10/28,19.07,20.08,20.27,18.98,-5.03,0.95,屎v4忑.被,忑,c丙↘下10.Y暂,(升)人.连后吞QV,5暂.__Df头负._破,,-1,-1,-159,NA,,空长,3.1,0.2,4.3,,
,-532,8,4.4
2022/10/31,19.83,18.99,19.91,18.95,3.99,4.4,屎V5忠,忠,b乙↗上11.I暂,(升)人.连后吞QVo,4暂.Dd头正芽.初,,1,1,-160,NA,,空长,1.2,0.2,3.1,3,
6,90,7,2.27
2022/11/1,20.03,19.93,20.28,19.46,1.01,2.27,屎V5忠.盈,忠,b乙↗上12.B2暂,升.尾连oQ.Q2,4暂.Dd头正芽.再B,雀,2,2,-161,NA,,空长,2.7,0.5,2.7,3,
4,44,7,3.25
2022/11/2,20.52,19.95,20.68,19.76,2.45,3.25,屎V6忐.盈,忐,b乙↗上13.B3暂,升.尾连QQ.Q3,4暂.Aa龙猪.再B,a连3,3,3,-162,NA,,空看,3.7,1.2,3.7,4,
4,75,9,0.73
2022/11/3,20.59,20.35,20.67,20.13,0.34,0.73,屎V6忐.盈,忐,b乙↗上14.A4,升.尾连QQ.Q4,0橅.Aa龙猪.再B,连4,4,4,-163,NA,,空看,2.7,1.8,2.8,4,
4,47,9,0.92
2022/11/4,20.62,20.24,20.78,20.24,0.15,0.92,屎V6忐.盈,忐,b乙↗上15.A5,升.尾连QQ.Q5,0橅.Aa龙猪.主,a连5,5,5,-164,NA,,空看,2.5,2.3,2.5,4,
4,16,10,0.68
2022/11/7,20.53,20.62,20.76,20.4,-0.44,0.68,屎V6忐,忐,b乙↗上16.A6,升.尾反孕Qv,0橅.Aa龙猪.主,,6,6,-165,NA,,空看,1.9,2.5,2,4,
4,-64,7,0.68
2022/11/8,20.55,20.67,20.67,20.21,0.1,0.68,屎V6忐,忐,b乙↗上17.A7,(升)人.孕孕vo,0橅.Aa龙猪.主,,7,7,-166,NA,,空看,1.2,2.5,1.7,4,
4,14,5,1.12
2022/11/9,20.58,20.61,20.78,20.32,0.15,1.12,屎V6忐.盈,忐,b乙↗上18.A8,升.尾连oQ.Q2,0橅.Aa龙猪.主,a,8,8,-167,NA,,空看,1.5,2.5,1.5,4,
4,13,3,1.51
2022/11/10,20.46,20.62,20.89,20.27,-0.58,1.51,屎V6忐.盈,忐,b乙↗上19.A9,(升)人.连后吞QV,1柜.Aa龙猪.主,a,9,9,-168,NA,,空看,2,2.3,2,4,
4,-39,3,4.55
2022/11/11,20.42,20.71,21.39,20.35,-0.2,4.55,屎V6忐.盈,忐,b乙→中20.Y,跌.尾连VW.W2,5蛀.Be龙管根.主,a,-1,10,-169,NA,,空看,4.5,2.1,4.5,6,
6,-4,6,2.25
2022/11/14,20.85,20.51,20.88,20.25,2.11,2.25,屎E0上,上,b乙↗上21.I暂,(跌)人.连后吞WO,4暂.Aa龙猪.主,,1,11,1,持主,,多被,1.6,2.3,4.1,6,
6,93,6,0.77
2022/11/15,20.94,20.93,21.01,20.74,0.43,0.77,屎E0上,上,b乙↗上22.B2暂,升.尾连OQ.Q2,4暂.Aa龙猪.主,,2,12,2,持主,,多被,1.7,2.5,3.6,6,
6,56,6,0.76
2022/11/16,20.71,21.06,21.1,20.65,-1.1,0.76,屎E0上,上,b乙↗上23.B3暂,(升)人.连后吞QV,4暂.Fa震正〇.主,,3,13,3,持主,,多被,2,2.4,3.4,5,
5,-144,6,0.48
2022/11/17,20.7,20.78,20.81,20.58,-0.05,0.48,屎E0上,上,b乙↗上24.A4,跌.尾连VW.W2,2栅.Fa震正〇.主,,4,14,4,持主,,多被,0.5,2.3,3.3,5,
5,-10,6,4.4
2022/11/18,20.76,20.81,21.61,20.69,0.29,4.4,屎E0上.盈,上,b乙↗上25.A5,跌.尾反孕Wo,2栅.Bc龙管栅.主,a,5,15,5,持主,,多被,4.3,2.2,4.3,6,
6,7,7,1.88
2022/11/21,21.06,20.83,21.15,20.42,1.45,1.88,屎E0上,上,b乙↗上26.A6,升.尾连oQ.Q2,2栅.Bc龙管栅.主,,6,16,6,持主,,多被,1.7,2.3,3.9,6,
6,77,6,0.19
2022/11/22,20.36,21,21.1,20.3,-3.32,0.19,屎V7上.被,上,c丙↘下27.Y,(升)人.连后吞QV,5蛀.Fe震正根.破,,-1,17,-1,NA,,空看,1.8,1.8,4.3,6,
6,-1750,6,0.54
2022/11/23,19.83,20.47,20.47,19.48,-2.6,0.54,屎v9下.警,下,z丁↘忑-1.Z-2,跌.尾连VW.W2,5蛀.__Aa龙猪._破,,-2,-1,-2,NA,,空长,-0.2,0.9,5.4,,
,-482,11,2.52
2022/11/24,20.27,19.83,20.33,19.83,2.22,2.52,屎V8中.警,中,z丁↘忑-2.Z-3,跌.尾反孕Wo,5蛀.__Aa龙猪._破,,-3,-2,-3,NA,,空看,-0.4,0.4,5.9,,
,88,11,1.13
2022/11/25,19.83,20.5,20.5,19.78,-2.17,1.13,屎v9下.警,下,z丁↘忑-3.Z-4,(跌)人.孕孕ov,9妩.__Aa龙猪._初,,-4,-3,-4,NA,,空长,1.2,-0.2,4.4,,
,-191,9,1.21
2022/11/28,19.65,19.93,20.07,19.4,-0.91,1.21,屎v9下.警,下,z丁↘忑-4.Z-5,跌.尾连vW.W2,9妩.__Aa龙猪._初,,-5,-4,-5,NA,,空长,-0.1,-0.8,5,,
,-75,9,4.17
2022/11/29,20.42,19.65,20.47,19.65,3.92,4.17,屎V8中.警,中,y戊↘忠-5.I,(跌)人.连后吞WO,4蛀.__Be龙管根._初,,1,-5,-6,NA,,空看,1.7,-0.6,1.9,,
,94,6,-0.24
2022/11/30,20.03,20.32,20.37,19.93,-1.91,-0.24,屎v9下.警,下,y戊↘忑-6.Y暂,(跌)人.连后吞WOv,5暂.__Aa龙猪._初,,-1,-6,-7,NA,,空长,1.3,-0.6,1.9,,
,0,6,1.7
2022/12/1,20.09,20.37,20.37,20.09,0.3,1.7,屎v9下.警,下,y戊↘忑-7.Z-2暂,(人)人.孕孕vo,5暂.__Fa震正〇._初,,-2,-7,-8,NA,,空长,1.3,-0.6,2,,
,18,6,3.33
2022/12/2,20.56,20.09,20.76,20.09,2.34,3.33,屎V7上.盈,上,r己↗忐-8.I暂,升.尾连oQ.Q2,4暂.Df头负.再D,雀,1,1,-9,NA,,空看,2.8,-0.1,2.8,2,
4,70,7,1.7
2022/12/5,20.51,20.9,20.91,20.46,-0.24,1.7,屎V7上.盈,上,a甲↗上1.B2暂,升.尾反孕Qv,4暂.Dd头正芽.再D,雀,2,2,-10,NA,,空看,3,0.2,3,3,
4,-14,6,0.34
2022/12/6,20.25,20.52,20.58,20.1,-1.27,0.34,屎V7上,上,a甲↗上2.B3暂,跌.尾连vW.W2,4暂.Dd头正芽.再D,,3,3,-11,NA,,空看,1.4,0.2,3,3,
3,-371,5,0.54
2022/12/7,20.23,20.25,20.36,20.09,-0.1,0.54,屎V7上.被,上,c丙↘下3.Y暂,跌.尾连WW.W3,5暂.Fe震正根.破,,-1,4,-12,NA,,空看,0.3,0.2,3.1,3,
3,-18,4,0.64
2022/12/8,20.26,20.25,20.36,20,0.15,0.64,屎V7上.警,上,z丁↘忑-1.Z-2暂,(跌)人.连后吞WO,5暂.Ff震负.破,,-2,5,-13,NA,,空看,0.4,0.1,3.1,3,
3,23,5,7.95
2022/12/9,21.2,20.27,21.87,20.27,4.64,7.95,唏E0上.盈,上,a甲↗上1.I暂,升.尾连OQ.Q2,4暂.Aa龙猪.再D,a高,1,6,1,持主,,多被,6.8,0.9,6.8,7,
7,58,9,3.07
2022/12/12,21.4,21.2,21.85,21.2,0.94,3.07,唏E0上.盈,上,a甲↗上2.B2暂,升.尾连QQ.Q3,4暂.Aa龙猪.再D,连3,2,7,2,持主,,多被,5.4,1.8,5.5,7,
7,31,9,0.37
2022/12/13,21.1,21.47,21.48,20.91,-1.4,0.37,唏E0上,上,a甲↗上3.B3暂,(升)人.连后吞QV,4暂.Aa龙猪.再D,,3,8,3,持主,,多被,2.9,2.1,4.8,7,
7,-375,9,0.43
2022/12/14,20.6,21.09,21.19,20.53,-2.37,0.43,唏E2上,上,b乙→中4.Y暂,跌.尾连VW.W2,5暂.Fe震正根.再D,,-1,9,4,持被,,多被,1.7,1.9,4.9,6,
6,-556,9,1.65
2022/12/15,20.59,20.8,20.94,20.43,-0.05,1.65,唏E2上,上,b乙→中5.Z-2暂,跌.尾连WW.W3,5暂.Fe震正根.再B,,-2,10,5,持被,,多被,0.8,1.5,5.3,6,
6,-3,8,-0.34
2022/12/16,20.33,20.34,20.52,20.24,-1.26,-0.34,屎V8中.被,中,c丙↘下6.Z-3暂,跌.尾连WW.W4,5暂.__Df头负._破,,-3,-1,-1,NA,,空看,-0.7,1,5.7,,
,0,8,0.84
2022/12/19,19.27,20.5,20.5,19.25,-5.21,0.84,屎v9下.警,下,z丁↘忑-1.Z-4,跌.尾连WW.W5,9妩.__Aa龙猪._初,,-4,-2,-2,NA,,空长,0.8,-0.4,5.7,,
,-624,12,1.5
2022/12/20,19.32,19.31,19.56,19.04,0.26,1.5,屎v9下.警,下,z丁↘忑-2.Z-5,跌.尾反孕Wo,9妩.__Aa龙猪._初,,-5,-3,-3,NA,,空长,-2.3,-1.5,5.8,,
,17,11,0.52
2022/12/21,19.11,19.42,19.42,18.95,-1.09,0.52,屎v9下.警,下,z丁↘忑-3.Z-6,跌.尾吞oV,9妩.__Aa龙猪._初,,-6,-4,-4,NA,,空长,-1.7,-2.4,6,,
,-210,11,0.73
2022/12/22,18.83,19.25,19.25,18.75,-1.47,0.73,屎v0忑.警,忑,z丁↘忑-4.Z-7,跌.尾连VW.W2,9妩.__Aa龙猪._初,,-7,-5,-5,NA,,空长,-1.2,-3.3,5.3,,
,-200,9,1.06
2022/12/23,18.9,18.83,19.03,18.6,0.37,1.06,屎v0忑.警,忑,z丁↘忑-5.Z-8,跌.尾反孕Wo,9妩.__Aa龙猪._初,,-8,-6,-6,NA,,空长,-1.4,-3.8,6.2,,
,35,10,1.32
2022/12/26,19.04,18.95,19.15,18.76,0.74,1.32,屎v0忑.警,忑,z丁↘忑-6.Z-9,升.尾连oQ.Q2,7姗.__Bb龙管杂._主,,-9,-7,-7,NA,,空长,-0.3,-3.9,1.9,,
,56,5,0.58
2022/12/27,18.75,19.15,19.15,18.45,-1.52,0.58,屎v0忑.警,忑,z丁↘忑-7.Z-10,(升)人.连后吞QV,7姗.__Bb龙管杂._主,,-10,-8,-8,NA,,空长,0.4,-4.1,1.8,,
,-264,5,0.27
2022/12/28,18.33,18.58,18.8,18.33,-2.24,0.27,屎v0忑.警,忑,z丁↘忑-8.Z-11,跌.尾连VW.W2,7姗.__Bb龙管杂._主,,-11,-9,-9,NA,,空长,-0.5,-4.6,1.9,,
,-840,5,0.71
2022/12/29,18.28,18.33,18.46,18.23,-0.27,0.71,屎v0忑.警,忑,z丁↘忑-9.Z-12,跌.尾连WW.W3,7姗.__Bb龙管杂._主,,-12,-10,-10,NA,,空长,-1.3,-5,2.4,,
,-38,5,0.6
2022/12/30,18.3,18.35,18.39,18.13,0.11,0.6,屎v0忑.警,忑,z丁↘忑-10.Z-13,跌.尾反孕Wo,9妩.__Aa龙猪._主,,-13,-11,-11,NA,,空长,-1,-5.2,3.1,,
,18,6,2.51
2023/1/3,18.75,18.31,18.76,18.31,2.46,2.51,屎v1忑.警,忑,y戊↘忠-11.I,升.尾连oQ.Q2,4蛀.__Be龙管根._主,,1,-12,-12,NA,,空长,0.9,-4.8,3,,
,98,6,1.17
2023/1/4,18.91,18.85,18.97,18.61,0.85,1.17,屎v1忑.警,忑,y戊↘忠-12.B2,升.尾连QQ.Q3,4蛀.__Be龙管根._主,,2,-13,-13,NA,,空长,1.7,-4.1,1.7,,
,73,5,0.21
2023/1/5,18.89,18.94,18.95,18.63,-0.11,0.21,屎v1忑.警,忑,y戊↘忠-13.B3,升.尾反孕Qv,4蛀.__Fe震正根._主,,3,-14,-14,NA,,空长,1.2,-3.6,1.3,,
,-50,5,0.05
2023/1/6,18.64,18.89,18.9,18.61,-1.32,0.05,屎v0忑.警,忑,y戊↘忑-14.Y暂,跌.尾连vW.W2,5暂.__Fa震正〇._主,,-1,-15,-15,NA,,空长,0.9,-3.3,1.3,,
,-2500,5,1.5
2023/1/9,18.78,18.72,18.92,18.65,0.75,1.5,屎v1忑.警,忑,y戊↘忠-15.I暂,跌.尾反孕Wo,4暂.__Fe震正根._主,,1,-16,-16,NA,,空长,1,-3,1.3,,
,50,4,0.85
2023/1/10,18.73,18.78,18.94,18.68,-0.27,0.85,屎v1忑.警,忑,y戊↘忠-16.B2暂,(跌)人.孕孕ov,4暂.__Fe震正根._主,,2,-17,-17,NA,,空长,1.1,-2.8,1.2,,
,-31,2,0.59
2023/1/11,18.49,18.71,18.84,18.41,-1.28,0.59,屎v0忑.警,忑,y戊↘忑-17.Y暂,跌.尾连vW.W2,5暂.__Fa震正〇._主,,-1,-18,-18,NA,,空长,0.8,-2.8,1.4,,
,-218,3,0.11
2023/1/12,18.18,18.49,18.51,17.96,-1.68,0.11,屎v0忑.警,忑,y戊↘忑-18.Z-2暂,跌.尾连WW.W3,5暂.__Aa龙猪._主,,-2,-19,-19,NA,,空长,-0.3,-3.1,2.1,,
,-1550,5,1.27
2023/1/13,18.41,18.18,18.41,18.12,1.27,1.27,屎v0忑.警,忑,y戊↘忑-19.Z-3暂,跌.尾反孕Wo,5暂.__Aa龙猪._主,,-3,-20,-20,NA,,空长,-0.5,-3.2,2.4,,
,100,5,2.17
2023/1/16,18.79,18.41,18.81,18.41,2.06,2.17,屎v1忑.警,忑,y戊↘忠-20.I暂,升.尾连oQ.Q2,4暂.__Be龙管根._主,,1,-21,-21,NA,,空长,1.4,-2.7,2.1,,
,95,5,0.75
2023/1/17,18.75,18.93,18.93,18.59,-0.21,0.75,屎v2忑,忑,r己↗忐-21.B2暂,升.尾反孕Qv,4暂.__Fe震正根.储,,2,-22,-22,NA,,空长,1.7,-2.3,1.7,,
,-29,5,2.88
2023/1/18,19.21,18.73,19.29,18.72,2.45,2.88,屎V5忠.盈,忠,a甲↗上1.B3暂,升.尾吞vO,4暂.Aa龙猪.储,a,3,1,-23,NA,,空长,2.9,-1.5,2.9,1,
1,85,7,0.52
2023/1/19,19.31,19.2,19.31,19.1,0.52,0.52,屎V5忠.盈,忠,a甲↗上2.A4,升.尾连OQ.Q2,0橅.Aa龙猪.储,a,4,2,-24,NA,,空长,2.1,-0.8,2.1,1,
1,100,7,0.93
2023/1/20,19.42,19.37,19.49,19.24,0.57,0.93,屎V5忠.盈,忠,a甲↗上3.A5,升.尾连QQ.Q3,0橅.Aa龙猪.储,a连3,5,3,-25,NA,,空长,2.3,-0.1,2.3,2,
2,61,6,1.34
2023/1/30,19.64,19.55,19.68,19.45,1.13,1.34,屎V6忐.盈,忐,a甲↗上4.A6,升.尾连QQ.Q4,0橅.Aa龙猪.初,a连4,6,4,-26,NA,,空看,2.4,0.6,2.4,2,
2,85,6,0.56
2023/1/31,19.73,19.69,19.75,19.4,0.46,0.56,屎V6忐.盈,忐,a甲↗上5.A7,升.尾连QQ.Q5,0橅.Aa龙猪.初,a连5,7,5,-27,NA,,空看,2,1.1,2,3,
3,82,6,1.77
2023/2/1,20.04,19.74,20.08,19.73,1.57,1.77,屎V6忐.盈,忐,a甲↗上6.A8,升.尾连QQ.Q6,0橅.Aa龙猪.初,a连6,8,6,-28,NA,,空看,2.7,1.8,2.7,4,
4,89,5,1.05
2023/2/2,20.18,20.01,20.25,19.95,0.7,1.05,屎E9忐.盈,忐,a甲↗上7.A9,升.尾连QQ.Q7,0橅.Aa龙猪.初,a连7,9,7,1,持主,,多被,2.6,2.4,2.6,5,
5,67,5,0.94
2023/2/3,20.17,20.17,20.37,19.89,-0.05,0.94,屎E9忐.盈,忐,a甲↗上8.A10,升.尾反孕Qv,0橅.Aa龙猪.初,a,10,8,2,持主,,多被,2.5,2.7,2.5,5,
5,-5,5,0.69
2023/2/6,20.23,20.23,20.31,20.06,0.3,0.69,屎E9忐,忐,a甲↗上9.A11,升.尾吞vO,0橅.Aa龙猪.初,,11,9,3,持主,,多被,1.7,3,2,4,
4,43,5,0.69
2023/2/7,20.31,20.37,20.37,20.19,0.4,0.69,屎E9忐.盈,忐,a甲↗上10.A12,升.尾连OQ.Q2,0橅.Aa龙猪.主,a,12,10,4,持主,,多被,1.5,3.1,1.5,4,
4,57,3,1.43
2023/2/8,20.42,20.32,20.6,20.29,0.54,1.43,屎E9忐.盈,忐,a甲↗上11.A13,升.尾连QQ.Q3,0橅.Aa龙猪.主,a连3,13,11,5,持主,,多被,2.1,3.3,2.1,5,
5,38,4,0.98
2023/2/9,20.61,20.33,20.62,20.26,0.93,0.98,屎E9忐.盈,忐,a甲↗上12.A14,升.尾连QQ.Q4,0橅.Aa龙猪.主,a连4,14,12,6,持主,,多被,1.6,3.5,1.6,5,
5,95,4,0.78
2023/2/10,20.64,20.69,20.77,20.42,0.15,0.78,唏E0上.盈,上,a甲↗上13.A15,升.尾连QQ.Q5,0橅.Aa龙猪.主,a连5,15,13,7,持主,,多被,1.8,3.6,1.8,5,
5,19,4,1.74
2023/2/13,20.97,20.63,21,20.62,1.6,1.74,唏E0上.盈,上,a甲↗上14.A16,升.尾连QQ.Q6,0橅.Aa龙猪.主,a连6,16,14,8,持主,,多被,2.2,3.9,2.2,6,
6,92,4,0.62
2023/2/14,21.03,20.97,21.1,20.82,0.29,0.62,唏E0上.盈,上,a甲↗上15.A17,升.尾连QQ.Q7,0橅.Aa龙猪.主,a连7,17,15,9,持主,,多被,2,4.2,2,6,
6,46,4,2.04
2023/2/15,21.29,21.06,21.46,20.96,1.24,2.04,唏E0上.盈,上,a甲↗上16.A18,升.尾连QQ.Q8,0橅.Aa龙猪.主,a连8,18,16,10,持主,,多被,2.9,4.5,2.9,7,
7,60,6,0.66
2023/2/16,20.65,21.43,21.43,20.53,-3.01,0.66,唏E2上,上,b乙→中17.Y,(升)人.连后吞QV,5蛀.Be龙管根.主,,-1,17,11,持被,,多被,2.8,4.1,3,7,
7,-457,5,3
2023/2/17,20.76,20.61,21.27,20.6,0.53,3,唏E2上,上,b乙→中18.Z-2,(升)人.连后吞QVo,5蛀.Be龙管根.主,,-2,18,12,持被,,多被,2.1,3.7,3.1,6,
6,18,5,0.77
2023/2/20,20.83,20.88,20.92,20.43,0.34,0.77,唏E2上,上,b乙→中19.Z-3,升.尾连oQ.Q2,5蛀.Fe震正根.主,,-3,19,13,持被,,多被,0.5,3.4,3.1,6,
6,44,5,1.58
2023/2/21,20.88,21.16,21.16,20.68,0.24,1.58,唏E0上.盈,上,b乙↗上20.I暂,升.尾连QQ.Q3,4暂.Fd震正芽.主,连3,1,20,14,持主,,多被,1.6,3.2,3,6,
6,15,5,1.05
2023/2/22,21.05,20.55,21.1,20.55,0.81,1.05,唏E0上.盈,上,b乙↗上21.B2暂,升.尾连QQ.Q4,4暂.Fd震正芽.主,连4,2,21,15,持主,,多被,1,3.2,2.6,5,
6,77,5,0.1
2023/2/23,20.87,21.02,21.07,20.75,-0.86,0.1,唏E0上,上,b乙↗上22.B3暂,升.尾反孕Qv,4暂.Fd震正芽.主,,3,22,16,持主,,多被,0.9,3,1.8,4,
5,-900,4,2.11
2023/2/24,21.19,20.79,21.31,20.79,1.53,2.11,唏E0上.盈,上,b乙↗上23.A4,升.尾吞vO,0橅.Fd震正芽.主,雀,4,23,17,持主,,多被,1.7,3,1.7,4,
5,73,4,0.61
2023/2/27,20.79,21.32,21.32,20.57,-1.89,0.61,唏E2上.盈,上,b乙→中24.Y,升.尾反孕vOv,5蛀.Fe震正根.主,雀,-1,24,18,持被,,多被,1.8,2.7,1.8,4,
5,-308,4,0.34
2023/2/28,20.8,20.59,20.86,20.55,0.05,0.34,唏E2上,上,b乙→中25.Z-2,(升)人.孕孕vo,5蛀.Fe震正根.主,,-2,25,19,持被,,多被,-0.2,2.3,2,4,
5,14,4,0.72
2023/3/1,20.87,20.85,20.95,20.71,0.34,0.72,唏E2上,上,b乙→中26.Z-3,升.尾连oQ.Q2,5蛀.Fe震正根.主,,-3,26,20,持被,,多被,0.3,2.1,2.1,4,
4,47,4,1.1
2023/3/2,20.82,20.94,21.1,20.81,-0.24,1.1,唏E2上,上,b乙→中27.Z-4,(升)人.连后吞QV,7姗.Fe震正根.主,,-4,27,21,持被,,多被,1.1,1.9,2.2,4,
4,-22,4,1.01
2023/3/3,20.69,21.03,21.03,20.52,-0.62,1.01,唏E1上.被,上,c丙↘下28.Z-5,跌.尾连VW.W2,7姗.Fe震正根.破,,-5,28,22,持被,,多被,1,1.6,2.4,3,
3,-62,4,0.53
2023/3/6,20.69,20.71,20.8,20.55,0,0.53,唏E1上.被,上,c丙↘下29.Z-6,跌.尾反孕Wo,7姗.Fe震正根.破,,-6,29,23,持被,,多被,0.1,1.3,1.5,2,
3,0,3,0.53
2023/3/7,20.44,20.68,20.8,20.43,-1.21,0.53,唏E3上.警,上,z丁↘忑-1.Z-7,跌.尾吞oV,9妩.Ff震负.破,,-7,30,24,持被,,多被,0.5,0.9,1.9,2,
3,-227,3,1.52
2023/3/8,20.72,20.4,20.75,20.32,1.37,1.52,唏E3上.警,上,z丁↘忑-2.Z-8,(跌)人.吞吞oVO,8姖.Ff震负.破,,-8,31,25,持被,,多被,0.3,0.8,2,2,
3,90,4,2.17
2023/3/9,21.1,20.8,21.17,20.68,1.83,2.17,唏E0上.盈,上,a甲↗上1.I,升.尾连OQ.Q2,4蛀.Dd头正芽.再C,雀,1,32,26,持主,,多被,1.9,1,1.9,2,
3,84,4,1.09
2023/3/10,21.1,21.09,21.33,20.98,0,1.09,唏E0上.盈,上,a甲↗上2.B2,升.尾连QQ.Q3,4蛀.Aa龙猪.再C,a连3,2,33,27,持主,,多被,2.2,1.3,2.2,3,
3,0,5,1.09
2023/3/13,20.75,21.2,21.33,20.71,-1.66,1.09,唏E2上.盈,上,b乙→中3.Y暂,(升)人.连后吞QV,5暂.Be龙管根.再C,a,-1,34,28,持被,,多被,2.2,1.2,2.2,3,
3,-152,5,0.43
2023/3/14,20.48,20.78,20.84,20.28,-1.3,0.43,唏e5中.警,中,z丁↘忑-1.Z-2暂,跌.尾连VW.W2,5暂.__Aa龙猪._破,,-2,-1,29,卖浮,,多被,0.3,0.8,2.7,,
,-300,5,3.03
2023/3/15,20.82,20.48,21.1,20.46,1.66,3.03,唏E3上.警,上,z丁↘忑-2.Z-3暂,(跌)人.连后吞WO,5暂.Ff震负.破,,-3,1,30,持被,,多被,1.6,0.7,2.7,3,
3,55,5,1.34
2023/3/16,20.63,21.1,21.1,20.63,-0.91,1.34,唏E3上.警,上,z丁↘忑-3.Z-4,(跌)人.连后吞WOv,8姖.Ff震负.破,,-4,2,31,持被,,多被,1.8,0.5,2.9,3,
3,-68,5,1.6
2023/3/17,20.63,20.67,20.96,20.59,0,1.6,唏E3上.警,上,z丁↘忑-4.Z-5,(人)人.孕孕vo,8姖.Ff震负.破,,-5,3,32,持被,,多被,1.2,0.4,3,3,
3,0,5,0.73
2023/3/20,20.47,20.65,20.78,20.37,-0.78,0.73,唏e5中.警,中,z丁↘忑-5.Z-6,跌.尾吞oV,8姖.__Fa震正〇._破,,-6,-1,33,卖浮,,多被,0.7,0.1,2.2,,
,-107,4,2.1
2023/3/21,20.81,20.48,20.9,20.48,1.66,2.1,唏E3上,上,r己↗忐-6.I,(跌)人.吞吞oVO,4蛀.Df头负.再C,,1,1,34,持主,,多被,1.1,0.2,2.1,2,
3,79,4,2.02
2023/3/22,21.05,20.62,21.23,20.62,1.15,2.02,唏E0上.盈,上,a甲↗上1.B2,升.尾连OQ.Q2,4蛀.Dd头正芽.再C,雀,2,2,35,持主,,多被,2.3,0.5,2.3,2,
3,57,4,0.24
2023/3/23,21.04,21.06,21.1,20.9,-0.05,0.24,唏E0上,上,a甲↗上2.B3,升.尾反孕Qv,4蛀.Dd头正芽.再C,,3,3,36,持主,,多被,1.2,0.8,1.9,2,
3,-20,4,2.19
2023/3/24,21.02,21.04,21.5,20.99,-0.1,2.19,唏E0上.盈,上,a甲↗上3.A4,跌.尾连vW.W2,2栅.Bc龙管栅.再C,a,4,4,37,持主,,多被,2.9,1,2.9,3,
3,-4,6,0.76
2023/3/27,20.97,21.18,21.18,20.64,-0.24,0.76,唏E0上,上,a甲↗上4.A5,跌.尾连WW.W3,3桮.Bd龙管杂.再C,,5,5,38,持主,,多被,1.2,1,2.7,3,
3,-31,5,1.29
2023/3/28,20.94,21.13,21.24,20.93,-0.14,1.29,唏E0上,上,a甲↗上5.A6,跌.尾连WW.W4,3桮.Bd龙管杂.主,,6,6,39,持主,,多被,1.4,0.9,2.7,3,
3,-11,4,0
2023/3/29,20.69,20.94,20.94,20.52,-1.19,0,唏E1上.被,上,c丙↘下6.Y,跌.尾连WW.W5,5蛀.Fe震正根.破,,-1,7,40,持被,,多被,0.3,0.7,2.9,3,
3,0,5,0.24
2023/3/30,20.39,20.68,20.74,20.28,-1.45,0.24,唏e5中.警,中,z丁↘忑-1.Z-2,跌.尾连WW.W6,5蛀.__Aa龙猪._破,,-2,-1,41,卖浮,,多被,-0.1,0.2,3.6,,
,-600,6,0.93
2023/3/31,20.36,20.28,20.58,20.11,-0.15,0.93,唏e6下.警,下,z丁↘忑-2.Z-3,跌.尾连WW.W7,5蛀.__Aa龙猪._初,,-3,-2,42,卖浮,,多被,-0.3,-0.3,2.9,,
,-16,6,0.93
2023/4/3,20.53,20.38,20.55,20.24,0.83,0.93,唏e5中.警,中,z丁↘忑-3.Z-4,(跌)人.连后吞WO,8姖.__Aa龙猪._初,,-4,-3,43,卖浮,,多被,-0.2,-0.4,3.1,,
,89,6,4.72
2023/4/4,20.69,20.71,21.5,20.64,0.78,4.72,唏e5中.警,中,y戊↘忠-4.I,升.尾连OQ.Q2,4蛀.__Be龙管根._初,,1,-4,44,卖浮,,多被,4.3,-0.4,4.3,,
,16,7,6.23
2023/4/6,21.84,20.69,21.98,20.69,5.56,6.23,唏E0上.盈,上,a甲↗上1.B2,升.尾连QQ.Q3,4蛀.Aa龙猪.再D,a连3高,2,1,45,持主,,多被,5.3,0.7,5.3,5,
5,89,9,0.55
2023/4/7,21.42,21.72,21.96,21.42,-1.92,0.55,唏E0上,上,a甲↗上2.B3,升.尾反孕Qv,4蛀.Aa龙猪.再D,,3,2,46,持主,,多被,4.3,1.3,4.4,5,
5,-350,9,2.52
2023/4/10,21.14,21.41,21.96,21.07,-1.31,2.52,唏E0上,上,a甲↗上3.A4,跌.尾连vW.W2,2栅.Bc龙管栅.再D,,4,3,47,持主,,多被,4,1.4,4.1,5,
5,-52,9,1.09
2023/4/11,20.87,21.37,21.37,20.81,-1.28,1.09,唏E2上,上,b乙→中4.Y,跌.尾连WW.W3,5蛀.Fe震正根.再D,,-1,4,48,持被,,多被,1.4,1.2,4.3,5,
5,-117,6,0.81
2023/4/12,21.02,20.99,21.04,20.59,0.72,0.81,唏E2上,上,b乙→中5.Z-2,跌.尾反孕Wo,5蛀.Fe震正根.再B,,-2,5,49,持被,,多被,-0.1,1,4.4,5,
5,88,7,0
2023/4/13,20.73,20.98,21.02,20.64,-1.38,0,唏e5中.被,中,c丙↘下6.Z-3,跌.尾吞oV,5蛀.__Df头负._破,,-3,-1,50,卖浮,,多被,0.2,0.6,4.7,,
,0,7,4.73
2023/4/14,21.23,20.86,21.71,20.7,2.41,4.73,唏E0上,上,b乙↗上7.I暂,(跌)人.吞吞oVO,4暂.Dd头正芽.再B,,1,1,51,持主,,多被,3.3,0.7,4.5,5,
5,51,7,1.65
2023/4/17,21.48,21.22,21.58,21.15,1.18,1.65,唏E0上,上,b乙↗上8.B2暂,升.尾连OQ.Q2,4暂.Dd头正芽.再B,,2,2,52,持主,,多被,2.1,1.1,2.7,3,
5,71,5,0.98
2023/4/18,21.48,21.69,21.69,21.14,0,0.98,唏E0上.盈,上,b乙↗上9.B3暂,升.尾连QQ.Q3,4暂.Dd头正芽.再B,连3,3,3,53,持主,,多被,2.2,1.4,2.3,3,
4,0,5,0
2023/4/19,21.04,21.29,21.48,21.01,-2.05,0,唏E2上,上,b乙→中10.Y暂,(升)人.连后吞QV,5暂.De头正根.再B,,-1,4,54,持被,,多被,1.3,1.2,2.3,3,
4,0,5,-0.05
2023/4/20,20.51,21.03,21.03,20.32,-2.52,-0.05,唏e5中.被,中,c丙↘下11.Z-2暂,跌.尾连VW.W2,5暂.__Df头负._破,,-2,-1,55,卖浮,,多被,-0.1,0.5,3.1,,
,0,7,0.44
2023/4/21,19.38,20.6,20.6,19.36,-5.51,0.44,屎v9下.警,下,z丁↘忑-1.Z-3暂,跌.尾连WW.W3,5暂.__Aa龙猪._初,,-3,-2,-1,NA,,空长,-0.2,-1,5.1,,
,-1256,12,1.44
2023/4/24,19.05,19.38,19.66,18.9,-1.7,1.44,屎v9下.警,下,z丁↘忑-2.Z-4,跌.尾连WW.W4,9妩.__Aa龙猪._初,,-4,-3,-2,NA,,空长,-2.7,-2.6,7.4,,
,-118,15,0.26
2023/4/25,18.33,19.01,19.1,18.33,-3.78,0.26,屎v9下.警,下,z丁↘忑-3.Z-5,跌.尾连WW.W5,9妩.__Aa龙猪._初,,-5,-4,-3,NA,,空长,-3,-4.4,9.1,,
,-1440,17,2.89
2023/4/26,18.54,18.32,18.86,18.28,1.15,2.89,屎v0忑.警,忑,z丁↘忑-4.Z-6,跌.尾反孕Wo,9妩.__Aa龙猪._初,,-6,-5,-4,NA,,空长,-2.4,-5.5,8.9,,
,40,15,4.26
2023/4/27,19.14,18.29,19.33,18.29,3.24,4.26,屎v0忑.警,忑,z丁↘忑-5.Z-7,升.尾连oQ.Q2,7姗.__Bb龙管杂._初,,-7,-6,-5,NA,,空长,0.7,-5.6,7.3,,
,76,13,2.51
2023/4/28,19.54,18.96,19.62,18.91,2.09,2.51,屎v1忑.警,忑,y戊↘忠-6.I,升.尾连QQ.Q3,4蛀.__Be龙管根._主,,1,-7,-6,NA,,空长,1.9,-5,2.2,,
,83,8,4.5
2023/5/4,20.32,19.63,20.42,19.52,3.99,4.5,屎v2忑,忑,r己↗忐-7.B2,升.尾连QQ.Q4,4蛀.__Fe震正根.储,,2,-8,-7,NA,,空长,4.7,-3.7,4.7,,
,89,12,0.94
2023/5/5,19.99,20.47,20.51,19.88,-1.62,0.94,屎v2忑,忑,r己↗忐-8.B3,升.尾反孕Qv,4蛀.__Fe震正根.储,,3,-9,-8,NA,,空长,4.3,-2.8,4.3,,
,-174,12,2.3
2023/5/8,20.16,20.34,20.45,19.98,0.85,2.3,屎v2忑,忑,r己↗忐-9.A4,(升)人.孕孕vo,0橅.__Fe震正根.储,,4,-10,-9,NA,,空长,3.2,-2,3.5,,
,37,12,0.45
2023/5/9,19.55,20.21,20.25,19.55,-3.03,0.45,屎v0忑.警,忑,y戊↘忑-10.Y,跌.尾吞oV,5蛀.__Fa震正〇._再B,,-1,-11,-10,NA,,空长,2.4,-1.9,3.7,,
,-678,8,1.23
2023/5/10,19.59,19.55,19.79,19.45,0.2,1.23,屎v0忑.警,忑,y戊↘忑-11.Z-2,跌.尾反孕oVo,5蛀.__Fa震正〇._再B,,-2,-12,-11,NA,,空长,0.3,-2,3.9,,
,17,5,2.25
2023/5/11,19.97,19.74,20.03,19.71,1.94,2.25,屎v2忑,忑,r己↗忐-12.I暂,升.尾连oQ.Q2,4暂.__Fe震正根.储,,1,-13,-12,NA,,空长,1.3,-1.7,3.7,,
,86,5,6.91
2023/5/12,20.77,20.16,21.35,19.97,4.01,6.91,唏E9忐.盈,忐,a甲↗上1.B2暂,升.尾连QQ.Q3,4暂.Aa龙猪.储,a连3高,2,1,1,持主,,多被,6.7,-0.7,6.7,6,
6,58,10,12.18
2023/5/15,22.77,21.01,23.3,20.83,9.63,12.18,唏E9忐.盈,忐,a甲↗上2.B3暂,升.尾连QQ.Q4,4暂.Aa龙猪.初,a连4高,3,2,2,持主,,多被,12.7,1.9,12.7,14,
14,79,20,0.75
2023/5/16,21.81,22.36,22.94,21.4,-4.22,0.75,唏E9忐.盈,忐,a甲↗上3.A4,升.尾反孕Qv,0橅.Aa龙猪.初,偏,4,3,3,持主,,多被,8.9,3.3,10.6,14,
14,-565,20,4.26
2023/5/17,22.33,21.69,22.74,21.66,2.38,4.26,唏E0上.盈,上,a甲↗上4.A5,(升)人.孕孕vo,0橅.Aa龙猪.初,偏,5,4,4,持主,,多被,6.1,4.4,8.7,13,
13,56,18,10.88
2023/5/18,23.4,22.52,24.76,22.18,4.79,10.88,唏E0上.盈,上,a甲↗上5.A6,升.尾连oQ.Q2,0橅.Aa龙猪.初,a高,6,5,5,持主,,多被,12.8,6,12.8,19,
19,44,24,0.9
2023/5/19,22.65,23.61,23.61,22.48,-3.21,0.9,银E0上.盈,上,a甲↗上6.A7,升.尾反孕Qv,0橅.Aa龙猪.初,偏,7,6,6,持主,,多被,6.2,6.5,11.4,18,
18,-357,19,2.25
2023/5/22,22.57,22.89,23.16,22.43,-0.35,2.25,银E0上,上,a甲↗上7.A8,跌.尾连vW.W2,2栅.Bc龙管栅.主,,8,7,7,持主,,多被,3.6,6.5,10.7,17,
17,-16,16,0.84
2023/5/23,22.28,22.54,22.76,22.21,-1.28,0.84,银E0上,上,a甲↗上8.A9,跌.尾连WW.W3,3桮.Fa震正〇.主,,9,8,8,持主,,多被,1.7,6.1,10.7,17,
17,-153,14,0.27
2023/5/24,22.12,21.99,22.34,21.82,-0.72,0.27,银E2上,上,b乙→中9.Y,跌.尾连WW.W4,5蛀.Fe震正根.主,,-1,9,9,持被,,多被,0.1,5.4,10.9,16,
16,-267,13,0.05
2023/5/25,21.97,21.99,22.13,21.61,-0.68,0.05,银E2上,上,b乙→中10.Z-2,跌.尾连WW.W5,5蛀.Fe震正根.主,,-2,10,10,持被,,多被,-0.5,4.6,6.2,11,
16,-1500,9,0.73
2023/5/26,21.79,22.13,22.13,21.46,-0.82,0.73,银E2上,上,b乙→中11.Z-3,跌.尾连WW.W6,5蛀.Fe震正根.主,,-3,11,11,持被,,多被,0.1,3.9,4.7,8,
16,-112,8,1.28
2023/5/29,21.68,21.77,22.07,21.51,-0.5,1.28,银E1上.被,上,c丙↘下12.Z-4,跌.尾连WW.W7,9妩.Fe震正根.破,,-4,12,12,持被,,多被,0.4,3.1,3.5,6,
16,-39,6,1.85
2023/5/30,22.05,21.65,22.08,21.53,1.71,1.85,银E2上,上,b乙→中13.Z-5,(跌)人.连后吞WO,8姖.De头正根.再B,,-5,13,13,持被,,多被,0.5,2.8,1.7,4,
15,93,4,3.27
2023/5/31,22.22,21.87,22.77,21.87,0.77,3.27,银E0上.盈,上,b乙↗上14.I,升.尾连OQ.Q2,4蛀.Dd头正芽.再B,雀,1,14,14,持主,,多被,3.4,2.8,3.4,6,
15,24,6,2.75
2023/6/1,21.95,22.33,22.83,21.79,-1.22,2.75,银E2上.盈,上,b乙→中15.Y暂,升.尾反孕Qv,5暂.De头正根.再B,雀,-1,15,15,持被,,多被,3.7,2.6,3.7,6,
9,-44,6,1.41
2023/6/2,21.94,22.16,22.26,21.78,-0.05,1.41,银E2上,上,b乙→中16.Z-2暂,跌.尾连vW.W2,5暂.De头正根.再B,,-2,16,16,持被,,多被,1.2,2.3,3.8,6,
7,-3,6,1.55
2023/6/5,22.17,21.96,22.28,21.72,1.05,1.55,银E0上,上,b乙↗上17.I暂,(跌)人.连后吞WO,4暂.Dd头正芽.再B,,1,17,17,持主,,多被,1.1,2.2,3.6,5,
5,68,6,0.59
2023/6/6,21.32,22.26,22.3,21.32,-3.83,0.59,银E1上.被,上,c丙↘下18.Y暂,(人)人.吞吞* OV,5暂.Fe震正根.破,,-1,18,18,持被,,多被,1.9,1.5,4.3,5,
5,-654,7,2.44
2023/6/7,21.67,21.63,21.84,21.4,1.64,2.44,银E3上.警,上,z丁↘忑-1.Z-2暂,(人)人.吞吞* OV,5暂.Ff震负.破,,-2,19,19,持被,,多被,0.2,1.1,4.7,5,
5,67,7,1.06
2023/6/8,21.17,21.89,21.9,21.06,-2.31,1.06,银e5中.警,中,z丁↘忑-2.Z-3暂,跌.尾吞oV,5暂.__Aa龙猪._破,,-3,-1,20,卖浮,,多被,1.2,0.5,3,,
,-217,6,1.94
2023/6/9,21.3,21.31,21.58,21.03,0.61,1.94,唏e5中.警,中,z丁↘忑-3.Z-4,跌.尾反孕oVo,9妩.__Aa龙猪._破,,-4,-2,21,卖浮,,多被,0.2,0,3.6,,
,32,6,0.7
2023/6/12,21.03,21.35,21.45,20.52,-1.27,0.7,唏e5中.警,中,z丁↘忑-4.Z-5,跌.尾吞oV,9妩.__Aa龙猪._初,,-5,-3,22,卖浮,,多被,0.3,-0.5,4.2,,
,-180,9,1.81
2023/6/13,21.16,21.26,21.41,20.97,0.62,1.81,唏e5中.警,中,z丁↘忑-5.Z-6,跌.尾反孕oVo,9妩.__Aa龙猪._初,,-6,-4,23,卖浮,,多被,0.5,-0.7,2.8,,
,34,7,0.61
2023/6/14,20.89,21.21,21.29,20.82,-1.28,0.61,唏e6下.警,下,z丁↘忑-6.Z-7,跌.尾吞oV,9妩.__Aa龙猪._初,,-7,-5,24,卖浮,,多被,0.4,-1.1,3.3,,
,-208,7,0.38
2023/6/15,20.68,20.97,20.97,20.63,-1.01,0.38,唏v9下.警,下,z丁↘忑-7.Z-8,跌.尾连VW.W2,9妩.__Fa震正〇._初,,-8,-6,-1,NA,,空长,-0.4,-1.5,2.5,,
,-263,5,1.11
2023/6/16,20.67,20.65,20.91,20.58,-0.05,1.11,唏v9下.警,下,z丁↘忑-8.Z-9,跌.尾连WW.W3,9妩.__Fa震正〇._初,,-9,-7,-2,NA,,空长,-0.2,-1.8,2.4,,
,-4,5,2.32
2023/6/19,20.84,20.69,21.15,20.54,0.82,2.32,唏v9下.警,下,z丁↘忑-9.Z-10,(跌)人.连后吞WO,8姖.__Fa震正〇._初,,-10,-8,-3,NA,,空长,1.2,-1.9,2.5,,
,35,4,1.44
2023/6/20,20.57,20.84,21.14,20.25,-1.3,1.44,唏v9下.警,下,z丁↘忑-10.Z-11,(人)人.吞吞* OV,8姖.__Aa龙猪._初,,-11,-9,-4,NA,,空长,1.6,-2.1,2.3,,
,-90,5,0.78
2023/6/21,20.07,20.57,20.73,20.06,-2.43,0.78,屎v9下.警,下,z丁↘忑-11.Z-12,跌.尾连VW.W2,8姖.__Aa龙猪._主,,-12,-10,-5,NA,,空长,0.5,-2.6,2.5,,
,-312,5,0.9
2023/6/26,19.92,20.1,20.25,19.82,-0.75,0.9,屎v9下.警,下,z丁↘忑-12.Z-13,跌.尾连WW.W3,8姖.__Aa龙猪._主,,-13,-11,-6,NA,,空长,-0.9,-3.1,3.5,,
,-83,7,2.86
2023/6/27,20.43,19.93,20.49,19.93,2.56,2.86,屎v9下.警,下,z丁↘忑-13.Z-14,(跌)人.连后吞WO,8姖.__Aa龙猪._主,,-14,-12,-7,NA,,空长,0.5,-3.1,3.8,,
,89,7,1.32
2023/6/28,20.62,20.41,20.7,19.95,0.93,1.32,屎v9下.警,下,y戊↘忠-14.I,升.尾连OQ.Q2,4蛀.__Be龙管根._主,,1,-13,-8,NA,,空长,1.3,-2.7,3.5,,
,70,7,3.98
2023/6/29,21.22,20.54,21.44,20.44,2.91,3.98,屎e5中,中,r己↗忐-15.B2,升.尾连QQ.Q3,4蛀.__Fe震正根.储,,2,-14,1,卖浮,,多被,4,-1.8,4,,
,73,8,1.7
2023/6/30,21.5,21.49,21.58,21.06,1.32,1.7,唏E4上.盈,上,a甲↗上1.B3,升.尾连QQ.Q4,4蛀.Aa龙猪.储,a连4,3,1,2,持主,,多被,3.5,-0.8,3.5,2,
2,78,9,1.35
2023/7/3,21.47,21.61,21.79,21.3,-0.14,1.35,唏E4上.盈,上,a甲↗上2.A4,(升)人.连后吞QV,1柜.Aa龙猪.储,a,4,2,3,持主,,多被,3.6,0,3.6,3,
3,-10,9,2.28
2023/7/4,21.89,21.34,21.96,21.26,1.96,2.28,唏E4上.盈,上,a甲↗上3.A5,(人)人.吞吞* VO,1柜.Aa龙猪.初,a,5,3,4,持主,,多被,3.2,0.8,3.2,4,
4,86,10,0
2023/7/5,21.74,21.89,21.89,21.57,-0.69,0,唏E0上,上,a甲↗上4.A6,(人)人.吞吞* VO,1柜.Aa龙猪.初,,6,4,5,持主,,多被,2.2,1.3,2.5,3,
3,0,7,0.87
2023/7/6,21.59,21.82,21.93,21.52,-0.69,0.87,唏E0上,上,a甲↗上5.A7,跌.尾连vW.W2,2栅.Bc龙管栅.初,,7,5,6,持主,,多被,2,1.5,2.1,3,
3,-79,4,0.6
2023/7/7,21.46,21.59,21.72,21.33,-0.6,0.6,唏E0上,上,a甲↗上6.A8,跌.尾连WW.W3,3桮.Fa震正〇.初,,8,6,7,持主,,多被,1,1.4,2.1,3,
3,-100,3,1.44
2023/7/10,21.33,21.69,21.77,21.16,-0.61,1.44,唏E2上,上,b乙→中7.Y,跌.尾连WW.W4,5蛀.Fe震正根.初,,-1,7,8,持被,,多被,1.4,1.2,2.3,3,
3,-42,4,4.78
2023/7/11,22.11,21.45,22.35,21.33,3.66,4.78,唏E0上.盈,上,b乙↗上8.I暂,(跌)人.连后吞WO,4暂.Aa龙猪.主,a,1,8,9,持主,,多被,3.5,1.6,3.5,5,
5,76,6,0.45
2023/7/12,21.71,22.21,22.21,21.67,-1.81,0.45,唏E0上,上,b乙↗上9.B2暂,(跌)人.连后吞WOv,4暂.Aa龙猪.主,,2,9,10,持主,,多被,2.6,1.6,3.2,4,
4,-400,6,1.47
2023/7/13,21.62,21.76,22.03,21.5,-0.41,1.47,唏E0上,上,b乙↗上10.B3暂,跌.尾连vW.W2,4暂.Aa龙猪.主,,3,10,11,持主,,多被,1.7,1.5,3.2,4,
4,-28,6,3.01
2023/7/14,21.86,21.72,22.27,21.63,1.11,3.01,银E0上,上,b乙↗上11.A4,(跌)人.连后吞WO,2栅.Fa震正〇.主,,4,11,12,持主,,多被,2.6,1.6,3,4,
4,37,6,0.18
2023/7/17,21.89,21.9,21.9,21.31,0.14,0.18,银E0上,上,b乙↗上12.A5,升.尾连OQ.Q2,2栅.Fa震正〇.主,,5,12,13,持主,,多被,0.7,1.7,2.7,4,
4,75,5,0.23
2023/7/18,21.75,21.88,21.94,21.54,-0.64,0.23,银E0上,上,b乙↗上13.A6,(升)人.连后吞QV,2栅.Fa震正〇.主,,6,13,14,持主,,多被,0.8,1.6,2.3,3,
4,-280,5,1.43
2023/7/19,21.64,21.96,22.06,21.57,-0.51,1.43,银E2上,上,b乙→中14.Y,跌.尾连VW.W2,5蛀.Fe震正根.主,,-1,14,15,持被,,多被,1.5,1.4,2.4,3,
4,-35,5,0.97
2023/7/20,21.4,21.75,21.85,21.38,-1.11,0.97,银E1上.被,上,c丙↘下15.Z-2,跌.尾连WW.W3,5蛀.Fe震正根.破,,-2,15,16,持被,,多被,0.9,1,2.8,3,
4,-114,5,0.84
2023/7/21,21.3,21.54,21.58,21.11,-0.47,0.84,唏e5中.警,中,z丁↘忑-1.Z-3,跌.尾连WW.W4,5蛀.__Aa龙猪._破,,-3,-1,17,卖浮,,多被,0.1,0.5,2.3,,
,-56,5,2.77
2023/7/24,21.77,21.43,21.89,21.21,2.21,2.77,唏E0上,上,a甲↗上1.I暂,(跌)人.连后吞WO,4暂.Dd头正芽.再C,,1,1,18,持主,,多被,1.4,0.6,2.2,2,
4,80,5,1.24
2023/7/25,21.99,21.89,22.04,21.75,1.01,1.24,唏E0上,上,a甲↗上2.B2暂,升.尾连OQ.Q2,4暂.Dd头正芽.再C,,2,2,19,持主,,多被,1.7,0.9,1.7,2,
3,81,5,1.46
2023/7/26,22.16,22.07,22.31,21.93,0.77,1.46,唏E0上.盈,上,a甲↗上3.B3暂,升.尾连QQ.Q3,4暂.Aa龙猪.再C,a连3,3,3,20,持主,,多被,2.3,1.3,2.3,3,
3,53,6,0.99
2023/7/27,21.94,22.05,22.38,21.83,-0.99,0.99,唏E0上.盈,上,a甲↗上4.A4,(升)人.连后吞QV,1柜.Aa龙猪.再C,a,4,4,21,持主,,多被,2.4,1.4,2.4,3,
3,-100,6,0.23
2023/7/28,21.93,21.86,21.99,21.61,-0.05,0.23,银E0上,上,a甲↗上5.A5,跌.尾连VW.W2,2栅.Bc龙管栅.主,,5,5,22,持主,,多被,0.4,1.4,2.2,3,
3,-20,6,0.41
2023/7/31,21.89,21.89,22.02,21.6,-0.18,0.41,银E0上,上,a甲↗上6.A6,跌.尾连WW.W3,3桮.Bd龙管杂.主,,6,6,23,持主,,多被,0.6,1.3,2.2,3,
3,-44,4,0.73
2023/8/1,21.8,22.05,22.05,21.67,-0.41,0.73,银E2上,上,b乙→中7.Y,跌.尾连WW.W4,5蛀.Fe震正根.主,,-1,7,24,持被,,多被,0.8,1.1,2.3,3,
3,-56,4,0.87
2023/8/2,21.79,21.99,21.99,21.56,-0.05,0.87,银E2上,上,b乙→中8.Z-2,跌.尾连WW.W5,5蛀.Fe震正根.主,,-2,8,25,持被,,多被,0.6,1,2.4,3,
3,-5,4,0.37
2023/8/3,21.5,21.85,21.87,21.48,-1.33,0.37,银e5中.被,中,c丙↘下9.Z-3,跌.尾连WW.W6,5蛀.__Df头负._破,,-3,-1,26,卖浮,,多被,0.5,0.6,1.3,,
,-362,3,0.88
2023/8/4,20.97,21.69,21.69,20.93,-2.47,0.88,唏e6下.警,下,z丁↘忑-1.Z-4,跌.尾连WW.W7,9妩.__Aa龙猪._初,,-4,-2,27,卖浮,,多被,0.5,-0.2,2.2,,
,-279,5,0.05
2023/8/7,20.61,20.97,20.98,20.51,-1.72,0.05,唏v9下.警,下,z丁↘忑-2.Z-5,跌.尾连WW.W8,9妩.__Aa龙猪._初,,-5,-3,-1,NA,,空长,-1.6,-1.1,3.4,,
,-3600,8,1.41
2023/8/8,20.84,20.79,20.9,20.53,1.12,1.41,唏v9下.警,下,z丁↘忑-3.Z-6,跌.尾反孕Wo,9妩.__Aa龙猪._初,,-6,-4,-2,NA,,空长,-1.2,-1.6,4,,
,79,7,0.62
2023/8/9,20.68,20.84,20.97,20.54,-0.77,0.62,唏v9下.警,下,z丁↘忑-4.Z-7,跌.尾吞oV,9妩.__Aa龙猪._初,,-7,-5,-3,NA,,空长,-0.2,-2,4.1,,
,-123,7,1.79
2023/8/10,20.98,20.74,21.05,20.58,1.45,1.79,唏v9下.警,下,z丁↘忑-5.Z-8,(跌)人.吞吞oVO,8姖.__Fa震正〇._初,,-8,-6,-4,NA,,空长,0.4,-2,3.4,,
,81,6,2.43
2023/8/11,20.92,20.96,21.49,20.81,-0.29,2.43,唏v9下.警,下,z丁↘忑-6.Z-9,(跌)人.吞吞oVOv,8姖.__Fa震正〇._主,,-9,-7,-5,NA,,空长,2.6,-1.9,2.6,,
,-12,5,0.57
2023/8/14,20.94,20.71,21.04,20.41,0.1,0.57,唏v9下.警,下,z丁↘忑-7.Z-10,(人)人.孕孕vo,8姖.__Aa龙猪._主,,-10,-8,-6,NA,,空长,0.4,-1.8,2.6,,
,17,5,1.86
2023/8/15,21.06,20.73,21.33,20.62,0.57,1.86,唏v9下.警,下,y戊↘忠-8.I,升.尾连oQ.Q2,4蛀.__Be龙管根._主,,1,-9,-7,NA,,空长,1.7,-1.6,2.5,,
,31,5,1.9
2023/8/16,20.99,21.08,21.46,20.91,-0.33,1.9,唏v9下.警,下,y戊↘忠-9.B2,升.尾反孕Qv,4蛀.__Be龙管根._主,,2,-10,-8,NA,,空长,2.3,-1.4,2.4,,
,-17,5,2.14
2023/8/17,21.42,20.99,21.44,20.74,2.05,2.14,唏e5中,中,r己↗忐-10.B3,升.尾吞vO,4蛀.__Fe震正根.储,,3,-11,1,卖浮,,多被,1.7,-1,1.9,,
,96,5,2.66
2023/8/18,21.41,21.5,21.99,21.26,-0.05,2.66,唏E4上.盈,上,r己↗忐-11.A4,升.尾反孕vOv,0橅.Df头负.储,a,4,1,2,持主,,多被,3.8,-0.5,3.8,3,
3,-2,8,1.63
2023/8/21,21.53,21.53,21.76,21.35,0.56,1.63,唏E4上,上,a甲↗上1.A5,升.尾吞vO,0橅.Aa龙猪.储,,5,2,3,持主,,多被,2.3,-0.1,3.4,3,
3,34,7,0.88
2023/8/22,20.96,21.42,21.72,20.62,-2.65,0.88,唏e6下.被,下,c丙↘下2.Y,(升)人.吞吞vOV,5蛀.__Df头负._再C,,-1,-1,4,卖浮,,多被,2.3,-0.3,3.6,,
,-300,7,0.67
2023/8/23,20.66,20.96,21.1,20.64,-1.43,0.67,唏v0忑.警,忑,z丁↘忑-1.Z-2,跌.尾连VW.W2,5蛀.__Fa震正〇._再C,,-2,-2,-1,NA,,空长,0,-0.8,4.3,,
,-214,7,1.4
2023/8/24,20.42,20.91,20.95,20.12,-1.16,1.4,唏v0忑.警,忑,z丁↘忑-2.Z-3,跌.尾连WW.W3,5蛀.__Aa龙猪._再C,,-3,-3,-2,NA,,空长,0.2,-1.4,5.2,,
,-83,9,1.42
2023/8/25,20.25,20.54,20.71,20.11,-0.83,1.42,屎v0忑.警,忑,z丁↘忑-3.Z-4,跌.尾连WW.W4,9妩.__Aa龙猪._再C,,-4,-4,-3,NA,,空长,-0.1,-2,5,,
,-59,8,5.09
2023/8/28,19.91,21.28,21.28,19.72,-1.68,5.09,屎v0忑.警,忑,z丁↘忑-4.Z-5,跌.尾连WW.W5,9妩.__Aa龙猪._再C,,-5,-5,-4,NA,,空长,3.8,-2.7,5.9,,
,-33,10,6.78
2023/8/29,21.23,19.99,21.26,19.99,6.63,6.78,屎v2忑,忑,r己↗忐-5.I,跌.尾反孕Wo,4蛀.__Fe震正根.储,,1,-6,-5,NA,,空长,3.1,-2,3.2,,
,98,8,7.63
2023/8/30,22.63,21.39,22.85,21.3,6.59,7.63,屎E9忐.盈,忐,a甲↗上1.B2,升.尾连oQ.Q2,4蛀.Aa龙猪.储,a高,2,1,1,持主,,多被,8.4,-0.1,8.4,8,
8,86,16,0.53
2023/8/31,22.69,22.75,22.75,22.27,0.27,0.53,屎E9忐.盈,忐,a甲↗上2.B3,升.尾连QQ.Q3,4蛀.Aa龙猪.初,连3,3,2,2,持主,,多被,5.6,1.6,6,7,
7,50,16,1.19
2023/9/1,22.65,22.77,22.96,22.48,-0.18,1.19,银E0上.盈,上,a甲↗上3.A4,(升)人.连后吞QV,1柜.Aa龙猪.初,a,4,3,3,持主,,多被,4.9,2.7,4.9,7,
7,-15,16,1.77
2023/9/4,22.57,22.79,23.05,22.39,-0.35,1.77,银E0上.盈,上,a甲↗上4.A5,跌.尾连VW.W2,2栅.Bc龙管栅.初,a,5,4,4,持主,,多被,4.2,3.3,4.2,7,
7,-20,15,0.62
2023/9/5,22.55,22.63,22.71,22.3,-0.09,0.62,银E0上,上,a甲↗上5.A6,跌.尾连WW.W3,3桮.Bd龙管杂.初,,6,5,5,持主,,多被,2,3.6,3.5,7,
7,-14,8,0.49
2023/9/6,22.34,22.66,22.66,22.19,-0.93,0.49,银E0上,上,a甲↗上6.A7,跌.尾连WW.W4,3桮.Bd龙管杂.主,,7,6,6,持主,,多被,1.5,3.5,3.3,6,
6,-191,4,1.03
2023/9/7,22.08,22.34,22.57,22.04,-1.16,1.03,银E2上,上,b乙→中7.Y,跌.尾连WW.W5,5蛀.Fe震正根.主,,-1,7,7,持被,,多被,1.3,3.1,3.5,6,
6,-113,5,1.9
2023/9/8,22.14,22.26,22.5,22.04,0.27,1.9,银E2上,上,b乙→中8.Z-2,跌.尾反孕Wo,5蛀.Fe震正根.主,,-2,8,8,持被,,多被,1.2,2.7,3.7,6,
6,14,5,2.85
2023/9/11,22.51,22.48,22.77,22.25,1.67,2.85,银E0上.盈,上,b乙↗上9.I暂,升.尾连oQ.Q2,4暂.Fd震正芽.主,雀,1,9,9,持主,,多被,2.2,2.7,2.2,4,
6,59,3,0
2023/9/12,22.27,22.51,22.51,22.19,-1.07,0,银E0上,上,b乙↗上10.B2暂,(升)人.连后吞QV,4暂.Fd震正芽.主,,2,10,10,持主,,多被,1,2.5,2.1,4,
5,0,3,0
2023/9/13,21.92,22.27,22.27,21.78,-1.57,0,银E1上.被,上,c丙↘下11.Y暂,跌.尾连VW.W2,5暂.Fe震正根.破,,-1,11,11,持被,,多被,0.3,2,2.5,4,
5,0,5,1.19
2023/9/14,21.88,22.18,22.18,21.7,-0.18,1.19,银E1上.被,上,c丙↘下12.Z-2暂,跌.尾连WW.W3,5暂.Fe震正根.破,,-2,12,12,持被,,多被,0.3,1.5,2.9,4,
5,-15,5,2.61
2023/9/15,22.02,22.13,22.45,21.78,0.64,2.61,银E1上.被,上,c丙↘下13.Z-3暂,跌.尾反孕Wo,5暂.Fe震正根.破,,-3,13,13,持被,,多被,1.7,1.3,3.1,4,
5,25,5,3.59
2023/9/18,22.75,22.2,22.81,22.04,3.32,3.59,银E0上.盈,上,b乙↗上14.I暂,升.尾连oQ.Q2,4暂.Aa龙猪.再B,a,1,14,14,持主,,多被,2.7,1.7,2.7,4,
4,92,5,0.48
2023/9/19,22.42,22.75,22.86,22.24,-1.45,0.48,银E0上.盈,上,b乙↗上15.B2暂,升.尾反孕Qv,4暂.Aa龙猪.再B,a,2,15,15,持主,,多被,2.5,1.8,2.5,4,
4,-300,5,1.03
2023/9/20,22.27,22.09,22.65,22.07,-0.67,1.03,银E0上,上,b乙↗上16.B3暂,跌.尾连vW.W2,4暂.Aa龙猪.再B,,3,16,16,持主,,多被,1.5,1.7,2.5,4,
4,-65,5,0.85
2023/9/21,21.98,22.27,22.46,21.86,-1.3,0.85,银E1上.被,上,c丙↘下17.Y暂,跌.尾连WW.W3,5暂.Fe震正根.破,,-1,17,17,持被,,多被,1,1.3,2.8,4,
4,-153,5,2.5
2023/9/22,22.49,21.79,22.53,21.75,2.32,2.5,银E0上,上,b乙↗上18.I暂,(跌)人.连后吞WO,4暂.Dd头正芽.再B,,1,18,18,持主,,多被,1.1,1.4,2.6,4,
4,93,5,1.47
2023/9/25,22.62,22.5,22.82,22.4,0.58,1.47,银E0上,上,b乙↗上19.B2暂,升.尾连OQ.Q2,4暂.Dd头正芽.再B,,2,19,19,持主,,多被,2,1.6,2.2,3,
3,39,5,0.8
2023/9/26,22.36,22.62,22.8,22.1,-1.15,0.8,银E0上,上,b乙↗上20.B3暂,(升)人.连后吞QV,4暂.Dd头正芽.再B,,3,20,20,持主,,多被,1.9,1.5,2,3,
3,-144,5,2.19
2023/9/27,22.82,22.36,22.85,22.36,2.06,2.19,银E0上.盈,上,b乙↗上21.A4,(人)人.吞吞* VO,1柜.Dd头正芽.再B,雀,4,21,21,持主,,多被,1.6,1.8,1.6,3,
3,94,5,1.71
2023/9/28,22.97,22.91,23.21,22.66,0.66,1.71,银E0上.盈,上,b乙↗上22.A5,升.尾连OQ.Q2,1柜.Aa龙猪.主,a,5,22,22,持主,,多长,2.6,2.1,2.6,4,
4,38,7,1.48
2023/10/9,22.92,23.12,23.31,22.63,-0.22,1.48,银E0上.盈,上,b乙↗上23.A6,升.尾反孕Qv,1柜.Aa龙猪.主,a,6,23,23,持主,,多长,2.6,2.3,2.6,4,
4,-15,5,0.35
2023/10/10,22.14,22.92,23,21.89,-3.4,0.35,银E1上.被,上,c丙↘下24.Y,跌.尾连vW.W2,5蛀.Fe震正根.破,,-1,24,24,持被,,多长,1.7,1.7,3.1,4,
4,-975,6,1.72
2023/10/11,22.23,22.23,22.52,22.15,0.41,1.72,银E1上.被,上,c丙↘下25.Z-2,跌.尾反孕Wo,5蛀.Fe震正根.破,,-2,25,25,持被,,多长,0.1,1.2,3.6,4,
4,24,6,1.39
2023/10/12,22.51,22.31,22.54,22.19,1.26,1.39,银E1上.被,上,c丙↘下26.Z-3,升.尾连oQ.Q2,5蛀.Fe震正根.破,,-3,26,26,持被,,多长,0.3,1.1,3.7,4,
4,90,6,1.16
2023/10/13,22.65,22.39,22.77,22.27,0.62,1.16,银E0上.盈,上,b乙↗上27.I暂,升.尾连QQ.Q3,4暂.Dd头正芽.再B,连3,1,27,27,持主,,多长,1.2,1.1,3.5,4,
4,54,6,0.62
2023/10/16,22.47,22.65,22.79,22.3,-0.79,0.62,银E2上,上,b乙→中28.Y暂,升.尾反孕Qv,5暂.De头正根.再B,,-1,28,28,持被,,多长,1.2,1,2.2,3,
4,-129,5,1.78
2023/10/17,22.87,22.47,22.87,22.08,1.78,1.78,银E0上.盈,上,b乙↗上29.I暂,升.尾吞vO,4暂.Dd头正芽.再B,雀,1,29,29,持主,,多长,1.2,1.2,1.2,2,
4,100,4,-0.66
2023/10/18,21.51,22.6,22.72,21.42,-5.95,-0.66,银e6下.警,下,z丁↘忑-1.Y暂,(升)人.吞吞vOV,5暂.__Aa龙猪._破,,-1,-1,30,卖浮,,多被,1.6,0.3,2.2,,
,0,7,1.44
2023/10/19,21.35,21.51,21.82,20.61,-0.74,1.44,银v9下.警,下,z丁↘忑-2.Z-2暂,跌.尾连VW.W2,5暂.__Aa龙猪._初,,-2,-2,-1,NA,,空看,-1.2,-0.6,3.5,,
,-52,11,1.59
2023/10/20,21.12,21.49,21.69,20.98,-1.08,1.59,唏v9下.警,下,z丁↘忑-3.Z-3暂,跌.尾连WW.W3,5暂.__Aa龙猪._初,,-3,-3,-2,NA,,空看,-0.6,-1.6,4.8,,
,-68,11,1.52
2023/10/23,20.73,21.44,21.44,20.54,-1.85,1.52,唏v9下.警,下,z丁↘忑-4.Z-4,跌.尾连WW.W4,9妩.__Aa龙猪._初,,-4,-4,-3,NA,,空看,-0.3,-2.5,6.3,,
,-122,11,5.4
2023/10/24,21.82,20.54,21.85,20.54,5.26,5.4,唏v9下.警,下,y戊↘忠-5.I,(跌)人.连后吞WO,4蛀.__Be龙管根._初,,1,-5,-4,NA,,空看,1.6,-2.3,5.6,,
,97,11,1.01
2023/10/25,21.91,21.96,22.04,21.67,0.41,1.01,唏e6下.警,下,y戊↘忠-6.B2,升.尾连OQ.Q2,4蛀.__Be龙管根._初,,2,-6,1,卖浮,,多被,2,-1.9,2,,
,41,7,0.37
2023/10/26,21.92,21.91,21.99,21.59,0.05,0.37,唏e5中,中,r己↗忐-7.B3,升.尾连QQ.Q3,4蛀.__Fe震正根.储,,3,-7,2,卖浮,,多长,1.4,-1.4,1.6,,
,13,7,3.33
2023/10/27,22.57,21.92,22.65,21.67,2.97,3.33,银E4上.盈,上,r己↗忐-8.A4,升.尾连QQ.Q4,0橅.Df头负.储,雀连4,4,1,3,持主,,多长,3.4,-0.5,3.4,2,
3,89,10,5.23
2023/10/30,23.51,22.82,23.75,22.8,4.16,5.23,银E0上.盈,上,a甲↗上1.A5,升.尾连QQ.Q5,0橅.Aa龙猪.初,a连5高,5,2,4,持主,,多长,6.4,0.9,6.4,7,
7,80,16,0.81
2023/10/31,23.4,23.52,23.7,23.14,-0.47,0.81,银E0上,上,a甲↗上2.A6,升.尾反孕Qv,0橅.Aa龙猪.初,,6,3,5,持主,,多长,4.7,2,4.9,7,
7,-58,10,1.32
2023/11/1,23.58,23.65,23.71,23.1,0.77,1.32,银E0上,上,a甲↗上3.A7,升.尾吞vO,0橅.Aa龙猪.初,,7,4,6,持主,,多长,3.4,2.8,3.6,6,
6,58,10,1.15
2023/11/2,23.22,23.85,23.85,23.17,-1.53,1.15,银E0上.盈,上,a甲↗上4.A8,(升)人.吞吞vOV,1柜.Aa龙猪.初,a,8,5,7,持主,,多长,3.5,3.1,3.5,6,
6,-133,10,1.29
2023/11/3,23.19,23.33,23.52,23.14,-0.13,1.29,银E0上,上,a甲↗上5.A9,跌.尾连VW.W2,2栅.Bc龙管栅.主,,9,6,8,持主,,多长,1.8,3,3.2,6,
6,-10,5,2.98
2023/11/6,23.82,23.21,23.88,23.21,2.72,2.98,银E0上.盈,上,a甲↗上6.A10,(跌)人.连后吞WO,2栅.Bc龙管栅.主,a,10,7,9,持主,,多长,2.6,3.4,2.6,6,
6,91,3,0.29
2023/11/7,23.7,23.83,23.89,23.56,-0.5,0.29,银E0上.盈,上,a甲↗上7.A11,(跌)人.连后吞WOv,2栅.Bc龙管栅.主,a,11,8,10,持主,,多长,2,3.6,2,5,
5,-171,3,1.94
2023/11/8,23.74,23.72,24.16,23.7,0.17,1.94,银E0上.盈,上,a甲↗上8.A12,(人)人.孕孕vo,2栅.Bc龙管栅.主,a,12,9,11,持主,,多长,2.7,3.6,2.7,6,
6,9,4,2.36
2023/11/9,23.98,23.93,24.3,23.68,1.01,2.36,银E0上.盈,上,a甲↗上9.A13,升.尾连oQ.Q2,0橅.Aa龙猪.主,a,13,10,12,持主,,多长,2.8,3.8,2.8,6,
6,43,5,0.46
2023/11/10,23.94,23.97,24.09,23.47,-0.17,0.46,金E0上,上,a甲↗上10.A14,升.尾反孕Qv,0橅.Aa龙猪.主,,14,11,13,持主,,多长,1.5,3.8,2.4,6,
6,-36,5,0.75
2023/11/13,23.93,23.97,24.12,23.71,-0.04,0.75,金E0上,上,a甲↗上11.A15,跌.尾连vW.W2,2栅.Bc龙管栅.主,,15,12,14,持主,,多长,1.3,3.7,2.1,5,
5,-6,4,0.71
2023/11/14,24.01,23.95,24.1,23.73,0.33,0.71,金E0上,上,a甲↗上12.A16,(跌)人.连后吞WO,2栅.Fa震正〇.主,,16,13,15,持主,,多长,1,3.7,1.8,5,
5,47,4,0.96
2023/11/15,24,24.24,24.24,23.82,-0.04,0.96,金E0上,上,a甲↗上13.A17,(跌)人.连后吞WOv,2栅.Fa震正〇.主,,17,14,16,持主,,多长,1.4,3.5,1.7,5,
5,-4,4,0.58
2023/11/16,23.78,24,24.14,23.65,-0.92,0.58,金E2上,上,b乙→中14.Y,跌.尾连vW.W2,5蛀.Fe震正根.主,,-1,15,17,持被,,多长,1.1,3.2,1.5,4,
4,-157,3,0.55
2023/11/17,23.86,23.78,23.91,23.54,0.34,0.55,金E2上,上,b乙→中15.Z-2,跌.尾反孕Wo,5蛀.Fe震正根.主,,-2,16,18,持被,,多长,0.1,2.9,1.5,4,
4,62,3,1.89
2023/11/20,24.26,24.11,24.31,23.6,1.68,1.89,金E0上.盈,上,b乙↗上16.I暂,升.尾连oQ.Q2,4暂.Aa龙猪.主,a,1,17,19,持主,,多长,1.5,3,1.5,4,
4,89,3,0.99
2023/11/21,24.24,24.3,24.5,24.06,-0.08,0.99,金E0上.盈,上,b乙↗上17.B2暂,升.尾反孕Qv,4暂.Aa龙猪.主,a,2,18,20,持主,,多长,1.9,3,1.9,4,
4,-8,4,1.16
2023/11/22,23.79,24.24,24.52,23.71,-1.86,1.16,金E2上.盈,上,b乙→中18.Y暂,跌.尾连vW.W2,5暂.Be龙管根.主,a,-1,19,21,持被,,多长,2.2,2.7,2.2,4,
4,-161,4,3.36
2023/11/23,24.59,23.87,24.59,23.8,3.36,3.36,金E0上.盈,上,b乙↗上19.I暂,(跌)人.连后吞WO,4暂.Aa龙猪.主,a,1,20,22,持主,,多长,1.9,2.9,1.9,4,
4,100,4,0.53
2023/11/24,23.95,24.72,24.72,23.74,-2.6,0.53,金E2上.盈,上,b乙→中20.Y暂,(跌)人.连后吞WOv,5暂.Be龙管根.主,a,-1,21,23,持被,,多长,2.5,2.6,2.5,5,
5,-492,5,0.88
2023/11/27,23.63,24.07,24.16,23.54,-1.34,0.88,金E1上.被,上,c丙↘下21.Z-2暂,跌.尾连vW.W2,5暂.Fe震正根.破,,-2,22,24,持被,,多长,0.7,2,3,5,
5,-152,5,2.88
2023/11/28,24.15,23.82,24.31,23.38,2.2,2.88,金E0上,上,b乙↗上22.I暂,(跌)人.连后吞WO,4暂.Aa龙猪.再B,,1,23,25,持主,,多长,1.2,1.9,3,4,
4,76,6,1.95
2023/11/29,23.89,24.16,24.62,23.84,-1.08,1.95,金E2上,上,b乙→中23.Y暂,(跌)人.连后吞WOv,5暂.De头正根.再B,,-1,24,26,持被,,多长,2.6,1.7,3.1,4,
4,-55,6,1.13
2023/11/30,23.87,23.84,24.16,23.64,-0.08,1.13,金E1上.被,上,c丙↘下24.Z-2暂,跌.尾连vW.W2,5暂.Fe震正根.破,,-2,25,27,持被,,多长,0.9,1.5,3.2,4,
4,-7,6,1.26
2023/12/1,23.73,23.99,24.17,23.6,-0.59,1.26,金E3上.警,上,z丁↘忑-1.Z-3暂,跌.尾连WW.W3,5暂.Ff震负.破,,-3,26,28,持被,,多长,1.1,1.2,3,4,
4,-47,5,1.81
2023/12/4,23.74,23.73,24.16,23.6,0.04,1.81,金E3上.警,上,z丁↘忑-2.Z-4,跌.尾反孕Wo,9妩.Ff震负.破,,-4,27,29,持被,,多长,1.3,0.9,3.2,4,
4,2,5,0.88
2023/12/5,23.55,23.83,23.95,23.29,-0.8,0.88,金e5中.警,中,z丁↘忑-3.Z-5,跌.尾吞oV,9妩.__Aa龙猪._破,,-5,-1,30,卖浮,,多长,0.7,0.6,3.6,,
,-90,6,3.27
2023/12/6,23.97,23.81,24.32,23.56,1.78,3.27,金E3上.盈,上,r己↗忐-4.I,(跌)人.吞吞oVO,4蛀.Df头负.再C,雀,1,1,31,持主,,多长,2.2,0.6,2.2,2,
4,55,4,0.75
2023/12/7,23.47,24.15,24.15,23.34,-2.09,0.75,金e5中.警,中,y戊↘忑-5.Y暂,(人)人.吞吞* OV,5暂.__Aa龙猪._破,,-1,-1,32,卖浮,,多长,1.8,0.4,2.5,,
,-278,4,1.49
2023/12/8,22.76,23.53,23.82,22.57,-3.03,1.49,金e6下.警,下,y戊↘忑-6.Z-2暂,跌.尾连VW.W2,5暂.__Aa龙猪._初,,-2,-2,33,卖浮,,多被,1.4,-0.4,3.5,,
,-203,8,0.53
2023/12/11,22.51,22.63,22.88,21.95,-1.1,0.53,金e6下.警,下,y戊↘忑-7.Z-3暂,跌.尾连WW.W3,5暂.__Aa龙猪._初,,-3,-3,34,卖浮,,多被,-1.5,-1.3,4.7,,
,-208,11,1.47
2023/12/12,22.65,22.84,22.84,22.3,0.62,1.47,金e6下.警,下,y戊↘忑-8.Z-4,(跌)人.连后吞WO,8姖.__Aa龙猪._初,,-4,-4,35,卖浮,,多被,-0.9,-1.8,5.6,,
,42,11,2.25
2023/12/13,22.93,22.65,23.16,22.58,1.24,2.25,金e6下.警,下,y戊↘忑-9.Z-5,升.尾连OQ.Q2,7姗.__Bb龙管杂._初,,-5,-5,36,卖浮,,多被,0.8,-1.9,5.1,,
,55,10,3.88
2023/12/14,23.36,23.07,23.82,22.92,1.88,3.88,金e5中.警,中,y戊↘忠-10.I,升.尾连QQ.Q3,4蛀.__Fe震正根._初,,1,-6,37,卖浮,,多长,3.4,-1.5,3.4,,
,48,9,2.01
2023/12/15,23.74,23.41,23.83,22.96,1.63,2.01,金E4上.盈,上,r己↗忐-11.B2,升.尾连QQ.Q4,4蛀.Df头负.储,雀连4,2,1,38,持主,,多长,2.6,-0.9,2.6,1,
3,81,9,0.46
2023/12/18,22.38,23.65,23.85,22.24,-5.73,0.46,金e6下.警,下,y戊↘忑-12.Y暂,(升)人.连后吞QV,5暂.__Fa震正〇._再B,,-1,-1,39,卖浮,,多被,3.4,-1.3,3.4,,
,-1236,7,2.1
2023/12/19,22.78,22.38,22.85,22.22,1.79,2.1,金e6下.警,下,y戊↘忑-13.Z-2暂,(升)人.连后吞QVo,5暂.__Fa震正〇._再B,,-2,-2,40,卖浮,,多被,-0.5,-1.5,3.8,,
,85,7,2.5
2023/12/20,23.01,22.78,23.35,22.77,1.01,2.5,金e6下.警,下,y戊↘忑-14.Z-3暂,升.尾连oQ.Q2,5暂.__Fa震正〇._再B,,-3,-3,41,卖浮,,多被,1.7,-1.4,3.9,,
,40,7,0.17
2023/12/21,22.77,23.05,23.05,22.14,-1.04,0.17,金e6下.警,下,y戊↘忑-15.Z-4,(升)人.连后吞QV,7姗.__Fa震正〇._再B,,-4,-4,42,卖浮,,多被,0.6,-1.5,4.1,,
,-600,8,0.44
2023/12/22,22.25,22.55,22.87,22.1,-2.28,0.44,金v9下.警,下,y戊↘忑-16.Z-5,跌.尾连VW.W2,7姗.__Fa震正〇._主,,-5,-5,-1,NA,,空看,0.5,-1.9,4.8,,
,-520,8,2.34
2023/12/25,22.41,22.44,22.77,22.14,0.72,2.34,金v9下.警,下,y戊↘忑-17.Z-6,跌.尾反孕Wo,7姗.__Fa震正〇._主,,-6,-6,-2,NA,,空看,0.6,-2.1,3.1,,
,31,6,0.27
2023/12/26,21.79,22.46,22.47,21.51,-2.77,0.27,金v9下.警,下,y戊↘忑-18.Z-7,跌.尾吞oV,9妩.__Aa龙猪._主,,-7,-7,-3,NA,,空看,0.2,-2.7,4.1,,
,-1033,9,2.66
2023/12/27,22.31,21.76,22.37,21.44,2.39,2.66,金v9下.警,下,y戊↘忑-19.Z-8,跌.尾反孕oVo,9妩.__Aa龙猪._主,,-8,-8,-4,NA,,空看,0.1,-2.8,3.1,,
,90,8,1.84
2023/12/28,22.61,22.37,22.72,21.81,1.34,1.84,金v9下.警,下,y戊↘忠-20.I,升.尾连oQ.Q2,4蛀.__Be龙管根._主,,1,-9,-5,NA,,空看,1.5,-2.4,2.1,,
,73,7,3.36
2023/12/29,23.37,22.72,23.37,22.39,3.36,3.36,金E4上.盈,上,r己↗忐-21.B2,升.尾连QQ.Q3,4蛀.Df头负.储,雀连3,2,1,1,持主,,多长,3.3,-1.5,3.3,1,
3,100,9,2.57
2024/1/2,23.95,23.46,23.97,23.2,2.48,2.57,金E4上.盈,上,a甲↗上1.B3,升.尾连QQ.Q4,4蛀.Aa龙猪.储,a连4,3,2,2,持主,,多长,4.4,-0.2,4.4,4,
4,97,12,0.42
2024/1/3,23.46,23.85,24.05,23.17,-2.05,0.42,金E4上.盈,上,a甲↗上2.A4,升.尾反孕Qv,0橅.Aa龙猪.初,a,4,3,3,持主,,多长,3.9,0.4,3.9,4,
4,-490,12,0.77
2024/1/4,23.59,23.63,23.64,23.27,0.55,0.77,金E4上,上,a甲↗上3.A5,(升)人.孕孕vo,0橅.Aa龙猪.初,,5,4,4,持主,,多长,1.5,0.9,3.3,4,
4,72,10,0.59
2024/1/5,23.25,23.63,23.73,23.22,-1.44,0.59,金E4上,上,a甲↗上4.A6,跌.尾吞oV,1柜.Aa龙猪.初,,6,5,5,持主,,多长,1.8,0.9,3.2,4,
4,-243,7,1.03
2024/1/8,22.64,23.49,23.49,22.62,-2.62,1.03,金e6下.被,下,c丙↘下5.Y,跌.尾连VW.W2,5蛀.__Df头负._再D,,-1,-1,6,卖浮,,多被,1.4,0.3,3.8,,
,-254,6,2.92
2024/1/9,23.21,22.74,23.3,22.64,2.52,2.92,金E4上,上,b乙→中6.Z-2,跌.尾反孕Wo,5蛀.De头正根.初,,-2,1,7,持被,,多长,0.7,0.2,3.9,4,
4,86,6,0.47
2024/1/10,22.75,23.16,23.32,22.64,-1.98,0.47,金e6下.被,下,c丙↘下7.Z-3,(跌)人.孕孕ov,5蛀.__Df头负._再D,,-3,-1,8,卖浮,,多被,1.2,-0.1,2.9,,
,-418,5,1.41
2024/1/11,22.99,23.01,23.07,22.68,1.05,1.41,金e6下.警,下,z丁↘忑-1.Z-4,(人)人.孕孕vo,9妩.__Fa震正〇._再D,,-4,-2,9,卖浮,,多被,0.2,-0.2,3.1,,
,75,5,0.48
2024/1/12,22.32,23.02,23.1,22.12,-2.91,0.48,金v9下.警,下,z丁↘忑-2.Z-5,跌.尾吞oV,9妩.__Aa龙猪._再D,,-5,-3,-1,NA,,空看,1.1,-0.8,2.8,,
,-609,6,1.52
2024/1/15,22.51,22.32,22.66,22,0.85,1.52,金v9下.警,下,z丁↘忑-3.Z-6,跌.尾反孕oVo,9妩.__Aa龙猪._再D,,-6,-4,-2,NA,,空看,-0.4,-1.1,2.5,,
,56,6,1.38
2024/1/16,22.08,22.82,22.82,21.74,-1.91,1.38,金v0忑.警,忑,z丁↘忑-4.Z-7,跌.尾吞oV,9妩.__Aa龙猪._再D,,-7,-5,-3,NA,,空看,1.1,-1.6,3.3,,
,-139,7,1.54
2024/1/17,21.96,22.13,22.42,21.9,-0.54,1.54,金v0忑.警,忑,z丁↘忑-5.Z-8,跌.尾连VW.W2,9妩.__Aa龙猪._主,,-8,-6,-4,NA,,空看,0.1,-2.1,3.1,,
,-35,6,0.82
2024/1/18,21.16,21.8,22.14,20.66,-3.64,0.82,金v0忑.警,忑,z丁↘忑-6.Z-9,跌.尾连WW.W3,9妩.__Aa龙猪._主,,-9,-7,-5,NA,,空看,0.3,-3,4.6,,
,-444,12,1.28
2024/1/19,20.99,21.37,21.43,20.9,-0.8,1.28,尿v0忑.警,忑,z丁↘忑-7.Z-10,跌.尾连WW.W4,9妩.__Aa龙猪._主,,-10,-8,-6,NA,,空看,-1.6,-3.9,4.8,,
,-63,10,-0.05
2024/1/22,19.5,20.97,20.98,19.17,-7.1,-0.05,尿v0忑.警,忑,z丁↘忑-8.Z-11,跌.尾连WW.W5,9妩.__Aa龙猪._主,,-11,-9,-7,NA,,空看,-1,-5.6,7.7,,
,0,19,1.54
2024/1/23,18.7,19.05,19.8,18.47,-4.1,1.54,尿v0忑.警,忑,z丁↘忑-9.Z-12,跌.尾连WW.W6,9妩.__Aa龙猪._主,,-12,-10,-8,NA,,空看,-3.5,-7.6,9.3,,
,-267,21,3.37
2024/1/24,18.86,18.7,19.33,18.08,0.86,3.37,尿v0忑.警,忑,z丁↘忑-10.Z-13,跌.尾反孕Wo,9妩.__Aa龙猪._主,,-13,-11,-9,NA,,空看,-3.3,-9,10.7,,
,25,22,7.1
2024/1/25,20.15,18.85,20.2,18.69,6.84,7.1,尿v0忑.警,忑,z丁↘忑-11.Z-14,升.尾连oQ.Q2,7姗.__Bb龙管杂._主,,-14,-12,-10,NA,,空看,1.4,-8.7,7.6,,
,96,19,2.18
2024/1/26,19.99,20.38,20.59,19.75,-0.79,2.18,尿v0忑.警,忑,z丁↘忑-12.Z-15,升.尾反孕Qv,7姗.__Bb龙管杂._主,,-15,-13,-11,NA,,空看,3.4,-8.1,5.4,,
,-36,16,1.6
2024/1/29,18.84,19.99,20.31,18.83,-5.75,1.6,尿v0忑.警,忑,z丁↘忑-13.Z-16,跌.尾连vW.W2,7姗.__Fa震正〇._主,,-16,-14,-12,NA,,空看,3.2,-8.4,4.7,,
,-359,14,0.53
2024/1/30,18.25,18.75,18.94,18.16,-3.13,0.53,尿v0忑.警,忑,z丁↘忑-14.Z-17,跌.尾连WW.W3,7姗.__Fa震正〇._主,,-17,-15,-13,NA,,空看,-1.9,-9.2,6.7,,
,-590,14,0
2024/1/31,17.2,18.25,18.25,16.91,-5.75,0,尿v0忑.警,忑,z丁↘忑-15.Z-18,跌.尾连WW.W4,9妩.__Aa龙猪._主,,-18,-16,-14,NA,,空看,-2.7,-10.7,9.8,,
,0,22,-0.06
2024/2/1,16.6,17.19,17.19,16.19,-3.49,-0.06,尿v0忑.警,忑,z丁↘忑-16.Z-19,跌.尾连WW.W5,9妩.__Aa龙猪._主,,-19,-17,-15,NA,,空看,-5.3,-12.3,13.4,,
,0,27,3.49
2024/2/2,15.3,16.6,17.18,14.82,-7.83,3.49,屎v0忑.警,忑,z丁↘忑-17.Z-20,跌.尾连WW.W6,9妩.__Aa龙猪._主,,-20,-18,-16,NA,,空看,-1.2,-14.5,16.8,,
,-224,37,0.07
2024/2/5,12.76,15.31,15.31,12.48,-16.6,0.07,屎v0忑.警,忑,z丁↘忑-18.Z-21,跌.尾连WW.W7,9妩.__Aa龙猪._主,,-21,-19,-17,NA,,空长,-5.4,-18.5,17,,
,-25400,52,2.35
2024/2/6,12.54,11.9,13.06,10.71,-1.72,2.35,屎v0忑.警,忑,z丁↘忑-19.Z-22,跌.尾连WW.W8,9妩.__Aa龙猪._主,,-22,-20,-18,NA,,空长,-13.6,-21.9,20.8,,
,-73,70,0.32
2024/2/7,11.47,12.57,12.58,10.92,-8.53,0.32,屎v0忑.警,忑,z丁↘忑-20.Z-23,跌.尾连WW.W9,9妩.__Aa龙猪._主,,-23,-21,-19,NA,,空长,-10.5,-25.2,22.2,,
,-2675,61,17.87
2024/2/8,13.32,11.19,13.52,10.9,16.13,17.87,屎v0忑.警,忑,z丁↘忑-21.Z-24,(跌)人.连后吞WO,8姖.__Aa龙猪._主,,-24,-22,-20,NA,,空长,-1.1,-25.6,25.7,,
,90,60,7.13
2024/2/19,13.81,13.39,14.27,13.31,3.68,7.13,屎v0忑.警,忑,z丁↘忑-22.Z-25,升.尾连OQ.Q2,7姗.__Fa震正〇._主,,-25,-23,-21,NA,,空长,4.9,-24.4,12.5,,
,52,43,1.67
2024/2/20,13.87,13.82,14.04,13.41,0.43,1.67,屎v1忑.警,忑,y戊↘忠-23.I,升.尾连QQ.Q3,4蛀.__Fe震正根._主,,1,-24,-22,NA,,空长,2.8,-22.8,4.5,,
,26,33,7.86
2024/2/21,14.34,13.87,14.96,13.61,3.39,7.86,屎v1忑.警,忑,y戊↘忠-24.B2,升.尾连QQ.Q4,4蛀.__Fe震正根._主,,2,-25,-23,NA,,空长,8.3,-20.7,8.3,,
,43,37,4.6
2024/2/22,15,14.52,15,14.28,4.6,4.6,屎v1忑.警,忑,y戊↘忠-25.B3,升.尾连QQ.Q5,4蛀.__Fe震正根._主,,3,-26,-24,NA,,空长,6.3,-18,6.3,,
,100,38,6.13
2024/2/23,15.74,15,15.92,14.78,4.93,6.13,屎v2忑,忑,r己↗忐-26.A4,升.尾连QQ.Q6,0橅.__Fe震正根.储,,4,-27,-25,NA,,空长,9.5,-14.9,9.5,,
,80,20,5.72
2024/2/26,16.08,15.97,16.64,15.85,2.16,5.72,屎v2忑,忑,r己↗忐-27.A5,升.尾连QQ.Q7,0橅.__Fe震正根.储,,5,-28,-26,NA,,空长,11.1,-11.8,11.1,,
,38,24,4.17
2024/2/27,16.68,16.08,16.75,15.7,3.73,4.17,屎v3忑,忑,a甲↗上1.A6,升.尾连QQ.Q8,0橅.__Ff震负.储,,6,-29,-27,NA,,空长,8.4,-8.8,8.4,,
,90,23,1.98
2024/2/28,14.47,16.81,17.01,14.41,-13.25,1.98,屎v0忑.警,忑,z丁↘忑-1.Y,(升)人.连后吞QV,5蛀.__Fa震正〇._再C,,-1,-30,-28,NA,,空长,10.9,-8.7,10.9,,
,-670,19,4.56
2024/2/29,15.02,14.43,15.13,14.13,3.8,4.56,屎v0忑.警,忑,z丁↘忑-2.Z-2,(升)人.连后吞QVo,5蛀.__Fa震正〇._再C,,-2,-31,-29,NA,,空长,-0.8,-8.6,11.6,,
,83,20,3.93
2024/3/1,15.55,15.16,15.61,15.06,3.53,3.93,屎v2忑,忑,r己↗忐-3.I暂,升.尾连oQ.Q2,4暂.__Fe震正根.储,,1,-32,-30,NA,,空长,2.1,-7.8,11.2,,
,90,20,2.7
2024/3/4,15.59,15.59,15.97,15.14,0.26,2.7,屎v3忑,忑,a甲↗上1.B2暂,升.尾连QQ.Q3,4暂.__Ff震负.储,,2,-33,-31,NA,,空长,3.9,-6.9,10.7,,
,10,20,0.58
2024/3/5,14.94,15.57,15.68,14.92,-4.17,0.58,屎v0忑.警,忑,z丁↘忑-1.Y暂,(升)人.连后吞QV,5暂.__Fa震正〇._再C,,-1,-34,-32,NA,,空长,2.6,-6.8,11.2,,
,-722,20,3.21
2024/3/6,15.23,14.77,15.42,14.77,1.94,3.21,屎v0忑.警,忑,z丁↘忑-2.Z-2暂,(升)人.连后吞QVo,5暂.__Fa震正〇._再C,,-2,-35,-33,NA,,空长,1.1,-6.5,4.7,,
,60,13,2.95
2024/3/7,15.16,15.14,15.68,15.08,-0.46,2.95,屎v0忑.警,忑,z丁↘忑-3.Z-3暂,(人)人.孕孕vo,5暂.__Fa震正〇._再C,,-3,-36,-34,NA,,空长,3,-6.2,4.9,,
,-16,8,0.86
2024/3/8,15.16,15.07,15.29,14.92,0,0.86,屎v0忑.警,忑,z丁↘忑-4.Z-4,升.尾吞vO,8姖.__Fa震正〇._再C,,-4,-37,-35,NA,,空长,0.5,-5.8,5,,
,0,8,3.03
2024/3/11,15.61,15.13,15.62,15.13,2.97,3.03,屎v3忑,忑,a甲↗上1.I,升.尾连OQ.Q2,4蛀.__Ff震负.储,,1,-38,-36,NA,,空长,2.1,-5,2.5,,
,98,6,1.79
2024/3/12,15.86,15.67,15.89,15.52,1.6,1.79,屎v3忑,忑,a甲↗上2.B2,升.尾连QQ.Q3,4蛀.__Ff震负.储,,2,-39,-37,NA,,空长,2.9,-4,2.9,,
,89,8,1.32
2024/3/13,15.98,15.96,16.07,15.73,0.76,1.32,屎v3忑,忑,a甲↗上3.B3,升.尾连QQ.Q4,4蛀.__Ff震负.储,,3,-40,-38,NA,,空长,3.1,-2.9,3.1,,
,57,8,1.88
2024/3/14,15.82,15.96,16.28,15.51,-1,1.88,屎v3忑,忑,a甲↗上4.A4,(升)人.连后吞QV,1柜.__Ff震负.储,,4,-41,-39,NA,,空长,3.9,-2.3,3.9,,
,-53,9,1.96
2024/3/15,16.08,15.82,16.13,15.66,1.64,1.96,屎v3忑,忑,a甲↗上5.A5,(人)人.吞吞* VO,1柜.__Ff震负.储,,5,-42,-40,NA,,空长,2.2,-1.6,3.1,,
,84,8,5.53
2024/3/18,16.92,16.29,16.97,16.16,5.22,5.53,屎V5忠.盈,忠,a甲↗上6.A6,升.尾连OQ.Q2,1柜.Aa龙猪.储,a高,6,1,-41,NA,,空长,5.7,-0.1,5.7,5,
5,94,9,11.41
2024/3/19,17.9,17.07,18.85,17.03,5.79,11.41,屎V5忠.盈,忠,a甲↗上7.A7,升.尾连QQ.Q3,1柜.Aa龙猪.初,a连3高,7,2,-42,NA,,空长,14,2.1,14,16,
16,51,22,8.27
2024/3/20,19.09,17.88,19.38,17.24,6.65,8.27,屎V6忐.盈,忐,a甲↗上8.A8,升.尾连QQ.Q4,0橅.Aa龙猪.初,a连4高,8,3,-43,NA,,空看,12.6,5.2,12.6,18,
18,80,25,4.56
2024/3/21,19.9,18.83,19.96,18.26,4.24,4.56,屎V6忐.盈,忐,a甲↗上9.A9,升.尾连QQ.Q5,0橅.Aa龙猪.初,a连5偏,9,4,-44,NA,,空看,11.2,8.2,11.2,20,
20,93,27,-0.4
2024/3/22,19.4,19.82,19.82,19.05,-2.51,-0.4,屎V6忐.盈,忐,a甲↗上10.A10,升.尾反孕Qv,0橅.Aa龙猪.初,偏,10,5,-45,NA,,空看,7.5,9.8,8.2,18,
18,0,24,0.98
2024/3/25,18.12,19.38,19.59,17.87,-6.6,0.98,屎V6忐.盈,忐,a甲↗上11.A11,跌.尾连vW.W2,2栅.Bc龙管栅.初,偏,11,6,-46,NA,,空看,6,9.1,8,17,
17,-674,17,3.81
2024/3/26,18.81,18.04,18.81,16.96,3.81,3.81,屎V6忐,忐,a甲↗上12.A12,跌.尾反孕Wo,2栅.Fa震正〇.主,,12,7,-47,NA,,空看,1.3,8.8,7.5,16,
16,100,18,0.58
2024/3/27,17.39,18.65,18.92,17.38,-7.55,0.58,屎V5忠,忠,b乙→中13.Y,跌.尾吞oV,5蛀.Fe震正根.主,,-1,8,-48,NA,,空长,3.3,7,9,16,
16,-1291,18,1.32
2024/3/28,17.42,17.39,17.62,16.96,0.17,1.32,屎V5忠.被,忠,c丙↘下14.Z-2,跌.尾反孕oVo,5蛀.Fe震正根.破,,-2,9,-49,NA,,空长,-2.5,5.3,9.7,15,
16,13,17,0.69
2024/3/29,17.26,17.33,17.54,16.29,-0.92,0.69,屎V5忠.被,忠,c丙↘下15.Z-3,跌.尾吞oV,5蛀.Fe震正根.破,,-3,10,-50,NA,,空长,-1.6,3.9,9.9,14,
16,-133,20,1.62
2024/4/1,17.3,17.26,17.54,17.06,0.23,1.62,屎V5忠.被,忠,c丙↘下16.Z-4,跌.尾反孕oVo,9妩.Fe震正根.破,,-4,11,-51,NA,,空长,-0.7,2.8,7.1,10,
16,14,16,2.43
2024/4/2,17.48,17.4,17.72,17.28,1.04,2.43,屎V5忠.被,忠,c丙↘下17.Z-5,升.尾连oQ.Q2,7姗.Fe震正根.破,,-5,12,-52,NA,,空长,0.8,2.2,7.6,10,
16,43,16,1.6
2024/4/3,17.5,17.42,17.76,17.12,0.11,1.6,屎V5忠.被.盈,忠,c丙↘下18.Z-6,升.尾连QQ.Q3,6娝.Fe震正根.破,雀连3,-6,13,-53,NA,,空长,1.2,1.9,1.2,3,
15,7,9,0.23
2024/4/8,16.13,17.52,17.54,16,-7.83,0.23,屎v4忑.警,忑,z丁↘忑-1.Z-7,(升)人.连后吞QV,6娝.__Bc龙管栅._破,,-7,-1,-54,NA,,空长,1.8,0.3,3.1,,
,-3425,11,4.59
2024/4/9,16.75,16.12,16.87,16.04,3.84,4.59,屎v4忑.警,忑,z丁↘忑-2.Z-8,(升)人.连后吞QVo,6娝.__Bc龙管栅._初,,-8,-2,-55,NA,,空长,-1,-0.5,4.2,,
,84,11,1.25
2024/4/10,16.18,16.74,16.96,15.88,-3.4,1.25,屎v4忑.警,忑,z丁↘忑-3.Z-9,(人)人.孕孕vo,7姗.__Bb龙管杂._初,,-9,-3,-56,NA,,空长,0.9,-1.5,5.6,,
,-271,12,2.47
2024/4/11,16.15,16.09,16.58,15.99,-0.19,2.47,屎v0忑.警,忑,z丁↘忑-4.Z-10,跌.尾连vW.W2,9妩.__Aa龙猪._初,,-10,-4,-57,NA,,空长,-0.2,-2.3,6.9,,
,-8,12,1.42
2024/4/12,15.92,16.15,16.38,15.92,-1.42,1.42,屎v0忑.警,忑,z丁↘忑-5.Z-11,跌.尾连WW.W3,9妩.__Aa龙猪._初,,-11,-5,-58,NA,,空长,-0.2,-3.1,6.8,,
,-100,10,1.07
2024/4/15,14.31,15.69,16.09,14.02,-10.11,1.07,屎v0忑.警,忑,z丁↘忑-6.Z-12,跌.尾连WW.W4,9妩.__Aa龙猪._初,,-12,-6,-59,NA,,空长,1.2,-5.2,6.6,,
,-947,21,-0.7
2024/4/16,13.33,14.07,14.21,13.23,-6.85,-0.7,屎v0忑.警,忑,z丁↘忑-7.Z-13,跌.尾连WW.W5,9妩.__Aa龙猪._初,,-13,-7,-60,NA,,空长,-6.6,-8.1,11.4,,
,0,28,11.85
2024/4/17,14.7,13.71,14.91,13.55,10.28,11.85,屎v0忑.警,忑,z丁↘忑-8.Z-14,(跌)人.连后吞WO,8姖.__Aa龙猪._主,,-14,-8,-61,NA,,空长,-0.3,-8.9,10.9,,
,87,25,0.54
2024/4/18,14.49,14.63,14.78,14.07,-1.43,0.54,屎v0忑.警,忑,z丁↘忑-9.Z-15,(跌)人.连后吞WOv,8姖.__Aa龙猪._主,,-15,-9,-62,NA,,空长,-0.1,-9.1,10.8,,
,-262,24,-0.14
2024/4/19,14.28,14.25,14.47,13.99,-1.45,-0.14,屎v0忑.警,忑,z丁↘忑-10.Z-16,跌.尾连vW.W2,8姖.__Fa震正〇._主,,-16,-10,-63,NA,,空长,-1.2,-9.2,9.9,,
,0,22,0.21
2024/4/22,14.13,14.08,14.31,13.74,-1.05,0.21,屎v0忑.警,忑,z丁↘忑-11.Z-17,跌.尾连WW.W3,8姖.__Fa震正〇._主,,-17,-11,-64,NA,,空长,-1.3,-9.3,2.9,,
,-500,13,4.18
2024/4/23,14.5,14.15,14.72,14.1,2.62,4.18,屎v0忑.警,忑,z丁↘忑-12.Z-18,(跌)人.连后吞WO,8姖.__Fa震正〇._主,,-18,-12,-65,NA,,空长,1.8,-8.8,3.1,,
,63,10,3.03
2024/4/24,14.94,14.46,14.94,14.41,3.03,3.03,屎v1忑.警,忑,y戊↘忠-13.I,升.尾连OQ.Q2,4蛀.__Fe震正根._主,,1,-13,-66,NA,,空长,2.6,-7.7,2.6,,
,100,9,2.21
2024/4/25,15.18,15.16,15.27,14.82,1.61,2.21,屎v1忑.警,忑,y戊↘忠-14.B2,升.尾连QQ.Q3,4蛀.__Fe震正根._主,,2,-14,-67,NA,,空长,3.7,-6.4,3.7,,
,73,11,3.03
2024/4/26,15.56,15.22,15.64,15.06,2.5,3.03,屎v2忑,忑,r己↗忐-15.B3,升.尾连QQ.Q4,4蛀.__Fe震正根.储,,3,-15,-68,NA,,空长,4.7,-4.8,4.7,,
,83,14,6.11
2024/4/29,16.47,15.68,16.51,15.68,5.85,6.11,屎V5忠.盈,忠,a甲↗上1.A4,升.尾连QQ.Q5,0橅.Aa龙猪.储,a连5高,4,1,-69,NA,,空长,7.7,-2.5,7.7,4,
4,96,17,0.91
2024/4/30,16.34,16.49,16.62,16.28,-0.79,0.91,屎V5忠.盈,忠,a甲↗上2.A5,升.尾反孕Qv,0橅.Aa龙猪.储,a偏,5,2,-70,NA,,空长,6.3,-0.8,6.3,5,
5,-87,15,2.02
2024/5/6,16.62,16.61,16.67,16.38,1.71,2.02,屎V5忠.盈,忠,a甲↗上3.A6,升.尾吞vO,0橅.Aa龙猪.初,a,6,3,-71,NA,,空长,4.7,0.7,4.7,5,
5,85,12,1.44
2024/5/7,16.86,16.64,16.86,16.34,1.44,1.44,屎V5忠.盈,忠,a甲↗上4.A7,升.尾连OQ.Q2,0橅.Aa龙猪.初,a,7,4,-72,NA,,空长,4.1,1.9,4.1,6,
6,100,12,1.25
2024/5/8,16.84,16.87,17.07,16.7,-0.12,1.25,屎V6忐.盈,忐,a甲↗上5.A8,升.尾反孕Qv,0橅.Aa龙猪.初,a,8,5,-73,NA,,空看,4.1,2.8,4.1,6,
6,-10,9,1.96
2024/5/9,17.16,16.91,17.17,16.84,1.9,1.96,屎V6忐.盈,忐,a甲↗上6.A9,升.尾吞vO,0橅.Aa龙猪.初,a,9,6,-74,NA,,空看,3.3,3.6,3.3,7,
7,97,5,0
2024/5/10,16.49,17.08,17.16,16.41,-3.9,0,屎V5忠,忠,a甲↗上7.A10,(升)人.吞吞vOV,1柜.Aa龙猪.初,,10,7,-75,NA,,空长,3.2,3.4,3.2,6,
6,0,5,-0.06
2024/5/13,16.31,16.4,16.48,15.9,-1.09,-0.06,屎V5忠,忠,b乙→中8.Y,跌.尾连VW.W2,5蛀.Be龙管根.初,,-1,8,-76,NA,,空长,-0.5,2.8,3.6,6,
6,0,8,2.21
2024/5/14,16.31,16.2,16.67,16.2,0,2.21,屎V5忠,忠,b乙→中9.Z-2,跌.尾反孕Wo,5蛀.Fe震正根.初,,-2,9,-77,NA,,空长,1.1,2.3,4.1,6,
6,0,8,1.29
2024/5/15,16.21,16.28,16.52,16.06,-0.61,1.29,屎V5忠,忠,b乙→中10.Z-3,(跌)人.孕孕ov,5蛀.Fe震正根.主,,-3,10,-78,NA,,空长,0.6,1.7,4.6,6,
6,-48,8,4.5
2024/5/16,16.54,16.28,16.94,16.28,2.04,4.5,屎V5忠,忠,b乙↗上11.I暂,升.尾吞vO,4暂.Fd震正芽.主,,1,11,-79,NA,,空长,3.1,1.6,4.5,6,
6,45,8,2.3
2024/5/17,16.82,16.65,16.92,16.55,1.69,2.3,屎V5忠,忠,b乙↗上12.B2暂,升.尾连OQ.Q2,4暂.Fd震正芽.主,,2,12,-80,NA,,空长,2.4,1.9,2.6,4,
5,74,7,0.95
2024/5/20,16.47,16.87,16.98,16.44,-2.08,0.95,屎V5忠.盈,忠,b乙↗上13.B3暂,(升)人.连后吞QV,4暂.Fd震正芽.主,雀,3,13,-81,NA,,空长,2.7,1.8,2.7,4,
5,-219,6,0
2024/5/21,16.26,16.41,16.47,16.15,-1.28,0,屎V5忠.被,忠,c丙↘下14.Y暂,跌.尾连VW.W2,5暂.Fe震正根.破,,-1,14,-82,NA,,空长,0,1.4,3.1,4,
5,0,6,1.11
2024/5/22,16.41,16.18,16.44,16.1,0.92,1.11,屎V5忠,忠,b乙→中15.Z-2暂,(跌)人.连后吞WO,5暂.De头正根.再B,,-2,15,-83,NA,,空长,0,1.2,3.3,4,
5,83,5,0.37
2024/5/23,15.95,16.38,16.47,15.88,-2.8,0.37,屎v4忑.警,忑,z丁↘忑-1.Z-3暂,(人)人.吞吞* OV,5暂.__Aa龙猪._破,,-3,-1,-84,NA,,空长,0.9,0.6,4,,
,-767,7,1.88
2024/5/24,15.89,15.95,16.25,15.82,-0.38,1.88,屎v4忑.警,忑,z丁↘忑-2.Z-4,跌.尾连VW.W2,8姖.__Aa龙猪._初,,-4,-2,-85,NA,,空长,0.3,-0.1,4.8,,
,-20,7,1.45
2024/5/27,15.93,16.12,16.12,15.52,0.25,1.45,屎v4忑.警,忑,z丁↘忑-3.Z-5,跌.尾反孕Wo,8姖.__Aa龙猪._初,,-5,-3,-86,NA,,空长,0,-0.5,2.2,,
,17,6,-0.13
2024/5/28,15.59,15.86,15.91,15.43,-2.13,-0.13,屎v0忑.警,忑,z丁↘忑-4.Z-6,跌.尾吞oV,9妩.__Aa龙猪._初,,-6,-4,-87,NA,,空长,-0.4,-1.1,3.1,,
,0,7,1.15
2024/5/29,15.32,15.66,15.77,15.31,-1.73,1.15,屎v0忑.警,忑,z丁↘忑-5.Z-7,跌.尾连VW.W2,9妩.__Aa龙猪._初,,-7,-5,-88,NA,,空长,-0.2,-1.9,4.2,,
,-150,8,0.91
2024/5/30,15.19,15.24,15.46,15.08,-0.85,0.91,屎v0忑.警,忑,z丁↘忑-6.Z-8,跌.尾连WW.W3,9妩.__Aa龙猪._初,,-8,-6,-89,NA,,空长,-1.1,-2.6,4,,
,-93,8,2.17
2024/5/31,15.48,15.19,15.52,15.16,1.91,2.17,屎v0忑.警,忑,z丁↘忑-7.Z-9,(跌)人.连后吞WO,8姖.__Aa龙猪._初,,-9,-7,-90,NA,,空长,-0.2,-2.8,3.6,,
,88,7,0.52
2024/6/3,14.78,15.46,15.56,14.76,-4.52,0.52,屎v0忑.警,忑,z丁↘忑-8.Z-10,(人)人.吞吞* OV,8姖.__Aa龙猪._主,,-10,-8,-91,NA,,空长,1.3,-3.5,3.5,,
,-875,8,0.34
2024/6/4,14.23,14.78,14.83,14.11,-3.72,0.34,屎v0忑.警,忑,z丁↘忑-9.Z-11,跌.尾连VW.W2,8姖.__Aa龙猪._主,,-11,-9,-92,NA,,空长,-1.6,-4.7,4.6,,
,-1100,12,0.14
2024/6/5,13.84,14.24,14.25,13.79,-2.74,0.14,屎v0忑.警,忑,z丁↘忑-10.Z-12,跌.尾连WW.W3,8姖.__Aa龙猪._主,,-12,-10,-93,NA,,空长,-3.3,-6.1,5.6,,
,-1950,13,0.07
2024/6/6,13.04,13.65,13.85,12.76,-5.78,0.07,屎v0忑.警,忑,z丁↘忑-11.Z-13,跌.尾连WW.W4,9妩.__Aa龙猪._主,,-13,-11,-94,NA,,空长,-3,-7.9,8.9,,
,-8000,22,5.98
2024/6/7,13.67,13.13,13.82,13.13,4.83,5.98,屎v0忑.警,忑,z丁↘忑-12.Z-14,(跌)人.连后吞WO,8姖.__Aa龙猪._主,,-14,-12,-95,NA,,空长,-1.6,-8.6,10.8,,
,81,22,0.8
2024/6/11,13.56,13.53,13.78,13.16,-0.8,0.8,屎v0忑.警,忑,z丁↘忑-13.Z-15,(跌)人.连后吞WOv,8姖.__Aa龙猪._主,,-15,-13,-96,NA,,空长,-0.8,-8.9,6.8,,
,-100,16,3.02
2024/6/12,13.84,13.56,13.97,13.38,2.06,3.02,屎v0忑.警,忑,z丁↘忑-14.Z-16,升.尾吞vO,6娝.__Fa震正〇._主,,-16,-14,-97,NA,,空长,0.9,-8.5,3,,
,68,12,4.99
2024/6/13,14.41,13.94,14.53,13.56,4.12,4.99,屎v1忑.警,忑,y戊↘忠-15.I,升.尾连OQ.Q2,4蛀.__Fe震正根._主,,1,-15,-98,NA,,空长,4.1,-7.3,4.1,,
,83,14,1.18
2024/6/14,14.09,14.38,14.58,13.91,-2.22,1.18,屎v1忑.警,忑,y戊↘忠-16.B2,升.尾反孕Qv,4蛀.__Fe震正根._主,,2,-16,-99,NA,,空长,4.1,-6.5,4.1,,
,-188,11,-0.07
2024/6/17,13.75,14.08,14.08,13.69,-2.41,-0.07,屎v0忑.警,忑,y戊↘忑-17.Y暂,跌.尾连vW.W2,5暂.__Fa震正〇._主,,-1,-17,-100,NA,,空长,0.8,-6.3,4.4,,
,0,11,1.75
2024/6/18,13.99,13.81,13.99,13.57,1.75,1.75,屎v0忑.警,忑,y戊↘忑-18.Z-2暂,跌.尾反孕Wo,5暂.__Fa震正〇._主,,-2,-18,-101,NA,,空长,0.2,-5.9,4.4,,
,100,9,1.07
2024/6/19,14.06,13.98,14.14,13.85,0.5,1.07,屎v1忑.警,忑,y戊↘忠-19.I暂,升.尾连oQ.Q2,4暂.__Fe震正根._主,,1,-19,-102,NA,,空长,1.1,-5.4,4.3,,
,47,8,3.77
2024/6/20,14.35,13.99,14.59,13.93,2.06,3.77,屎v2忑,忑,r己↗忐-20.B2暂,升.尾连QQ.Q3,4暂.__Fe震正根.储,,2,-20,-103,NA,,空长,3.7,-4.5,3.7,,
,55,8,0.14
2024/6/21,14.22,14.35,14.37,13.88,-0.91,0.14,屎v2忑,忑,r己↗忐-21.B3暂,升.尾反孕Qv,4暂.__Fe震正根.储,,3,-21,-104,NA,,空长,1.8,-3.9,3.3,,
,-650,8,-0.91
2024/6/24,13.23,14.09,14.09,13.16,-6.96,-0.91,屎v0忑.警,忑,y戊↘忑-22.Y暂,跌.尾连vW.W2,5暂.__Aa龙猪._再B,,-1,-22,-105,NA,,空长,1.1,-4.6,4.7,,
,0,11,3.48
2024/6/25,13.48,13.3,13.69,13.3,1.89,3.48,屎v0忑.警,忑,y戊↘忑-23.Z-2暂,跌.尾反孕Wo,5暂.__Aa龙猪._再B,,-2,-23,-106,NA,,空长,-0.7,-5.1,5.8,,
,54,11,5.19
2024/6/26,14.12,13.46,14.18,13.28,4.75,5.19,屎v1忑.警,忑,y戊↘忠-24.I暂,升.尾连oQ.Q2,4暂.__Be龙管根._再B,,1,-24,-107,NA,,空长,2.5,-4.5,5.5,,
,91,11,1.7
2024/6/27,14.04,14.1,14.36,13.89,-0.57,1.7,屎v1忑.警,忑,y戊↘忠-25.B2暂,升.尾反孕Qv,4暂.__Fe震正根._再B,,2,-25,-108,NA,,空长,3.4,-3.9,3.5,,
,-33,9,1.57
2024/6/28,14.08,14.04,14.26,13.92,0.28,1.57,屎v2忑,忑,r己↗忐-26.B3暂,(升)人.孕孕vo,4暂.__Fe震正根.储,,3,-26,-109,NA,,空长,2.3,-3.3,3,,
,18,9,1.07
2024/7/1,13.9,14.1,14.23,13.6,-1.28,1.07,屎v1忑.警,忑,y戊↘忠-27.A4,跌.尾吞oV,1柜.__Fe震正根._再B,,4,-27,-110,NA,,空长,2,-3.1,3,,
,-120,8,1.22
2024/7/2,14.05,13.96,14.07,13.68,1.08,1.22,屎v2忑,忑,r己↗忐-28.A5,跌.尾反孕oVo,1柜.__Fe震正根.储,,5,-28,-111,NA,,空长,0.7,-2.7,2.8,,
,88,8,0.93
2024/7/3,13.97,13.94,14.18,13.87,-0.57,0.93,屎v1忑.警,忑,y戊↘忠-29.A6,(跌)人.孕孕ov,1柜.__Fe震正根._再B,,6,-29,-112,NA,,空长,1.5,-2.5,2.8,,
,-62,6,1.22
2024/7/4,13.39,14.04,14.14,13.35,-4.15,1.22,屎v0忑.警,忑,y戊↘忑-30.Y,跌.尾连vW.W2,5蛀.__Fa震正〇._再B,,-1,-30,-113,NA,,空长,2.1,-3,3,,
,-341,7,2.99
2024/7/5,13.67,13.39,13.79,13.16,2.09,2.99,屎v0忑.警,忑,y戊↘忑-31.Z-2,跌.尾反孕Wo,5蛀.__Aa龙猪._再B,,-2,-31,-114,NA,,空长,0.1,-3.2,3.3,,
,70,8,0.8
2024/7/8,13.23,13.74,13.78,13.12,-3.22,0.8,屎v0忑.警,忑,y戊↘忑-32.Z-3,跌.尾吞oV,5蛀.__Aa龙猪._再B,,-3,-32,-115,NA,,空长,1,-3.7,4,,
,-400,8,4.08
2024/7/9,13.71,13.17,13.77,13,3.63,4.08,屎v0忑.警,忑,y戊↘忑-33.Z-4,跌.尾反孕oVo,9妩.__Aa龙猪._再B,,-4,-33,-116,NA,,空长,1.1,-3.5,4.1,,
,89,9,0.58
2024/7/10,13.44,13.71,13.79,13.39,-1.97,0.58,屎v0忑.警,忑,y戊↘忑-34.Z-5,(跌)人.孕孕ov,9妩.__Aa龙猪._主,,-5,-34,-117,NA,,空长,1.5,-3.5,4.1,,
,-338,9,4.09
2024/7/11,13.86,13.99,13.99,13.62,3.12,4.09,屎v2忑,忑,r己↗忐-35.I,升.尾吞vO,4蛀.__Fe震正根.储,,1,-35,-118,NA,,空长,2.6,-3,2.6,,
,76,8,1.23
2024/7/12,13.88,13.77,14.03,13.74,0.14,1.23,屎v2忑,忑,r己↗忐-36.B2,升.尾连OQ.Q2,4蛀.__Fe震正根.储,,2,-36,-119,NA,,空长,2.4,-2.4,2.4,,
,12,8,-0.29
2024/7/15,13.44,13.84,13.84,13.38,-3.17,-0.29,屎v0忑.警,忑,y戊↘忑-37.Y暂,(升)人.连后吞QV,5暂.__Fa震正〇._再B,,-1,-37,-120,NA,,空长,1.3,-2.5,2.7,,
,0,8,0.74
2024/7/16,13.27,13.35,13.54,13.16,-1.26,0.74,屎v0忑.警,忑,y戊↘忑-38.Z-2暂,跌.尾连VW.W2,5暂.__Fa震正〇._再B,,-2,-38,-121,NA,,空长,-0.2,-2.8,3.5,,
,-170,7,0.9
2024/7/17,13.13,13.27,13.39,12.98,-1.06,0.9,屎v0忑.警,忑,y戊↘忑-39.Z-3暂,跌.尾连WW.W3,5暂.__Aa龙猪._再B,,-3,-39,-122,NA,,空长,-0.4,-3.3,4.4,,
,-117,8,0.08
2024/7/18,12.99,13.13,13.14,12.66,-1.07,0.08,屎v0忑.警,忑,y戊↘忑-40.Z-4,跌.尾连WW.W4,9妩.__Aa龙猪._再B,,-4,-40,-123,NA,,空长,-1.3,-3.8,5.4,,
,-1400,11,3.08
2024/7/19,13.26,12.98,13.39,12.94,2.08,3.08,屎v0忑.警,忑,y戊↘忑-41.Z-5,(跌)人.连后吞WO,8姖.__Aa龙猪._主,,-5,-41,-124,NA,,空长,0.9,-3.7,4.2,,
,67,9,1.51
2024/7/22,13.31,13.26,13.46,13.22,0.38,1.51,屎v0忑.警,忑,y戊↘忑-42.Z-6,升.尾连OQ.Q2,7姗.__Bb龙管杂._主,,-6,-42,-125,NA,,空长,1.4,-3.5,2,,
,25,7,1.28
2024/7/23,13.11,13.31,13.48,13.06,-1.5,1.28,屎v0忑.警,忑,y戊↘忑-43.Z-7,(升)人.连后吞QV,7姗.__Fa震正〇._主,,-7,-43,-126,NA,,空长,1.8,-3.4,1.8,,
,-118,6,0.08
2024/7/24,12.83,12.97,13.12,12.69,-2.14,0.08,屎v0忑.警,忑,y戊↘忑-44.Z-8,跌.尾连VW.W2,7姗.__Fa震正〇._主,,-8,-44,-127,NA,,空长,-0.1,-3.8,2.6,,
,-2800,6,3.27
2024/7/25,13.02,12.83,13.25,12.67,1.48,3.27,屎v0忑.警,忑,y戊↘忑-45.Z-9,(跌)人.连后吞WO,7姗.__Fa震正〇._主,,-9,-45,-128,NA,,空长,1.2,-3.8,3,,
,45,6,2
2024/7/26,13.2,13.15,13.28,12.98,1.38,2,屎v1忑.警,忑,y戊↘忠-46.I,升.尾连OQ.Q2,4蛀.__Fe震正根._主,,1,-46,-129,NA,,空长,1.3,-3.4,2.9,,
,69,6,1.44
2024/7/29,13.25,13.32,13.39,13.07,0.38,1.44,屎v1忑.警,忑,y戊↘忠-47.B2,升.尾连QQ.Q3,4蛀.__Fe震正根._主,,2,-47,-130,NA,,空长,1.9,-3,2.6,,
,26,6,0.75
2024/7/30,13.29,13.31,13.35,13.15,0.3,0.75,屎v2忑,忑,r己↗忐-48.B3,升.尾连QQ.Q4,4蛀.__Fe震正根.储,,3,-48,-131,NA,,空长,1.3,-2.5,1.6,,
,40,6,3.16
2024/7/31,13.69,13.36,13.71,13.23,3.01,3.16,屎V5忠.盈,忠,a甲↗上1.A4,升.尾连QQ.Q5,0橅.Aa龙猪.储,a连5,4,1,-132,NA,,空长,3.1,-1.6,3.1,1,
1,95,8,1.75
2024/8/1,13.84,13.72,13.93,13.64,1.1,1.75,屎V5忠.盈,忠,a甲↗上2.A5,升.尾连QQ.Q6,0橅.Aa龙猪.储,a连6,5,2,-133,NA,,空长,3.6,-0.7,3.6,2,
2,63,7,1.52
2024/8/2,13.65,13.84,14.05,13.64,-1.37,1.52,屎V5忠.盈,忠,a甲↗上3.A6,(升)人.连后吞QV,1柜.Aa龙猪.储,a,6,3,-134,NA,,空长,3.9,-0.2,3.9,3,
3,-90,7,1.76
2024/8/5,13.28,13.66,13.89,13.22,-2.71,1.76,屎v3忑,忑,b乙→中4.Y,跌.尾连VW.W2,5蛀.__Ff震负._再C,,-1,-1,-135,NA,,空长,3,-0.4,4.2,,
,-154,7,3.61
2024/8/6,13.61,13.44,13.76,13.36,2.48,3.61,屎V5忠,忠,b乙↗上5.I暂,跌.尾反孕Wo,4暂.Aa龙猪.储,,1,1,-136,NA,,空长,1.9,-0.2,4,3,
3,69,6,1.25
2024/8/7,13.63,13.69,13.78,13.51,0.15,1.25,屎V5忠,忠,b乙↗上6.B2暂,升.尾连oQ.Q2,4暂.Fd震正芽.储,,2,2,-137,NA,,空长,1.8,0,3.8,3,
3,12,6,1.39
2024/8/8,13.67,13.7,13.82,13.37,0.29,1.39,屎V5忠.盈,忠,b乙↗上7.B3暂,升.尾连QQ.Q3,4暂.Fd震正芽.初,连3,3,3,-138,NA,,空长,1.8,0.2,3.5,3,
3,21,6,2.05
2024/8/9,13.68,13.72,13.95,13.57,0.07,2.05,屎V5忠.盈,忠,b乙↗上8.A4,升.尾连QQ.Q4,0橅.Fd震正芽.初,雀连4,4,4,-139,NA,,空长,2.5,0.3,2.5,2,
3,4,6,1.9
2024/8/12,13.83,13.72,13.94,13.54,1.1,1.9,屎V5忠.盈,忠,b乙↗上9.A5,升.尾连QQ.Q5,0橅.Fd震正芽.初,连5,5,5,-140,NA,,空长,2,0.6,2.1,2,
3,58,4,0.65
2024/8/13,13.85,13.83,13.92,13.56,0.14,0.65,屎V5忠.盈,忠,b乙↗上10.A6,升.尾连QQ.Q6,0橅.Fd震正芽.初,连6,6,6,-141,NA,,空长,1.5,0.9,1.7,2,
3,22,4,0.51
2024/8/14,13.79,13.88,13.92,13.75,-0.43,0.51,屎V5忠,忠,b乙↗上11.A7,(升)人.连后吞QV,1柜.Fd震正芽.初,,7,7,-142,NA,,空长,1.3,1,1.5,2,
3,-86,4,1.38
2024/8/15,13.81,13.79,13.98,13.64,0.15,1.38,屎V5忠.盈,忠,b乙↗上12.A8,(升)人.连后吞QVo,1柜.Fd震正芽.初,雀,8,8,-143,NA,,空长,1.6,1,1.6,2,
3,11,3,1.01
2024/8/16,13.86,13.9,13.95,13.76,0.36,1.01,屎V5忠,忠,b乙↗上13.A9,升.尾连oQ.Q2,1柜.Fd震正芽.初,,9,9,-144,NA,,空长,1.2,1.1,1.4,2,
2,36,3,0.65
2024/8/19,13.62,13.95,13.95,13.52,-1.73,0.65,屎V5忠,忠,b乙→中14.Y,(升)人.连后吞QV,5蛀.Fe震正根.主,,-1,10,-145,NA,,空长,1.4,0.8,1.6,2,
2,-267,3,0.44
2024/8/20,13.17,13.62,13.68,13.09,-3.3,0.44,屎v4忑.警,忑,z丁↘忑-1.Z-2,跌.尾连VW.W2,5蛀.__Aa龙猪._初,,-2,-1,-146,NA,,空长,0.4,0,2.6,,
,-750,7,0.91
2024/8/21,13.14,13.17,13.29,13.06,-0.23,0.91,屎v0忑.警,忑,z丁↘忑-2.Z-3,跌.尾连WW.W3,5蛀.__Aa龙猪._初,,-3,-2,-147,NA,,空长,-1.4,-0.8,3.7,,
,-25,7,1.14
2024/8/22,12.93,13.21,13.29,12.93,-1.6,1.14,屎v0忑.警,忑,z丁↘忑-3.Z-4,跌.尾连WW.W4,9妩.__Aa龙猪._初,,-4,-3,-148,NA,,空长,-0.3,-1.6,4.7,,
,-140,8,0.85
2024/8/23,12.78,12.99,13.04,12.67,-1.16,0.85,屎v0忑.警,忑,z丁↘忑-4.Z-5,跌.尾连WW.W5,9妩.__Aa龙猪._初,,-5,-4,-149,NA,,空长,-1,-2.4,5.9,,
,-136,10,2.27
2024/8/26,12.97,12.69,13.07,12.69,1.49,2.27,屎v0忑.警,忑,z丁↘忑-5.Z-6,跌.尾反孕Wo,9妩.__Aa龙猪._初,,-6,-5,-150,NA,,空长,-0.2,-2.7,4.5,,
,66,8,1.16
2024/8/27,12.91,13.03,13.12,12.81,-0.46,1.16,屎v0忑.警,忑,z丁↘忑-6.Z-7,(跌)人.孕孕ov,9妩.__Aa龙猪._主,,-7,-6,-151,NA,,空长,0.7,-2.8,2,,
,-40,5,2.32
2024/8/28,13.12,12.82,13.21,12.51,1.63,2.32,屎v1忑.警,忑,y戊↘忠-7.I,升.尾吞vO,4蛀.__Be龙管根._主,,1,-7,-152,NA,,空长,1.3,-2.6,1.9,,
,70,6,2.29
2024/8/29,13.41,13.12,13.42,12.92,2.21,2.29,屎v2忑,忑,r己↗忐-8.B2,升.尾连OQ.Q2,4蛀.__Fe震正根.储,,2,-8,-153,NA,,空长,2.3,-1.9,2.3,,
,97,7,2.76
2024/8/30,13.64,13.52,13.78,13.31,1.72,2.76,屎V5忠.盈,忠,r己↗忐-9.B3,升.尾连QQ.Q3,4蛀.Df头负.储,雀连3,3,1,-154,NA,,空长,3.9,-1,3.9,2,
4,62,10,1.76
2024/9/2,13.65,13.64,13.88,13.61,0.07,1.76,屎V5忠.盈,忠,a甲↗上1.A4,升.尾连QQ.Q4,0橅.Aa龙猪.储,a连4,4,2,-155,NA,,空长,3.8,-0.3,3.8,3,
3,4,11,1.32
2024/9/3,13.58,13.57,13.83,13.49,-0.51,1.32,屎V5忠,忠,a甲↗上2.A5,(升)人.连后吞QV,1柜.Aa龙猪.初,,5,3,-156,NA,,空长,2.9,0.2,3.2,3,
3,-39,11,0.37
2024/9/4,13.36,13.47,13.63,13.23,-1.62,0.37,屎V5忠,忠,b乙→中3.Y,跌.尾连VW.W2,5蛀.Be龙管根.初,,-1,4,-157,NA,,空长,1.4,0.1,3.3,3,
3,-440,7,1.05
2024/9/5,13.48,13.41,13.5,13.29,0.9,1.05,屎V5忠,忠,b乙↗上4.I暂,(跌)人.连后吞WO,4暂.Fd震正芽.初,,1,5,-158,NA,,空长,0.4,0.2,3.2,3,
3,86,5,0.15
2024/9/6,12.88,13.5,13.5,12.88,-4.45,0.15,屎v0忑.警,忑,z丁↘忑-1.Y暂,(人)人.吞吞* OV,5暂.__Fa震正〇._再D,,-1,-1,-159,NA,,空长,1.3,-0.6,4.2,,
,-3000,8,2.87
2024/9/9,13.04,12.91,13.25,12.8,1.24,2.87,屎v0忑.警,忑,z丁↘忑-2.Z-2暂,(人)人.吞吞* OV,5暂.__Fa震正〇._再D,,-2,-2,-160,NA,,空长,0.1,-1,4.5,,
,43,8,2.15
2024/9/10,13.32,13.03,13.32,12.97,2.15,2.15,屎v0忑.警,忑,z丁↘忑-3.Z-3暂,升.尾连oQ.Q2,5暂.__Fa震正〇._再D,,-3,-3,-161,NA,,空长,0.7,-1,3,,
,100,6,-0.23
2024/9/11,13.17,13.27,13.29,13,-1.13,-0.23,屎v0忑.警,忑,z丁↘忑-4.Z-4,升.尾反孕Qv,7姗.__Fa震正〇._再D,,-4,-4,-162,NA,,空长,0.5,-1,2.1,,
,0,5,2.2
2024/9/12,13.18,13.17,13.46,13.1,0.08,2.2,屎v0忑.警,忑,z丁↘忑-5.Z-5,(升)人.孕孕vo,7姗.__Fa震正〇._主,,-5,-5,-163,NA,,空长,1.9,-1,2.2,,
,3,5,0.99
2024/9/13,12.9,13.31,13.31,12.85,-2.12,0.99,屎v0忑.警,忑,z丁↘忑-6.Z-6,跌.尾吞oV,7姗.__Fa震正〇._主,,-6,-6,-164,NA,,空长,1.3,-1.3,2.5,,
,-215,5,0.16
2024/9/18,12.41,12.86,12.92,12.16,-3.8,0.16,屎v0忑.警,忑,z丁↘忑-7.Z-7,跌.尾连VW.W2,9妩.__Aa龙猪._主,,-7,-7,-165,NA,,空长,-0.3,-2.3,3.9,,
,-2450,11,4.27
2024/9/19,12.85,12.57,12.94,12.41,3.55,4.27,屎v0忑.警,忑,z丁↘忑-8.Z-8,跌.尾反孕Wo,9妩.__Aa龙猪._主,,-8,-8,-166,NA,,空长,0.3,-2.5,4.4,,
,83,11,0.47
2024/9/20,12.68,12.71,12.91,12.6,-1.32,0.47,屎v0忑.警,忑,z丁↘忑-9.Z-9,(跌)人.孕孕ov,9妩.__Aa龙猪._主,,-9,-9,-167,NA,,空长,0.6,-2.7,4.9,,
,-283,11,1.66
2024/9/23,12.8,12.64,12.89,12.59,0.95,1.66,屎v0忑.警,忑,z丁↘忑-10.Z-10,升.尾吞vO,8姖.__Fa震正〇._主,,-10,-10,-168,NA,,空长,0.6,-2.6,3.9,,
,57,9,4.14
2024/9/24,13.3,12.77,13.33,12.76,3.91,4.14,屎v2忑,忑,r己↗忐-11.I,升.尾连OQ.Q2,4蛀.__Fe震正根.储,,1,-11,-169,NA,,空长,3.2,-1.8,3.2,,
,94,10,3.38
2024/9/25,13.6,13.35,13.75,13.35,2.26,3.38,屎V5忠.盈,忠,a甲↗上1.B2,升.尾连QQ.Q3,4蛀.Aa龙猪.储,a连3,2,1,-170,NA,,空长,5,-0.6,5,4,
4,67,11,2.13
2024/9/26,13.86,13.54,13.89,13.54,1.91,2.13,屎V6忐.盈,忐,a甲↗上2.B3,升.尾连QQ.Q4,4蛀.Aa龙猪.初,a连4,3,2,-171,NA,,空看,4.4,0.7,4.4,5,
5,90,10,5.05
2024/9/27,14.38,14.02,14.56,14.02,3.75,5.05,屎V6忐.盈,忐,a甲↗上3.A4,升.尾连QQ.Q5,0橅.Aa龙猪.初,a连5高,4,3,-172,NA,,空看,7.2,2.3,7.2,9,
9,74,16,13.98
2024/9/30,16.09,14.74,16.39,14.63,11.89,13.98,唏E9忐.盈,忐,a甲↗上4.A5,升.尾连QQ.Q6,0橅.Aa龙猪.初,a宽连6高,5,4,1,持主,,多被,15.4,5.7,15.4,21,
21,85,28,17.28
2024/10/8,17.59,18.56,18.87,16.71,9.32,17.28,唏E9忐.盈,忐,a甲↗上5.A6,升.尾连QQ.Q7,0橅.Aa龙猪.初,a宽连7高,6,5,2,持主,,多被,25,10.2,25,37,
37,54,41,-1.25
2024/10/9,16.51,17.37,17.37,15.63,-6.14,-1.25,唏E0上.盈,上,a甲↗上6.A7,(升)人.连后吞QV,1柜.Aa龙猪.初,宽偏,7,6,3,持主,,多被,11.3,12.2,20.9,35,
35,0,39,1.64
2024/10/10,16.36,16.59,16.78,15.91,-0.91,1.64,唏E0上,上,a甲↗上7.A8,跌.尾连VW.W2,2栅.Bc龙管栅.主,,8,7,4,持主,,多被,5.6,12.7,18.8,33,
33,-56,35,0.79
2024/10/11,15.73,16.49,16.49,15.58,-3.85,0.79,唏E0上,上,a甲↗上8.A9,跌.尾连WW.W3,3桮.Fa震正〇.主,,9,8,5,持主,,多被,3.6,11.8,18.6,32,
32,-485,29,2.67
2024/10/14,16.14,15.94,16.15,15.58,2.61,2.67,唏E0上,上,a甲↗上9.A10,跌.尾反孕Wo,3桮.Fa震正〇.主,,10,9,6,持主,,多被,1.1,11.1,18.1,31,
31,98,21,0.31
2024/10/15,15.66,16.19,16.19,15.65,-2.97,0.31,唏E2上,上,b乙→中10.Y,跌.尾吞oV,5蛀.Fe震正根.主,,-1,10,7,持被,,多被,1.7,9.9,9.1,19,
30,-960,11,2.17
2024/10/16,15.79,15.53,16,15.48,0.83,2.17,唏E2上,上,b乙→中11.Z-2,跌.尾反孕oVo,5蛀.Fe震正根.主,,-2,11,8,持被,,多被,0.8,8.9,5.7,15,
29,38,8,2.66
2024/10/17,15.87,15.78,16.21,15.78,0.51,2.66,唏E2上,上,b乙→中12.Z-3,升.尾连oQ.Q2,5蛀.Fe震正根.主,,-3,12,9,持被,,多被,2.2,8.1,3.9,12,
28,19,7,5.48
2024/10/18,16.46,16,16.74,15.89,3.72,5.48,唏E0上.盈,上,b乙↗上13.I暂,升.尾连QQ.Q3,4暂.Fd震正芽.主,雀连3高,1,13,10,持主,,多被,4.7,8.1,4.7,13,
27,68,8,2.98
2024/10/21,16.67,16.51,16.95,16.41,1.28,2.98,唏E0上.盈,上,b乙↗上14.B2暂,升.尾连QQ.Q4,4暂.Fd震正芽.主,雀连4,2,14,11,持主,,多被,4.8,8.4,4.8,13,
26,43,9,1.5
2024/10/22,16.7,16.65,16.92,16.48,0.18,1.5,唏E0上.盈,上,b乙↗上15.B3暂,升.尾连QQ.Q5,4暂.Fd震正芽.主,连5,3,15,12,持主,,多被,3.6,8.5,3.8,12,
15,12,9,0.96
2024/10/23,16.68,16.78,16.86,16.52,-0.12,0.96,唏E0上,上,b乙↗上16.A4,升.尾反孕Qv,0橅.Fd震正芽.主,,4,16,13,持主,,多被,2.5,8.4,3.1,11,
11,-12,7,0.42
2024/10/24,16.71,16.71,16.75,16.57,0.18,0.42,唏E0上,上,b乙↗上17.A5,(升)人.孕孕vo,0橅.Fd震正芽.主,,5,17,14,持主,,多被,1.3,8.2,2.6,10,
10,43,7,2.87
2024/10/25,17.07,16.69,17.19,16.66,2.15,2.87,唏E0上.盈,上,b乙↗上18.A6,升.尾连oQ.Q2,0橅.Aa龙猪.主,a,6,18,15,持主,,多被,3.1,8.2,3.1,11,
11,75,5,3.81
2024/10/28,17.69,17.5,17.72,17.01,3.63,3.81,唏E0上.盈,上,b乙↗上19.A7,升.尾连QQ.Q3,0橅.Aa龙猪.主,a连3,7,19,16,持主,,多被,4.7,8.8,4.7,13,
13,95,8,3.05
2024/10/29,17.4,18.04,18.23,17.38,-1.64,3.05,唏E0上.盈,上,b乙↗上20.A8,(升)人.连后吞QV,1柜.Aa龙猪.主,a偏,8,20,17,持主,,多被,6.7,8.9,6.7,16,
16,-54,10,3.33
2024/10/30,17.17,17.49,17.98,16.91,-1.32,3.33,唏E0上,上,b乙↗上21.A9,跌.尾连VW.W2,2栅.Bc龙管栅.主,,9,21,18,持主,,多被,4.9,8.4,6.3,15,
15,-40,10,4.72
2024/10/31,17.81,17.26,17.98,16.95,3.73,4.72,唏E0上,上,b乙↗上22.A10,(跌)人.连后吞WO,2栅.Bc龙管栅.主,,10,22,19,持主,,多被,3.9,8.5,5.4,14,
14,79,9,3.2
2024/11/1,17.56,17.84,18.38,17.44,-1.4,3.2,银E0上.盈,上,b乙↗上23.A11,(跌)人.连后吞WOv,2栅.Bc龙管栅.主,a,11,23,20,持主,,多被,5.7,8.3,5.7,14,
14,-44,9,1.99
2024/11/4,17.54,17.91,17.91,17.26,-0.11,1.99,银E0上,上,b乙↗上24.A12,跌.尾连vW.W2,3桮.Bd龙管杂.主,,12,24,21,持主,,多被,2.6,7.9,5.3,13,
13,-6,9,2.45
2024/11/5,17.91,17.51,17.97,17.44,2.11,2.45,银E0上,上,b乙↗上25.A13,(跌)人.连后吞WO,2栅.Bc龙管栅.主,,13,25,22,持主,,多被,2.3,7.8,4.7,12,
12,86,9,8.04
2024/11/6,18.73,18.17,19.35,17.8,4.58,8.04,银E0上.盈,上,b乙↗上26.A14,升.尾连OQ.Q2,2栅.Bc龙管栅.主,a高,14,26,23,持主,,多被,8.4,8.5,8.4,17,
17,57,14,1.76
2024/11/7,18.87,18.61,19.06,18.5,0.75,1.76,银E0上.盈,上,b乙↗上27.A15,升.尾连QQ.Q3,2栅.Bc龙管栅.主,连3,15,27,24,持主,,多被,5.1,9.1,6.7,16,
16,42,12,6.36
2024/11/8,19.79,19.16,20.07,18.68,4.88,6.36,银E0上.盈,上,b乙↗上28.A16,升.尾连QQ.Q4,0橅.Aa龙猪.主,a连4高,16,28,25,持主,,多被,8.1,10.4,8.1,19,
19,77,16,1.72
2024/11/11,19.89,19.65,20.13,19.23,0.51,1.72,银E0上.盈,上,b乙↗上29.A17,升.尾连QQ.Q5,0橅.Aa龙猪.主,a连5偏,17,29,26,持主,,多被,6.2,11.2,6.2,18,
18,29,15,1.86
2024/11/12,19.55,20.02,20.26,19.36,-1.71,1.86,银E0上.盈,上,b乙↗上30.A18,(升)人.连后吞QV,1柜.Aa龙猪.主,a,18,30,27,持主,,多被,5.6,11.3,5.6,17,
17,-92,14,1.79
2024/11/13,19.28,19.54,19.9,18.87,-1.38,1.79,银E0上,上,b乙↗上31.A19,跌.尾连VW.W2,2栅.Bc龙管栅.主,,19,31,28,持主,,多被,3.4,10.7,5.3,16,
16,-77,10,0.52
2024/11/14,18.12,19.28,19.38,18.12,-6.02,0.52,银E2上,上,b乙→中32.Y,跌.尾连WW.W3,5蛀.Be龙管根.主,,-1,32,29,持被,,多被,1.9,8.8,6.6,15,
15,-1160,12,2.32
2024/11/15,17.76,18.13,18.54,17.76,-1.99,2.32,银E1上.被,上,c丙↘下33.Z-2,跌.尾连WW.W4,5蛀.Fe震正根.破,,-2,33,30,持被,,多被,-0.8,6.6,8.4,15,
15,-86,14,0.84
2024/11/18,17.29,17.86,17.91,17.03,-2.65,0.84,银E3上.警,上,z丁↘忑-1.Z-3,跌.尾连WW.W5,5蛀.Ff震负.破,,-3,34,31,持被,,多被,-2.1,4.5,10.7,15,
15,-313,19,2.37
2024/11/19,17.63,17.18,17.7,17.05,1.97,2.37,银E3上.警,上,z丁↘忑-2.Z-4,跌.尾反孕Wo,9妩.Ff震负.破,,-4,35,32,持被,,多被,-2,3.1,10.2,13,
15,83,17,3.4
2024/11/20,18.11,17.48,18.23,17.48,2.72,3.4,银E3上.警,上,z丁↘忑-3.Z-5,升.尾连oQ.Q2,7姗.Ff震负.破,,-5,36,33,持被,,多被,1.1,2.7,7.5,10,
15,80,14,2.04
2024/11/21,18.35,18.11,18.48,17.92,1.33,2.04,银E3上.盈,上,r己↗忐-4.I,升.尾连QQ.Q3,4蛀.Df头负.再C,连3,1,37,34,持主,,多被,2.2,2.7,2.5,5,
15,65,9,1.04
2024/11/22,17.47,18.33,18.54,17.42,-4.8,1.04,银E3上.警.盈,上,y戊↘忑-5.Y暂,(升)人.连后吞QV,5暂.Ff震负.破,雀,-1,38,35,持被,,多被,3.2,2,3.2,5,
15,-463,9,3.55
2024/11/25,18.03,17.78,18.09,17.48,3.21,3.55,银E3上.警,上,y戊↘忑-6.Z-2暂,(升)人.连后吞QVo,5暂.Ff震负.破,,-2,39,36,持被,,多被,0.8,1.8,3.3,5,
14,90,9,2.27
2024/11/26,17.86,17.86,18.44,17.73,-0.94,2.27,银E3上.警,上,y戊↘忑-7.Z-3暂,(人)人.孕孕vo,5暂.Ff震负.破,,-3,40,37,持被,,多被,2.9,1.6,3.4,5,
12,-41,6,2.69
2024/11/27,18.26,17.77,18.34,17,2.24,2.69,银E3上,上,r己↗忐-8.I暂,升.尾吞vO,4暂.Df头负.再C,,1,41,38,持主,,多被,1.9,1.7,3,4,
9,83,9,1.59
2024/11/28,18.39,18.16,18.55,18.11,0.71,1.59,银E0上.盈,上,a甲↗上1.B2暂,升.尾连OQ.Q2,4暂.Aa龙猪.再C,a,2,42,39,持主,,多被,2.5,2.1,2.5,4,
4,45,9,1.96
2024/11/29,18.58,18.41,18.75,17.91,1.03,1.96,银E0上.盈,上,a甲↗上2.B3暂,升.尾连QQ.Q3,4暂.Aa龙猪.再C,a连3,3,43,40,持主,,多被,2.9,2.5,2.9,5,
5,53,10,3.98
2024/12/2,19.12,18.58,19.32,18.49,2.91,3.98,银E0上.盈,上,a甲↗上3.A4,升.尾连QQ.Q4,0橅.Aa龙猪.再C,a连4,4,44,41,持主,,多被,4.7,3.3,4.7,8,
8,73,14,0.58
2024/12/3,18.92,19.12,19.23,18.79,-1.05,0.58,银E0上,上,a甲↗上4.A5,升.尾反孕Qv,0橅.Aa龙猪.再C,,5,45,42,持主,,多被,3.3,3.7,3.8,7,
7,-182,14,0.53
2024/12/4,18.58,19.01,19.02,18.43,-1.8,0.53,银E0上,上,a甲↗上5.A6,跌.尾连vW.W2,2栅.Bc龙管栅.主,,6,46,43,持主,,多被,2.1,3.5,3.7,7,
7,-340,8,1.67
2024/12/5,18.85,18.53,18.89,18.48,1.45,1.67,银E0上,上,a甲↗上6.A7,跌.尾反孕Wo,2栅.Fa震正〇.主,,7,47,44,持主,,多被,1.1,3.5,3.4,6,
6,87,8,1.17
2024/12/6,18.96,18.88,19.07,18.53,0.58,1.17,银E0上,上,a甲↗上7.A8,升.尾连oQ.Q2,2栅.Fa震正〇.主,,8,48,45,持主,,多被,1.6,3.5,3,6,
6,50,5,1.58
2024/12/9,19.08,18.98,19.26,18.8,0.63,1.58,银E0上.盈,上,a甲↗上8.A9,升.尾连QQ.Q3,2栅.Fa震正〇.主,雀连3,9,49,46,持主,,多被,2.2,3.6,2.2,5,
6,40,5,3.09
2024/12/10,19.21,19.57,19.67,19.17,0.68,3.09,银E0上.盈,上,a甲↗上9.A10,升.尾连QQ.Q4,0橅.Aa龙猪.主,a连4,10,50,47,持主,,多被,3.8,3.7,3.8,7,
7,22,7,2.29
2024/12/11,19.59,19.28,19.65,19.09,1.98,2.29,银E0上.盈,上,a甲↗上10.A11,升.尾连QQ.Q5,0橅.Aa龙猪.主,连5,11,51,48,持主,,多被,2.8,4.1,2.9,7,
7,86,6,1.28
2024/12/12,19.81,19.72,19.84,19.47,1.12,1.28,银E0上.盈,上,a甲↗上11.A12,升.尾连QQ.Q6,0橅.Aa龙猪.主,a连6,12,52,49,持主,,多被,2.8,4.6,2.8,7,
7,88,7,-0.3
2024/12/13,19.4,19.75,19.75,19.26,-2.07,-0.3,银E0上,上,a甲↗上12.A13,(升)人.连后吞QV,1柜.Aa龙猪.主,,13,53,50,持主,,多被,2,4.5,2.4,7,
7,0,6,0.77
2024/12/16,19.26,19.37,19.55,19.08,-0.72,0.77,银E2上,上,b乙→中13.Y,跌.尾连VW.W2,5蛀.Be龙管根.主,,-1,54,51,持被,,多被,1,4.1,2.5,6,
6,-93,4,0.57
2024/12/17,18.1,19.22,19.37,17.93,-6.02,0.57,银e5中.被,中,c丙↘下14.Z-2,跌.尾连WW.W3,5蛀.__Df头负._破,,-2,-1,52,卖浮,,多被,1.5,2.7,4,,
,-1055,11,2.04
2024/12/18,17.97,18.1,18.47,17.5,-0.72,2.04,银e5中.警,中,z丁↘忑-1.Z-3,跌.尾连WW.W4,5蛀.__Aa龙猪._破,,-3,-2,53,卖浮,,多被,-1.6,1.2,5.7,,
,-35,13,1.17
2024/12/19,17.93,17.8,18.18,17.53,-0.22,1.17,银e5中.警,中,z丁↘忑-2.Z-4,跌.尾连WW.W5,9妩.__Aa龙猪._破,,-4,-3,54,卖浮,,多被,-1.8,0,6.7,,
,-19,13,3.63
2024/12/20,18.48,18.05,18.58,17.61,3.07,3.63,银e5中.警,中,z丁↘忑-3.Z-5,(跌)人.连后吞WO,8姖.__Aa龙猪._初,,-5,-4,55,卖浮,,多被,0.7,-0.3,6,,
,85,12,0
2024/12/23,17.13,18.48,18.48,17.08,-7.31,0,银e5中.警,中,z丁↘忑-4.Z-6,(人)人.吞吞* OV,8姖.__Aa龙猪._初,,-6,-5,56,卖浮,,多被,1.9,-1.5,6.8,,
,0,13,2.1
2024/12/24,17.2,17.44,17.49,16.98,0.41,2.1,银e6下.警,下,z丁↘忑-5.Z-7,(人)人.吞吞* OV,8姖.__Aa龙猪._初,,-7,-6,57,卖浮,,多被,-2.1,-2.6,4,,
,19,9,1.4
2024/12/25,16.66,17.15,17.44,16.46,-3.14,1.4,银e6下.警,下,z丁↘忑-6.Z-8,跌.尾吞oV,8姖.__Aa龙猪._初,,-8,-7,58,卖浮,,多被,-0.5,-3.8,6,,
,-225,13,3.12
2024/12/26,16.96,16.66,17.18,16.48,1.8,3.12,银e6下.警,下,z丁↘忑-7.Z-9,跌.尾反孕oVo,9妩.__Aa龙猪._初,,-9,-8,59,卖浮,,多被,-0.9,-4.4,7.2,,
,58,13,2.42
2024/12/27,17.07,17.09,17.37,16.9,0.65,2.42,银e6下.警,下,z丁↘忑-8.Z-10,升.尾连oQ.Q2,7姗.__Bb龙管杂._初,,-10,-9,60,卖浮,,多被,0.8,-4.6,7.2,,
,27,12,0
2024/12/30,16.71,17.07,17.07,16.27,-2.11,0,银e6下.警,下,z丁↘忑-9.Z-11,(升)人.连后吞QV,7姗.__Bb龙管杂._主,,-11,-10,61,卖浮,,多被,-0.1,-4.8,2.3,,
,0,7,1.26
2024/12/31,16.53,16.81,16.92,16.43,-1.08,1.26,银v9下.警,下,z丁↘忑-10.Z-12,跌.尾连VW.W2,7姗.__Bb龙管杂._主,,-12,-11,-1,NA,,空长,-0.1,-5.2,3,,
,-86,7,3.75
2025/1/2,16.39,16.53,17.15,16.19,-0.85,3.75,银v9下.警,下,z丁↘忑-11.Z-13,跌.尾连WW.W3,7姗.__Bb龙管杂._主,,-13,-12,-2,NA,,空长,2.2,-5.5,3.5,,
,-23,7,1.04
2025/1/3,15.67,16.32,16.56,15.66,-4.39,1.04,屎v9下.警,下,z丁↘忑-12.Z-14,跌.尾连WW.W4,9妩.__Aa龙猪._主,,-14,-13,-3,NA,,空长,0.4,-6.4,5.3,,
,-424,11,1.85
2025/1/6,15.7,15.68,15.96,15.08,0.19,1.85,屎v9下.警,下,z丁↘忑-13.Z-15,跌.尾反孕Wo,9妩.__Aa龙猪._主,,-15,-14,-4,NA,,空长,-1.8,-7,5.5,,
,10,14,3.95
2025/1/7,16.19,15.83,16.32,15.56,3.12,3.95,屎v9下.警,下,z丁↘忑-14.Z-16,升.尾连oQ.Q2,7姗.__Bb龙管杂._主,,-16,-15,-5,NA,,空长,0.8,-6.9,5.9,,
,79,14,0.8
2025/1/8,16.02,16.06,16.32,15.47,-1.05,0.8,屎v9下.警,下,z丁↘忑-15.Z-17,升.尾反孕Qv,7姗.__Bb龙管杂._主,,-17,-16,-6,NA,,空长,1.1,-6.6,6.3,,
,-131,14,1
2025/1/9,15.95,16.02,16.18,15.84,-0.44,1,屎v9下.警,下,z丁↘忑-16.Z-18,跌.尾连vW.W2,7姗.__Fa震正〇._主,,-18,-17,-7,NA,,空长,0.6,-6.4,3,,
,-44,10,0.38
2025/1/10,15.5,16.01,16.01,15.34,-2.82,0.38,屎v0忑.警,忑,z丁↘忑-17.Z-19,跌.尾连WW.W3,7姗.__Fa震正〇._主,,-19,-18,-8,NA,,空长,0.4,-6.6,2.4,,
,-750,8,0.65
2025/1/13,15.55,15.32,15.6,14.99,0.32,0.65,屎v0忑.警,忑,z丁↘忑-18.Z-20,跌.尾反孕Wo,9妩.__Aa龙猪._主,,-20,-19,-9,NA,,空长,-1.4,-6.7,3.1,,
,50,9,6.62
2025/1/14,16.55,15.71,16.58,15.4,6.43,6.62,屎v1忑.警,忑,y戊↘忠-19.I,升.尾连oQ.Q2,4蛀.__Be龙管根._主,,1,-20,-10,NA,,空长,3.9,-5.6,3.9,,
,97,11,0.91
2025/1/15,16.38,16.7,16.7,16.25,-1.03,0.91,屎v2忑,忑,r己↗忐-20.B2,升.尾反孕Qv,4蛀.__Fe震正根.储,,2,-21,-11,NA,,空长,3.8,-4.6,3.8,,
,-113,11,2.5
2025/1/16,16.59,16.54,16.79,16.4,1.28,2.5,屎v2忑,忑,r己↗忐-21.B3,(升)人.孕孕vo,4蛀.__Fe震正根.储,,3,-22,-12,NA,,空长,3.5,-3.7,3.5,,
,51,12,0.9
2025/1/17,16.62,16.67,16.74,16.32,0.18,0.9,屎v2忑,忑,r己↗忐-22.A4,升.尾连oQ.Q2,0橅.__Fe震正根.储,,4,-23,-13,NA,,空长,2.4,-2.8,2.7,,
,20,12,3.49
2025/1/20,17.13,16.66,17.2,16.66,3.07,3.49,屎e8忠.盈,忠,a甲↗上1.A5,升.尾连QQ.Q3,0橅.Aa龙猪.储,a连3,5,1,1,持主,,多被,4,-1.7,4,2,
2,88,12,0.7
2025/1/21,17.18,17.13,17.25,16.78,0.29,0.7,屎E9忐.盈,忐,a甲↗上2.A6,升.尾连QQ.Q4,0橅.Aa龙猪.储,a连4,6,2,2,持主,,多被,3.1,-0.7,3.1,2,
2,42,6,0.06
2025/1/22,17.02,17.19,17.19,16.87,-0.93,0.06,屎E9忐,忐,a甲↗上3.A7,(升)人.连后吞QV,1柜.Aa龙猪.储,,7,3,3,持主,,多被,2.1,-0.2,2.5,2,
2,-1600,6,3.11
2025/1/23,17.2,17.26,17.55,17.1,1.06,3.11,屎E9忐.盈,忐,a甲↗上4.A8,(人)人.吞吞* VO,1柜.Aa龙猪.初,a,8,4,4,持主,,多被,3.6,0.3,3.6,3,
3,34,8,2.97
2025/1/24,17.66,17.32,17.71,17.04,2.67,2.97,银E9忐.盈,忐,a甲↗上5.A9,升.尾连OQ.Q2,1柜.Aa龙猪.初,a,9,5,5,持主,,多被,3.4,1.1,3.4,4,
4,90,6,3.74
2025/1/27,17.87,17.68,18.32,17.6,1.19,3.74,银E9忐.盈,忐,a甲↗上6.A10,升.尾连QQ.Q3,1柜.Aa龙猪.初,a连3,10,6,6,持主,,多被,5.7,2,5.7,7,
7,32,9,1.79
2025/2/5,18.12,17.94,18.19,17.88,1.4,1.79,银E9忐.盈,忐,a甲↗上7.A11,升.尾连QQ.Q4,0橅.Aa龙猪.初,连4,11,7,7,持主,,多被,3.6,2.9,4.4,7,
7,78,9,1.66
2025/2/6,18.3,18.12,18.42,17.9,0.99,1.66,银E0上.盈,上,a甲↗上8.A12,升.尾连QQ.Q5,0橅.Aa龙猪.初,a连5,12,8,8,持主,,多被,3.7,3.6,3.7,7,
7,60,8,3.11
2025/2/7,18.71,18.57,18.87,18.29,2.24,3.11,银E0上.盈,上,a甲↗上9.A13,升.尾连QQ.Q6,0橅.Aa龙猪.初,a连6,13,9,9,持主,,多被,4.7,4.5,4.7,9,
9,72,11,1.76
2025/2/10,18.95,18.72,19.04,18.36,1.28,1.76,银E0上.盈,上,a甲↗上10.A14,升.尾连QQ.Q7,0橅.Aa龙猪.初,a连7,14,10,10,持主,,多被,4.1,5.3,4.1,9,
9,73,8,1.11
2025/2/11,18.97,19.05,19.16,18.85,0.11,1.11,银E0上.盈,上,a甲↗上11.A15,升.尾连QQ.Q8,0橅.Aa龙猪.主,a连8,15,11,11,持主,,多被,3.6,5.8,3.6,9,
9,10,7,0.47
2025/2/12,18.88,19.06,19.06,18.7,-0.47,0.47,银E0上,上,a甲↗上12.A16,(升)人.连后吞QV,1柜.Aa龙猪.主,,16,12,12,持主,,多被,2.3,5.9,2.9,8,
8,-100,7,0.79
2025/2/13,18.56,18.98,19.03,18.41,-1.69,0.79,银E0上,上,a甲↗上13.A17,跌.尾连VW.W2,2栅.Bc龙管栅.主,,17,13,13,持主,,多被,2.1,5.5,2.8,8,
8,-213,5,1.99
2025/2/14,18.86,18.51,18.93,18.42,1.62,1.99,银E0上,上,a甲↗上14.A18,跌.尾反孕Wo,2栅.Fa震正〇.主,,18,14,14,持主,,多被,1.3,5.3,2.5,7,
7,81,4,4.56
2025/2/17,19.24,19.07,19.72,18.99,2.01,4.56,银E0上.盈,上,a甲↗上15.A19,升.尾连oQ.Q2,2栅.Bc龙管栅.主,a,19,15,15,持主,,多被,4.7,5.5,4.7,10,
10,44,7,0.57
2025/2/18,18.58,19.2,19.35,18.49,-3.43,0.57,银E2上,上,b乙→中16.Y,(升)人.连后吞QV,5蛀.Be龙管根.主,,-1,16,16,持被,,多被,2.9,4.9,4.9,10,
10,-600,7,3.66
2025/2/19,19.08,18.69,19.26,18.43,2.69,3.66,银E0上,上,b乙↗上17.I暂,(升)人.连后吞QVo,4暂.Aa龙猪.主,,1,17,17,持主,,多被,2.1,4.8,4.6,9,
9,74,7,2.1
2025/2/20,19.22,19.1,19.48,19.09,0.73,2.1,银E0上,上,b乙↗上18.B2暂,升.尾连oQ.Q2,4暂.Fd震正芽.主,,2,18,18,持主,,多被,2.8,4.8,4.1,9,
9,35,7,0.42
2025/2/21,19.3,19.22,19.3,18.8,0.42,0.42,银E0上.盈,上,b乙↗上19.B3暂,升.尾连QQ.Q3,4暂.Fd震正芽.主,连3,3,19,19,持主,,多被,1.3,4.9,3.5,8,
8,100,7,0.36
2025/2/24,19.33,19.28,19.37,18.83,0.16,0.36,银E0上.盈,上,b乙↗上20.A4,升.尾连QQ.Q4,0橅.Fd震正芽.主,连4,4,20,20,持主,,多长,1.2,4.8,1.8,6,
8,43,6,-0.26
2025/2/25,19.14,19.16,19.28,18.86,-0.98,-0.26,银E0上,上,b乙↗上21.A5,(升)人.连后吞QV,1柜.Fd震正芽.主,,5,21,21,持主,,多长,0.7,4.6,1.7,6,
7,0,6,0.89
2025/2/26,19.19,19.08,19.31,19.08,0.26,0.89,银E0上,上,b乙↗上22.A6,(人)人.吞吞* VO,1柜.Fd震正芽.主,,6,22,22,持主,,多长,0.8,4.3,1.6,5,
7,29,4,0.89
2025/2/27,19.19,19.36,19.36,18.78,0,0.89,银E0上,上,b乙↗上23.A7,升.尾连OQ.Q2,1柜.Fd震正芽.主,,7,23,23,持主,,多长,1,4,1,5,
6,0,3,-0.05
2025/2/28,18.71,19.13,19.18,18.45,-2.5,-0.05,银E1上.被,上,c丙↘下24.Y,(升)人.连后吞QV,5蛀.Fe震正根.破,,-1,24,24,持被,,多长,0.6,3.2,1.6,4,
6,0,5,2.35
2025/3/3,18.83,18.73,19.15,18.68,0.64,2.35,银E1上.被,上,c丙↘下25.Z-2,(升)人.连后吞QVo,5蛀.Fe震正根.破,,-2,25,25,持被,,多长,0.8,2.7,1.9,4,
5,27,5,2.12
2025/3/4,19.23,18.81,19.23,18.68,2.12,2.12,银E0上,上,b乙↗上26.I暂,升.尾连oQ.Q2,4暂.Dd头正芽.再B,,1,26,26,持主,,多长,1,2.6,1.7,4,
5,100,5,0.21
2025/3/5,19.16,19.23,19.27,18.88,-0.36,0.21,银E0上,上,b乙↗上27.B2暂,升.尾反孕Qv,4暂.Dd头正芽.再B,,2,27,27,持主,,多长,1.1,2.6,1.5,4,
4,-175,5,2.4
2025/3/6,19.49,19.15,19.62,19.15,1.72,2.4,银E0上.盈,上,b乙↗上28.B3暂,升.尾吞vO,4暂.Aa龙猪.再B,a,3,28,28,持主,,多长,2.4,2.8,2.4,5,
5,72,6,1.03
2025/3/7,19.26,19.57,19.69,19.13,-1.18,1.03,银E0上.盈,上,b乙↗上29.A4,升.尾反孕vOv,0橅.Aa龙猪.再B,a,4,29,29,持主,,多长,2.5,2.8,2.5,5,
5,-115,5,2.6
2025/3/10,19.48,19.45,19.76,19.33,1.14,2.6,银E0上.盈,上,b乙↗上30.A5,(升)人.孕孕vo,0橅.Aa龙猪.主,a,5,30,30,持主,,多长,2.5,2.8,2.5,5,
5,44,6,0.87
2025/3/11,19.65,19.36,19.65,19.26,0.87,0.87,银E0上,上,b乙↗上31.A6,升.尾连oQ.Q2,0橅.Aa龙猪.主,,6,31,31,持主,,多长,1.4,3,2,5,
5,100,5,1.27
2025/3/12,19.62,19.65,19.9,19.48,-0.15,1.27,银E0上.盈,上,b乙↗上32.A7,升.尾反孕Qv,0橅.Aa龙猪.主,a,7,32,32,持主,,多长,2.3,3.1,2.3,5,
5,-12,4,0.15
2025/3/13,19.29,19.53,19.65,18.99,-1.68,0.15,银E2上,上,b乙→中33.Y,跌.尾连vW.W2,5蛀.Be龙管根.主,,-1,33,33,持被,,多长,1.1,2.8,2.4,5,
5,-1100,5,3.21
2025/3/14,19.91,19.29,19.91,19.11,3.21,3.21,金E0上.盈,上,b乙↗上34.I暂,(跌)人.连后吞WO,4暂.Aa龙猪.主,a,1,34,34,持主,,多长,1.9,3,1.9,4,
4,100,5,0.25
2025/3/17,19.77,19.89,19.96,19.67,-0.7,0.25,金E0上.盈,上,b乙↗上35.B2暂,(跌)人.连后吞WOv,4暂.Aa龙猪.主,a,2,35,35,持主,,多长,1.8,3.1,1.8,4,
4,-280,5,1.21
2025/3/18,19.88,19.79,20.01,19.72,0.56,1.21,金E0上.盈,上,b乙↗上36.B3暂,(人)人.孕孕vo,4暂.Aa龙猪.主,a,3,36,36,持主,,多长,1.6,3.1,1.6,4,
4,46,5,0.4
2025/3/19,19.65,19.77,19.96,19.39,-1.16,0.4,金E0上,上,b乙↗上37.A4,跌.尾吞oV,1柜.Aa龙猪.主,,4,37,37,持主,,多长,1.3,2.9,1.6,4,
4,-287,5,0.05
2025/3/20,19.42,19.65,19.66,19.24,-1.17,0.05,金E2上,上,b乙→中38.Y,跌.尾连VW.W2,5蛀.Be龙管根.主,,-1,38,38,持被,,多长,0.1,2.5,1.9,4,
4,-2300,5,0.26
2025/3/21,18.79,19.47,19.47,18.71,-3.24,0.26,金e5中.警,中,z丁↘忑-1.Z-2,跌.尾连WW.W3,5蛀.__Aa龙猪._破,,-2,-1,39,卖浮,,多长,0.2,1.5,3,,
,-1260,7,0.9
2025/3/24,17.97,18.9,18.96,17.6,-4.36,0.9,金e6下.警,下,z丁↘忑-2.Z-3,跌.尾连WW.W4,5蛀.__Aa龙猪._初,,-3,-2,40,卖浮,,多被,-0.6,-0.1,5,,
,-482,14,1.17
2025/3/25,17.98,18.04,18.18,17.69,0.06,1.17,金e6下.警,下,z丁↘忑-3.Z-4,跌.尾反孕Wo,9妩.__Aa龙猪._初,,-4,-3,41,卖浮,,多被,-3,-1.5,6.5,,
,5,13,3.28
2025/3/26,18.34,18.07,18.57,17.79,2,3.28,金e6下.警,下,z丁↘忑-4.Z-5,升.尾连oQ.Q2,7姗.__Bb龙管杂._初,,-5,-4,42,卖浮,,多被,-0.1,-2,5.8,,
,61,12,0.6
2025/3/27,18.28,18.45,18.45,17.85,-0.33,0.6,金e6下.警,下,z丁↘忑-5.Z-6,升.尾反孕Qv,7姗.__Fa震正〇._初,,-6,-5,43,卖浮,,多被,-0.2,-2.3,5.4,,
,-55,11,0.6
2025/3/28,17.88,18.26,18.39,17.85,-2.19,0.6,金e6下.警,下,z丁↘忑-6.Z-7,跌.尾连vW.W2,7姗.__Fa震正〇._初,,-7,-6,44,卖浮,,多被,0.4,-2.8,3.5,,
,-364,8,0.95
2025/3/31,17.86,17.9,18.05,17.52,-0.11,0.95,金e6下.警,下,z丁↘忑-7.Z-8,跌.尾连WW.W3,7姗.__Bb龙管杂._初,,-8,-7,45,卖浮,,多被,-0.7,-3.1,2.1,,
,-12,6,6.1
2025/4/1,18.46,17.87,18.95,17.87,3.36,6.1,金e6下.警,下,y戊↘忠-8.I,(跌)人.连后吞WO,4蛀.__Be龙管根._主,,1,-8,46,卖浮,,多被,4,-2.8,4,,
,55,8,2.22
2025/4/2,18.58,18.55,18.87,18.33,0.65,2.22,金e5中.警,中,y戊↘忠-9.B2,升.尾连OQ.Q2,4蛀.__Be龙管根._主,,2,-9,47,卖浮,,多长,3.1,-2.2,3.5,,
,29,8,0.7
2025/4/3,18.4,18.39,18.71,18.2,-0.97,0.7,金e6下.警,下,y戊↘忠-10.B3,(升)人.连后吞QV,4蛀.__Fe震正根._主,,3,-10,48,卖浮,,多被,2,-1.9,3.3,,
,-138,8,-2.88
2025/4/7,15.49,17.56,17.87,15.35,-15.82,-2.88,金v9下.警,下,y戊↘忑-11.Y暂,跌.尾连VW.W2,5暂.__Aa龙猪._主,,-1,-11,-1,NA,,空看,0.8,-4.4,6.9,,
,0,23,7.04
2025/4/8,15.99,15.63,16.58,15.55,3.23,7.04,金v9下.警,下,y戊↘忑-12.Z-2暂,跌.尾反孕Wo,5暂.__Aa龙猪._主,,-2,-12,-2,NA,,空看,-3.6,-6.3,10.2,,
,46,23,4.13
2025/4/9,16.59,15.82,16.65,14.76,3.75,4.13,金v0忑.警,忑,y戊↘忑-13.Z-3暂,升.尾连oQ.Q2,5暂.__Aa龙猪._主,,-3,-13,-3,NA,,空看,-1.7,-7,11.4,,
,91,28,4.46
2025/4/10,17.15,16.81,17.33,16.81,3.38,4.46,金v0忑.警,忑,y戊↘忑-14.Z-4,升.尾连QQ.Q3,6娝.__Bc龙管栅._主,,-4,-14,-4,NA,,空看,2.3,-6.5,10.5,,
,76,27,1.22
2025/4/11,17.08,17.12,17.36,16.8,-0.41,1.22,尿v1忑.警,忑,y戊↘忠-15.I,升.尾反孕Qv,4蛀.__Be龙管根._主,,1,-15,-5,NA,,空看,2.3,-5.9,5.3,,
,-33,21,3.45
2025/4/14,17.39,17.21,17.67,17.1,1.81,3.45,尿v1忑.警,忑,y戊↘忠-16.B2,升.尾吞vO,4蛀.__Fe震正根._主,,2,-16,-6,NA,,空看,3.5,-5.1,3.5,,
,53,20,1.78
2025/4/15,17.61,17.39,17.7,17.36,1.27,1.78,尿v2忑,忑,r己↗忐-17.B3,升.尾连OQ.Q2,4蛀.__Fe震正根.储,,3,-17,-7,NA,,空看,2.9,-4.1,2.9,,
,71,20,0.85
2025/4/16,17.39,17.66,17.76,17.14,-1.25,0.85,尿v1忑.警,忑,y戊↘忠-18.A4,升.尾反孕Qv,0橅.__Fe震正根._再B,,4,-18,-8,NA,,空看,2.8,-3.5,2.8,,
,-147,6,2.19
2025/4/17,17.67,17.48,17.77,17.1,1.61,2.19,尿v2忑,忑,r己↗忐-19.A5,升.尾吞vO,0橅.__Fe震正根.储,,5,-19,-9,NA,,空看,2.2,-2.8,2.2,,
,74,6,0.96
2025/4/18,17.74,17.66,17.84,17.34,0.4,0.96,嘘e7忑,忑,r己↗忐-20.A6,升.尾连OQ.Q2,0橅.__Fe震正根.储,,6,-20,1,卖浮,,多被,2,-2.1,2,,
,41,4,1.18
2025/4/21,17.8,17.93,17.95,17.5,0.34,1.18,嘘e7忑,忑,a甲↗上1.A7,升.尾连QQ.Q3,0橅.__Ff震负.储,,7,-21,2,卖浮,,多被,2.1,-1.6,2.1,,
,29,5,0.51
2025/4/22,17.75,17.71,17.89,17.66,-0.28,0.51,嘘e7忑,忑,a甲↗上2.A8,(升)人.连后吞QV,1柜.__Ff震负.储,,8,-22,3,卖浮,,多被,1.4,-1.2,1.8,,
,-56,5,2.2
2025/4/23,18.09,17.93,18.14,17.82,1.92,2.2,嘘e8忠.盈,忠,a甲↗上3.A9,(人)人.吞吞* VO,1柜.Aa龙猪.储,a,9,1,4,持主,,多被,2.2,-0.6,2.2,1,
1,87,6,0.5
2025/4/24,17.93,18.13,18.18,17.82,-0.88,0.5,嘘e8忠.盈,忠,a甲↗上4.A10,(人)人.吞吞* VO,1柜.Aa龙猪.储,a,10,2,5,持主,,多被,2,-0.3,2,1,
1,-178,5,1.39
2025/4/25,17.93,18.14,18.18,17.76,0,1.39,金e8忠.盈,忠,a甲↗上5.A11,(人)人.孕孕vo,1柜.Aa龙猪.储,a,11,3,6,持主,,多被,1.8,-0.1,1.8,1,
1,0,4,0.22
2025/4/28,17.64,17.69,17.97,17.3,-1.62,0.22,金e7忑,忑,b乙→中6.Y,跌.尾吞oV,5蛀.__Ff震负._再C,,-1,-1,7,卖浮,,多被,0.9,-0.3,2,,
,-725,5,5.56
2025/4/29,18.34,17.9,18.62,17.65,3.97,5.56,金E9忐.盈,忐,b乙↗上7.I暂,(跌)人.吞吞oVO,4暂.Aa龙猪.初,a高,1,1,8,持主,,多长,3.9,0.2,3.9,4,
4,71,8,1.58
2025/4/30,18.55,18.16,18.63,18.16,1.15,1.58,金E9忐.盈,忐,b乙↗上8.B2暂,升.尾连OQ.Q2,4暂.Aa龙猪.初,a,2,2,9,持主,,多长,3,0.9,3,3,
3,72,8,3.94
2025/5/6,19.26,18.58,19.28,18.58,3.83,3.94,金E9忐.盈,忐,b乙↗上9.B3暂,升.尾连QQ.Q3,4暂.Aa龙猪.初,a连3,3,3,10,持主,,多长,4.9,2.1,4.9,7,
7,97,11,3.06
2025/5/7,19.4,19.3,19.85,19.23,0.73,3.06,金E9忐.盈,忐,b乙↗上10.A4,升.尾连QQ.Q4,0橅.Aa龙猪.初,a连4偏,4,4,11,持主,,多长,6.3,3.2,6.3,9,
9,24,15,2.63
2025/5/8,19.73,19.22,19.91,19.22,1.7,2.63,金E0上.盈,上,b乙↗上11.A5,升.尾连QQ.Q5,0橅.Aa龙猪.初,a连5,5,5,12,持主,,多长,4.9,4.2,4.9,9,
9,65,13,0.51
2025/5/9,19.42,19.83,19.83,19.36,-1.57,0.51,金E0上,上,b乙↗上12.A6,升.尾反孕Qv,0橅.Aa龙猪.初,,6,6,13,持主,,多长,3.6,4.6,4,8,
8,-310,10,2.06
2025/5/12,19.75,19.6,19.82,19.45,1.7,2.06,金E0上,上,b乙↗上13.A7,(升)人.孕孕vo,0橅.Aa龙猪.主,,7,7,14,持主,,多长,2.6,5,3.1,8,
8,82,7,1.01
2025/5/13,19.63,19.95,19.95,19.42,-0.61,1.01,金E0上.盈,上,b乙↗上14.A8,(人)人.孕孕vo,0橅.Aa龙猪.主,a,8,8,15,持主,,多长,2.7,5,2.7,7,
7,-60,4,0.46
2025/5/14,19.28,19.64,19.72,19.23,-1.78,0.46,金E2上,上,b乙→中15.Y,跌.尾连vW.W2,5蛀.Be龙管根.主,,-1,9,16,持被,,多长,1.6,4.6,2.8,7,
7,-389,4,2.39
2025/5/15,19.66,19.47,19.74,19.21,1.97,2.39,金E0上,上,b乙↗上16.I暂,(跌)人.连后吞WO,4暂.Aa龙猪.主,,1,10,17,持主,,多长,1.4,4.5,2.5,7,
7,83,4,1.68
2025/5/16,19.84,19.66,19.99,19.47,0.92,1.68,金E0上.盈,上,b乙↗上17.B2暂,升.尾连OQ.Q2,4暂.Aa龙猪.主,a,2,11,18,持主,,多长,2.2,4.5,2.2,6,
6,55,4,1.92
2025/5/19,20.12,19.17,20.22,19.17,1.41,1.92,金E0上.盈,上,b乙↗上18.B3暂,升.尾连QQ.Q3,4暂.Aa龙猪.主,a连3,3,12,19,持主,,多长,2.6,4.8,2.6,7,
7,74,5,2.34
2025/5/20,20.53,20.15,20.59,19.83,2.04,2.34,金E0上.盈,上,b乙↗上19.A4,升.尾连QQ.Q4,0橅.Aa龙猪.主,a连4,4,13,20,持主,,多长,3.4,5.3,3.4,8,
8,87,7,0.49
2025/5/21,20.19,20.59,20.63,20.1,-1.66,0.49,金E0上.盈,上,b乙↗上20.A5,升.尾反孕Qv,0橅.Aa龙猪.主,a,5,14,21,持主,,多长,3,5.3,3,8,
8,-340,8,1.63
2025/5/22,19.89,20.21,20.52,19.68,-1.49,1.63,金E2上,上,b乙→中21.Y,跌.尾连vW.W2,5蛀.Be龙管根.主,,-1,15,22,持被,,多长,2.5,4.9,3,8,
8,-91,8,2.97
2025/5/23,19.95,20.02,20.48,19.52,0.3,2.97,金E2上,上,b乙→中22.Z-2,跌.尾反孕Wo,5蛀.Be龙管根.主,,-2,16,23,持被,,多长,2.4,4.4,3.1,7,
7,10,8,1.7
2025/5/26,19.97,20.28,20.29,19.71,0.1,1.7,金E2上,上,b乙→中23.Z-3,升.尾连oQ.Q2,5蛀.Fe震正根.主,,-3,17,24,持被,,多长,1.5,4,3.2,7,
7,6,6,0.65
2025/5/27,20.1,19.79,20.1,19.73,0.65,0.65,金E0上.盈,上,b乙↗上24.I暂,升.尾连QQ.Q3,4暂.Fd震正芽.主,连3,1,18,25,持主,,多长,0.4,3.8,3.1,6,
6,100,6,1.04
2025/5/28,19.98,20.2,20.31,19.7,-0.6,1.04,金E2上,上,b乙→中25.Y暂,升.尾反孕Qv,5暂.Fe震正根.主,,-1,19,26,持被,,多长,1.5,3.5,2.5,6,
6,-57,5,1.9
2025/5/29,20.11,20.08,20.36,19.83,0.65,1.9,金E0上,上,b乙↗上26.I暂,(升)人.孕孕vo,4暂.Fd震正芽.主,,1,20,27,持主,,多长,1.6,3.3,2.2,5,
6,34,5,2.69
2025/5/30,20.46,20.32,20.65,20.1,1.74,2.69,金E0上.盈,上,b乙↗上27.B2暂,升.尾连oQ.Q2,4暂.Aa龙猪.主,a,2,21,28,持主,,多长,2.6,3.4,2.6,6,
6,65,5,1.96
2025/6/3,20.43,20.21,20.86,20.21,-0.15,1.96,金E0上.盈,上,b乙↗上28.B3暂,升.尾反孕Qv,4暂.Aa龙猪.主,a,3,22,29,持主,,多长,3.2,3.5,3.2,6,
6,-8,6,1.42
2025/6/4,20.66,20.43,20.72,20.43,1.13,1.42,金E0上,上,b乙↗上29.A4,升.尾吞vO,0橅.Aa龙猪.主,,4,23,30,持主,,多长,1.9,3.7,2.6,6,
6,79,6,1.02
2025/6/5,20.51,20.69,20.87,20.39,-0.73,1.02,金E0上.盈,上,b乙↗上30.A5,升.尾反孕vOv,0橅.Aa龙猪.主,a,5,24,31,持主,,多长,2.3,3.7,2.3,6,
6,-71,5,0.73
2025/6/6,20.66,20.48,20.66,20.26,0.73,0.73,金E0上,上,b乙↗上31.A6,(升)人.孕孕vo,0橅.Aa龙猪.主,,6,25,32,持主,,多长,0.9,3.7,1.9,5,
5,100,4,1.65
2025/6/9,20.9,20.66,21,20.38,1.16,1.65,金E0上.盈,上,b乙↗上32.A7,升.尾连oQ.Q2,0橅.Aa龙猪.主,a,7,26,33,持主,,多长,2,3.8,2,5,
5,71,4,1.53
2025/6/10,20.87,20.9,21.22,20.56,-0.14,1.53,金E0上.盈,上,b乙↗上33.A8,升.尾反孕Qv,0橅.Aa龙猪.主,a,8,27,34,持主,,多长,2.6,3.9,2.6,6,
6,-9,5,0.81
2025/6/11,20.95,20.82,21.04,20.79,0.38,0.81,金E0上,上,b乙↗上34.A9,升.尾吞vO,0橅.Aa龙猪.主,,9,28,35,持主,,多长,1.4,3.9,2.2,6,
6,47,5,1.24
2025/6/12,21.2,20.91,21.21,20.79,1.19,1.24,金E0上,上,b乙↗上35.A10,升.尾连OQ.Q2,0橅.Aa龙猪.主,,10,29,36,持主,,多长,1.6,4,1.7,5,
5,96,5,0.24
2025/6/13,20.68,21.1,21.25,20.55,-2.45,0.24,金E2上.盈,上,b乙→中36.Y,(升)人.连后吞QV,5蛀.Be龙管根.主,a,-1,30,37,持被,,多长,1.9,3.7,1.9,5,
5,-1040,4,2.18
2025/6/16,20.93,20.79,21.13,20.59,1.21,2.18,金E0上,上,b乙↗上37.I暂,(升)人.连后吞QVo,4暂.Aa龙猪.主,,1,31,38,持主,,多长,1.3,3.4,1.8,5,
5,56,3,1
2025/6/17,21,20.96,21.14,20.76,0.33,1,金E0上,上,b乙↗上38.B2暂,升.尾连oQ.Q2,4暂.Aa龙猪.主,,2,32,39,持主,,多长,1.1,3.3,1.7,5,
5,33,3,0.24
2025/6/18,20.66,21.05,21.05,20.52,-1.62,0.24,金E2上,上,b乙→中39.Y暂,(升)人.连后吞QV,5暂.Fe震正根.主,,-1,33,40,持被,,多长,0.9,2.9,1.9,4,
4,-680,4,1.21
2025/6/19,19.98,20.66,20.91,19.92,-3.29,1.21,金e5中.被,中,c丙↘下40.Z-2暂,跌.尾连VW.W2,5暂.__Df头负._破,,-2,-1,41,卖浮,,多长,1.3,1.9,2.9,,
,-272,7,2.25
2025/6/20,19.93,20.1,20.43,19.85,-0.25,2.25,金e5中.警,中,z丁↘忑-1.Z-3暂,跌.尾连WW.W3,5暂.__Aa龙猪._破,,-3,-2,42,卖浮,,多长,-0.1,1,3.4,,
,-11,6,2.66
2025/6/23,20.35,19.94,20.46,19.77,2.11,2.66,金e5中.警,中,z丁↘忑-2.Z-4,(跌)人.连后吞WO,8姖.__Aa龙猪._破,,-4,-3,43,卖浮,,多长,0.4,0.6,3.7,,
,79,7,3.73
2025/6/24,21.03,20.35,21.11,20.35,3.34,3.73,金E3上.盈,上,r己↗忐-3.I,升.尾连OQ.Q2,4蛀.Df头负.再C,雀,1,1,44,持主,,多长,2.9,1.1,2.9,4,
4,89,7,1.9
2025/6/25,21.37,21.14,21.43,20.98,1.62,1.9,金E0上.盈,上,a甲↗上1.B2,升.尾连QQ.Q3,4蛀.Aa龙猪.再C,a连3,2,2,45,持主,,多长,3.4,1.8,3.4,5,
5,85,8,0.28
2025/6/26,21.17,21.37,21.43,20.88,-0.94,0.28,金E0上.盈,上,a甲↗上2.B3,升.尾反孕Qv,4蛀.Aa龙猪.再C,a,3,3,46,持主,,多长,2.7,2.3,2.7,4,
4,-333,8,0.47
2025/6/27,21.12,21.25,21.27,20.84,-0.24,0.47,金E0上,上,a甲↗上3.A4,跌.尾连vW.W2,2栅.Bc龙管栅.再C,,4,4,47,持主,,多长,1.5,2.4,2.2,4,
4,-50,8,0.66
2025/6/30,21.26,21.13,21.26,20.92,0.66,0.66,金E0上,上,a甲↗上4.A5,(跌)人.连后吞WO,2栅.Bc龙管栅.再C,,5,5,48,持主,,多长,1,2.6,1.8,4,
4,100,5,2.07
2025/7/1,21.51,21.4,21.7,21.19,1.18,2.07,金E0上.盈,上,a甲↗上5.A6,升.尾连OQ.Q2,2栅.Bc龙管栅.主,a,6,6,49,持主,,多长,2.5,2.8,2.5,5,
5,57,4,0.6
2025/7/2,21.4,21.4,21.64,21.2,-0.51,0.6,金E0上,上,a甲↗上6.A7,升.尾反孕Qv,2栅.Bc龙管栅.主,,7,7,50,持主,,多长,1.8,2.9,2.1,5,
5,-85,4,0.89
2025/7/3,21.39,21.4,21.59,21.24,-0.05,0.89,金E0上,上,a甲↗上7.A8,跌.尾连vW.W2,2栅.Bc龙管栅.主,,8,8,51,持主,,多长,1.4,2.9,1.9,4,
4,-5,4,0.47
2025/7/4,21.17,21.38,21.49,21.1,-1.03,0.47,金E2上,上,b乙→中8.Y,跌.尾连WW.W3,5蛀.Fe震正根.主,,-1,9,52,持被,,多长,1,2.6,2,4,
4,-220,4,1.28
2025/7/7,21.44,21.17,21.44,21.05,1.28,1.28,金E0上,上,b乙↗上9.I暂,(跌)人.连后吞WO,4暂.Fd震正芽.主,,1,10,53,持主,,多长,0.6,2.5,1.8,4,
4,100,3,1.82
2025/7/8,21.79,21.51,21.83,21.45,1.63,1.82,金E0上.盈,上,b乙↗上10.B2暂,升.尾连OQ.Q2,4暂.Aa龙猪.主,a,2,11,54,持主,,多长,1.9,2.7,1.9,4,
4,90,4,0.32
2025/7/9,21.65,21.79,21.86,21.46,-0.64,0.32,金E0上.盈,上,b乙↗上11.B3暂,升.尾反孕Qv,4暂.Aa龙猪.主,a,3,12,55,持主,,多长,1.7,2.8,1.7,4,
4,-200,4,0.32
2025/7/10,21.63,21.55,21.72,21.33,-0.09,0.32,金E0上,上,b乙↗上12.A4,跌.尾连vW.W2,2栅.Bc龙管栅.主,,4,13,56,持主,,多长,0.8,2.8,1.5,4,
4,-29,4,0.88
2025/7/11,21.55,21.7,21.82,21.16,-0.37,0.88,金E0上,上,b乙↗上13.A5,跌.尾连WW.W3,3桮.Bd龙管杂.主,,5,14,57,持主,,多长,1.2,2.6,1.4,4,
4,-42,4,1.76
2025/7/14,21.93,21.68,21.93,21.36,1.76,1.76,金E0上.盈,上,b乙↗上14.A6,(跌)人.连后吞WO,3桮.Bd龙管杂.主,a,6,15,58,持主,,多长,1.3,2.7,1.3,4,
4,100,4,0.55
2025/7/15,21.88,21.94,22.05,21.46,-0.23,0.55,金E0上.盈,上,b乙↗上15.A7,(跌)人.连后吞WOv,3桮.Bd龙管杂.主,a,7,16,59,持主,,多长,1.5,2.8,1.5,4,
4,-42,4,1.55
2025/7/16,22.12,21.88,22.22,21.76,1.1,1.55,金E0上.盈,上,b乙↗上16.A8,升.尾吞vO,2栅.Bc龙管栅.主,a,8,17,60,持主,,多长,1.8,2.9,1.8,4,
4,71,5,5.47
2025/7/17,22.81,22.23,23.33,22.12,3.12,5.47,金E0上.盈,上,b乙↗上17.A9,升.尾连OQ.Q2,0橅.Aa龙猪.主,a高,9,18,61,持主,,多长,5.7,3.6,5.7,9,
9,57,10,2.41
2025/7/18,23.33,22.81,23.36,22.54,2.28,2.41,金E0上.盈,上,b乙↗上18.A10,升.尾连QQ.Q3,0橅.Aa龙猪.主,a连3,10,19,62,持主,,多长,4.3,4.5,4.3,9,
9,95,9,1.54
2025/7/21,23.29,23.53,23.69,23.12,-0.17,1.54,金E0上.盈,上,b乙↗上19.A11,升.尾反孕Qv,0橅.Aa龙猪.主,a,11,20,63,持主,,多长,4.5,5.2,4.5,9,
9,-11,10,3.18
2025/7/22,23.85,23.43,24.03,23.24,2.4,3.18,金E0上.盈,上,b乙↗上20.A12,升.尾吞vO,0橅.Aa龙猪.主,a,12,21,64,持主,,多长,4.5,5.9,4.5,10,
10,76,10,-0.13
2025/7/23,23.24,23.81,23.82,23.09,-2.56,-0.13,金E0上,上,b乙↗上21.A13,(升)人.吞吞vOV,1柜.Aa龙猪.主,,13,22,65,持主,,多长,3,5.9,3.9,10,
10,0,9,1.81
2025/7/24,23.45,23.3,23.66,23.26,0.9,1.81,金E0上,上,b乙↗上22.A14,(升)人.吞吞vOVo,1柜.Aa龙猪.主,,14,23,66,持主,,多长,1.9,5.8,3.5,9,
9,50,7,3.28
2025/7/25,24.05,23.58,24.22,23.41,2.56,3.28,金E0上.盈,上,b乙↗上23.A15,升.尾连oQ.Q2,1柜.Aa龙猪.主,a,15,24,67,持主,,多长,3.4,6,3.4,9,
9,78,5,3.91
2025/7/28,24.92,24.16,24.99,23.94,3.62,3.91,金E0上.盈,上,b乙↗上24.A16,升.尾连QQ.Q3,1柜.Aa龙猪.主,a连3,16,25,68,持主,,多长,5,6.9,5,12,
12,93,8,0.8
2025/7/29,24.43,24.83,25.12,24.06,-1.97,0.8,金E0上.盈,上,b乙↗上25.A17,升.尾反孕Qv,0橅.Aa龙猪.主,a,17,26,69,持主,,多长,4.5,7.1,4.5,11,
11,-245,9,1.23
2025/7/30,24.13,24.34,24.73,23.78,-1.23,1.23,金E0上,上,b乙↗上26.A18,跌.尾连vW.W2,2栅.Bc龙管栅.主,,18,27,70,持主,,多长,2.6,6.8,4.2,11,
11,-100,8,3.56
2025/7/31,24.23,23.98,24.99,23.98,0.41,3.56,金E0上,上,b乙↗上27.A19,跌.尾反孕Wo,2栅.Bc龙管栅.主,,19,28,71,持主,,多长,3.5,6.4,4,10,
10,12,7,3.59
2025/8/1,25.1,24.24,25.1,24.23,3.59,3.59,金E0上,上,b乙↗上28.A20,升.尾连oQ.Q2,2栅.Fa震正〇.主,,20,29,72,持主,,多长,3,6.6,3.1,9,
9,100,6,3.63
2025/8/4,26.01,25.14,26.01,24.56,3.63,3.63,金E0上.盈,上,b乙↗上29.A21,升.尾连QQ.Q3,2栅.Bc龙管栅.主,a连3,21,30,73,持主,,多长,5,7.5,5,12,
12,100,9,0.58
2025/8/5,25.89,26.01,26.16,25.61,-0.46,0.58,金E0上.盈,上,b乙↗上30.A22,升.尾反孕Qv,0橅.Aa龙猪.主,a,22,31,74,持主,,多长,4.1,8,4.1,12,
12,-80,10,2.97
2025/8/6,26.53,26.09,26.66,25.63,2.47,2.97,金E0上.盈,上,b乙↗上31.A23,升.尾吞vO,0橅.Aa龙猪.主,a,23,32,75,持主,,多长,4.5,8.6,4.5,13,
13,83,11,3.24
2025/8/7,26.83,26.53,27.39,26.32,1.13,3.24,金E0上.盈,上,b乙↗上32.A24,升.尾连OQ.Q2,0橅.Aa龙猪.主,a,24,33,76,持主,,多长,5.8,9.1,5.8,15,
15,35,13,7.27
2025/8/8,28.78,26.91,28.78,26.91,7.27,7.27,金E0上.盈,上,b乙↗上33.A25,升.尾连QQ.Q3,0橅.Aa龙猪.主,a连3高,25,34,77,持主,,多长,8.1,10.7,8.1,19,
19,100,17,1.77
2025/8/11,28.35,28.81,29.29,27.64,-1.49,1.77,金E0上.盈,上,b乙↗上34.A26,升.尾反孕Qv,0橅.Aa龙猪.主,a偏,26,35,78,持主,,多长,7.8,11.5,7.8,20,
20,-84,14,0.63
2025/8/12,28.13,28.15,28.53,27.75,-0.78,0.63,金E0上,上,b乙↗上35.A27,跌.尾连vW.W2,2栅.Bc龙管栅.主,,27,36,79,持主,,多长,3.7,11.6,6.5,18,
18,-122,14,-0.21
2025/8/13,27.2,27.99,28.07,26.95,-3.31,-0.21,金E0上,上,b乙↗上36.A28,跌.尾连WW.W3,3桮.Bd龙管杂.主,,28,37,80,持主,,多长,2,10.7,6.5,17,
17,0,11,1.69
2025/8/14,26.23,27.61,27.66,26.17,-3.57,1.69,金E2上,上,b乙→中37.Y,跌.尾连WW.W4,5蛀.Fe震正根.主,,-1,38,81,持被,,多长,1.6,9,7.6,17,
17,-211,12,1.83
2025/8/15,26.22,26.13,26.71,26.02,-0.04,1.83,金E1上.被,上,c丙↘下38.Z-2,跌.尾连WW.W5,5蛀.Fe震正根.破,,-2,39,82,持被,,多长,-0.9,7.4,8.7,16,
16,-2,13,1.64
2025/8/18,26.62,26.42,26.65,26.14,1.53,1.64,金E2上,上,b乙→中39.Z-3,(跌)人.连后吞WO,5蛀.De头正根.再B,,-3,40,83,持被,,多长,-0.6,6.4,6.4,13,
16,93,10,1.13
2025/8/19,26.67,26.62,26.92,26.24,0.19,1.13,金E2上,上,b乙→中40.Z-4,升.尾连OQ.Q2,7姗.De头正根.再B,,-4,41,84,持被,,多长,0.7,5.7,5,10,
15,17,8,0.26
2025/8/20,26.74,26.61,26.74,26.25,0.26,0.26,金E2上.盈,上,b乙→中41.Z-5,升.尾连QQ.Q3,6娝.De头正根.再B,连3,-5,42,85,持被,,多长,0,5.2,3.5,8,
15,100,6,0.67
2025/8/21,26.77,26.81,26.92,26.47,0.11,0.67,金E0上.盈,上,b乙↗上42.I,升.尾连QQ.Q4,4蛀.Dd头正芽.再B,雀连4,1,43,86,持主,,多长,0.7,4.8,0.7,5,
14,17,3,0.52
2025/8/22,26.52,26.81,26.91,26.19,-0.93,0.52,金E2上,上,b乙→中43.Y暂,(升)人.连后吞QV,5暂.De头正根.再B,,-1,44,87,持被,,多长,0.8,4.3,0.9,5,
14,-179,3,2.87
2025/8/25,27.11,26.51,27.28,26.46,2.22,2.87,金E0上.盈,上,b乙↗上44.I暂,(人)人.吞吞* VO,4暂.Dd头正芽.主,雀,1,45,88,持主,,多长,1.9,4.2,1.9,6,
11,78,4,1.55
2025/8/26,26.93,27.53,27.53,26.62,-0.66,1.55,金E0上.盈,上,b乙↗上45.B2暂,(人)人.吞吞* VO,4暂.Dd头正芽.主,雀,2,46,89,持主,,多长,2.6,4.1,2.6,6,
8,-43,5,1.11
2025/8/27,25.83,26.95,27.23,25.82,-4.08,1.11,金E1上.被,上,c丙↘下46.Y暂,跌.尾连vW.W2,5暂.Fe震正根.破,,-1,47,90,持被,,多长,2.3,3.1,3.4,6,
7,-367,7,1.08
2025/8/28,25.53,25.77,26.11,24.51,-1.16,1.08,金e5中.警,中,z丁↘忑-1.Z-2暂,跌.尾连WW.W3,5暂.__Aa龙猪._破,,-2,-1,91,卖浮,,多长,-0.8,2,4.6,,
,-107,12,0.12
2025/8/29,25.16,25.46,25.56,24.99,-1.45,0.12,金e5中.警,中,z丁↘忑-2.Z-3暂,跌.尾连WW.W4,5暂.__Aa龙猪._破,,-3,-2,92,卖浮,,多长,-1.7,0.9,5.9,,
,-1233,12,3.74
2025/9/1,25.41,25.25,26.1,25.23,0.99,3.74,金e5中.警,中,z丁↘忑-3.Z-4,跌.尾反孕Wo,9妩.__Aa龙猪._破,,-4,-3,93,卖浮,,多长,1.2,0.2,6.7,,
,27,12,1.61
2025/9/2,25.09,25.62,25.82,24.43,-1.26,1.61,金e5中.警,中,z丁↘忑-4.Z-5,跌.尾吞oV,9妩.__Aa龙猪._初,,-5,-4,94,卖浮,,多长,0.9,-0.4,6.4,,
,-78,11,1.55
2025/9/3,24.85,25.22,25.48,24.71,-0.96,1.55,金e5中.警,中,z丁↘忑-5.Z-6,跌.尾连VW.W2,9妩.__Aa龙猪._初,,-6,-5,95,卖浮,,多长,0.4,-1,2.8,,
,-62,7,2.37
2025/9/4,24.93,24.85,25.44,24.66,0.32,2.37,金e5中.警,中,z丁↘忑-6.Z-7,跌.尾反孕Wo,9妩.__Aa龙猪._初,,-7,-6,96,卖浮,,多长,0.8,-1.4,3.4,,
,14,7,4.05
2025/9/5,25.94,24.94,25.94,24.63,4.05,4.05,金E3上.警,上,y戊↘忠-7.I,升.尾连oQ.Q2,4蛀.Ff震负.再D,,1,1,97,持主,,多长,2.3,-0.9,2.9,1,
7,100,7,2.39
2025/9/8,26.52,26,26.56,25.74,2.24,2.39,金E3上.盈,上,r己↗忐-8.B2,升.尾连QQ.Q3,4蛀.Df头负.再D,雀连3,2,2,98,持主,,多长,3.6,0,3.6,3,
7,94,9,1.66
2025/9/9,26.09,26.31,26.96,25.82,-1.62,1.66,金E3上.盈,上,r己↗忐-9.B3,升.尾反孕Qv,4蛀.Df头负.再D,雀,3,3,99,持主,,多长,4.5,0.5,4.5,4,
6,-98,9,1.57
2025/9/10,26.19,26.34,26.5,25.98,0.38,1.57,金E0上,上,a甲↗上1.A4,(升)人.孕孕vo,0橅.Dd头正芽.再D,,4,4,100,持主,,多长,2.2,0.8,4,4,
4,24,9,1.37
2025/9/11,26.51,26.06,26.55,25.63,1.22,1.37,金E0上,上,a甲↗上2.A5,升.尾连oQ.Q2,0橅.Dd头正芽.再D,,5,5,101,持主,,多长,1.8,1.2,3.4,4,
4,89,9,0.38
2025/9/12,26.12,26.49,26.61,25.88,-1.47,0.38,金E0上,上,a甲↗上3.A6,升.尾反孕Qv,0橅.Dd头正芽.再D,,6,6,102,持主,,多长,1.8,1.3,3.2,4,
4,-390,5,0.61
2025/9/15,25.72,26.25,26.28,25.72,-1.53,0.61,金E1上.被,上,c丙↘下4.Y,跌.尾连vW.W2,5蛀.Fe震正根.破,,-1,7,103,持被,,多长,0.9,0.9,3.5,4,
4,-250,5,1.56
2025/9/16,26.07,25.81,26.12,25.62,1.36,1.56,金E2上,上,b乙→中5.Z-2,跌.尾反孕Wo,5蛀.De头正根.再B,,-2,8,104,持被,,多长,0.3,0.8,2.2,3,
4,87,4,1.5
2025/9/17,26.26,26.07,26.46,25.88,0.73,1.5,金E0上,上,b乙↗上6.I暂,升.尾连oQ.Q2,4暂.Dd头正芽.再B,,1,9,105,持主,,多长,1.5,0.9,2,2,
4,49,4,1.26
2025/9/18,25.99,26.26,26.59,25.75,-1.03,1.26,金E2上,上,b乙→中7.Y暂,(升)人.连后吞QV,5暂.De头正根.再B,,-1,10,106,持被,,多长,2,0.8,2.1,2,
4,-82,4,1.27
2025/9/19,25.45,26.14,26.32,25.22,-2.08,1.27,金e5中.警,中,z丁↘忑-1.Z-2暂,跌.尾连VW.W2,5暂.__Aa龙猪._破,,-2,-1,107,卖浮,,多长,1.5,0.3,2.5,,
,-164,5,1.69
2025/9/22,25.35,25.57,25.88,25.15,-0.39,1.69,金e5中.警,中,z丁↘忑-2.Z-3暂,跌.尾连WW.W3,5暂.__Aa龙猪._初,,-3,-2,108,卖浮,,多长,0.4,-0.2,3.2,,
,-23,6,0.47
2025/9/23,24.78,25.47,25.47,23.77,-2.25,0.47,金e5中.警,中,z丁↘忑-3.Z-4,跌.尾连WW.W4,9妩.__Aa龙猪._初,,-4,-3,109,卖浮,,多长,-0.2,-0.9,4.2,,
,-475,12,1.94
2025/9/24,25.02,24.6,25.26,24.28,0.97,1.94,金e5中.警,中,z丁↘忑-4.Z-5,跌.尾反孕Wo,9妩.__Aa龙猪._初,,-5,-4,110,卖浮,,多长,-0.3,-1.4,4.9,,
,50,12,3.48
2025/9/25,25.04,25.22,25.89,24.78,0.08,3.48,金e5中.警,中,z丁↘忑-5.Z-6,升.尾连oQ.Q2,7姗.__Bb龙管杂._初,,-6,-5,111,卖浮,,多长,2.6,-1.6,4.3,,
,2,11,1.32
2025/9/26,25.02,25.04,25.37,24.5,-0.08,1.32,金e5中.警,中,z丁↘忑-6.Z-7,(升)人.连后吞QV,7姗.__Fa震正〇._初,,-7,-6,112,卖浮,,多长,0.8,-1.7,2.9,,
,-6,9,2
2025/9/29,25.43,25.02,25.52,24.54,1.64,2,金e5中.警,中,y戊↘忠-7.I,(人)人.吞吞* VO,4蛀.__Fe震正根._主,,1,-7,113,卖浮,,多长,1.2,-1.4,2.7,,
,82,9,1.77
2025/9/30,25.73,25.62,25.88,25.38,1.18,1.77,金E4上,上,r己↗忐-8.B2,升.尾连OQ.Q2,4蛀.Df头负.储,,2,1,114,持主,,多长,2.1,-1,2.2,1,
3,67,7,2.02
2025/10/9,25.34,25.73,26.25,25.33,-1.52,2.02,金e5中.警,中,y戊↘忠-9.B3,(升)人.连后吞QV,4蛀.__Fe震正根._再B,,3,-1,115,卖浮,,多长,3.5,-0.8,3.5,,
,-75,7,1.82
2025/10/10,25.42,25.36,25.8,25.18,0.32,1.82,金e5中.警,中,y戊↘忠-10.A4,(升)人.连后吞QVo,1柜.__Fe震正根._再B,,4,-2,116,卖浮,,多长,1.6,-0.7,3.4,,
,17,7,1.42
2025/10/13,25.61,24.62,25.78,23.93,0.75,1.42,金e5中,中,r己↗忐-11.A5,升.尾连oQ.Q2,1柜.__Fe震正根.储,,5,-3,117,卖浮,,多长,1.3,-0.5,3.2,,
,53,10,1.72
2025/10/14,25.4,25.7,26.05,25.18,-0.82,1.72,金e5中.警,中,y戊↘忠-12.A6,升.尾反孕Qv,1柜.__Fe震正根._再B,,6,-4,118,卖浮,,多长,2.4,-0.4,3.2,,
,-48,10,1.81
2025/10/15,25.59,25.6,25.86,25.19,0.75,1.81,金e5中,中,a甲↗上1.A7,(升)人.孕孕vo,0橅.__Ff震负.储,,7,-5,119,卖浮,,多长,1.5,-0.3,3,,
,41,10,1.06
2025/10/16,25.47,25.58,25.86,25.34,-0.47,1.06,金e5中,中,a甲↗上2.A8,跌.尾吞oV,1柜.__Ff震负.储,,8,-6,120,卖浮,,多长,1.5,-0.2,2.2,,
,-44,9,0.75
2025/10/17,25.02,25.49,25.66,24.94,-1.77,0.75,金e5中.警,中,z丁↘忑-1.Y,跌.尾连VW.W2,5蛀.__Fa震正〇._再C,,-1,-7,121,卖浮,,多长,1.1,-0.5,2.6,,
,-237,9,3.04
2025/10/20,25.61,25.34,25.78,25.15,2.36,3.04,金e5中,中,r己↗忐-2.I暂,(跌)人.连后吞WO,4暂.__Fe震正根.储,,1,-8,122,卖浮,,多长,1.5,-0.4,2.5,,
,78,4,4.22
2025/10/21,26.5,25.61,26.69,25.61,3.48,4.22,金E4上.盈,上,a甲↗上1.B2暂,升.尾连OQ.Q2,4暂.Aa龙猪.初,a,2,1,123,持主,,多长,4,0.4,4,4,
4,82,7,0.68
2025/10/22,26.13,26.5,26.68,25.94,-1.4,0.68,金E0上,上,a甲↗上2.B3暂,升.尾反孕Qv,4暂.Aa龙猪.初,,3,2,124,持主,,多长,3.3,0.8,3.4,4,
4,-206,7,0.8
2025/10/23,26.33,26.13,26.34,25.63,0.77,0.8,金E0上,上,a甲↗上3.A4,(升)人.孕孕vo,0橅.Aa龙猪.初,,4,3,125,持主,,多长,1.4,1.2,2.8,4,
4,95,7,4.86
2025/10/24,27.36,26.33,27.61,26.24,3.91,4.86,金E0上.盈,上,a甲↗上4.A5,升.尾连oQ.Q2,0橅.Aa龙猪.初,a,5,4,126,持主,,多长,4.9,2.2,4.9,7,
7,80,10,3.8
2025/10/27,27.95,27.34,28.4,27.18,2.16,3.8,金E0上.盈,上,a甲↗上5.A6,升.尾连QQ.Q3,0橅.Aa龙猪.初,a连3偏,6,5,127,持主,,多长,6.2,3.3,6.2,9,
9,57,11,0.93
2025/10/28,28.09,27.9,28.21,27.47,0.5,0.93,金E0上.盈,上,a甲↗上6.A7,升.尾连QQ.Q4,0橅.Aa龙猪.主,连4,7,6,128,持主,,多长,3.9,4.2,4.6,9,
9,54,11,0.39
2025/10/29,27.7,28.07,28.2,27.36,-1.39,0.39,金E0上,上,a甲↗上7.A8,(升)人.连后吞QV,1柜.Aa龙猪.主,,8,7,129,持主,,多长,3.1,4.5,3.8,8,
8,-355,11,2.74
2025/10/30,27.57,27.7,28.46,27.44,-0.47,2.74,金E0上.盈,上,a甲↗上8.A9,跌.尾连VW.W2,2栅.Bc龙管栅.主,a,9,8,130,持主,,多长,3.7,4.4,3.7,8,
8,-17,8,4.79
2025/10/31,28.4,27.57,28.89,27.42,3.01,4.79,金E0上.盈,上,a甲↗上9.A10,(跌)人.连后吞WO,2栅.Bc龙管栅.主,a,10,9,131,持主,,多长,4.4,4.8,4.4,9,
9,63,6,1.76
2025/11/3,28.68,28.54,28.9,28.19,0.99,1.76,金E0上.盈,上,a甲↗上10.A11,升.尾连OQ.Q2,2栅.Bc龙管栅.主,a,11,10,132,持主,,多长,3.4,5.2,3.4,8,
8,56,6,1.39
2025/11/4,28.89,28.64,29.08,28.26,0.73,1.39,金E0上.盈,上,a甲↗上11.A12,升.尾连QQ.Q3,2栅.Bc龙管栅.主,a连3,12,11,133,持主,,多长,3,5.6,3,8,
8,53,6,0.21
2025/11/5,28.69,28.89,28.95,28.5,-0.69,0.21,金E0上,上,a甲↗上12.A13,升.尾反孕Qv,0橅.Aa龙猪.主,,13,12,134,持主,,多长,2,5.6,2.4,8,
8,-333,6,1.6
2025/11/6,29.15,28.79,29.15,28.62,1.6,1.6,金E0上.盈,上,a甲↗上13.A14,升.尾吞vO,0橅.Aa龙猪.主,a,14,13,135,持主,,多长,1.9,5.7,1.9,7,
7,100,6,0
2025/11/7,28.63,29.15,29.15,28.48,-1.78,0,金E0上.盈,上,a甲↗上14.A15,(升)人.吞吞vOV,1柜.Aa龙猪.主,a,15,14,136,持主,,多长,1.8,5.5,1.8,7,
7,0,3,0.94
2025/11/10,28.21,28.8,28.9,28,-1.47,0.94,金E2上,上,b乙→中15.Y,跌.尾连VW.W2,5蛀.Be龙管根.主,,-1,15,137,持被,,多长,1.2,4.8,2.1,6,
6,-156,4,1.24
2025/11/11,28.32,28.35,28.56,28.11,0.39,1.24,金E2上,上,b乙→中16.Z-2,跌.尾反孕Wo,5蛀.Be龙管根.主,,-2,16,138,持被,,多长,0.2,4.2,2.3,6,
6,31,4,0.85
2025/11/12,28.11,28.25,28.56,27.74,-0.74,0.85,金E2上,上,b乙→中17.Z-3,跌.尾吞oV,5蛀.Fe震正根.主,,-3,17,139,持被,,多长,0.6,3.6,2.7,6,
6,-88,5,2.77
2025/11/13,28.48,28.32,28.89,27.74,1.32,2.77,金E2上,上,b乙→中18.Z-4,(跌)人.吞吞oVO,8姖.Fe震正根.主,,-4,18,140,持被,,多长,1.8,3.3,2.7,6,
6,47,5,1.69
2025/11/14,28.54,28.65,28.96,28.29,0.21,1.69,金E0上.盈,上,b乙↗上19.I,升.尾连OQ.Q2,4蛀.Fd震正芽.主,雀,1,19,141,持主,,多长,1.9,3.2,1.9,5,
5,12,4,1.09
2025/11/17,27.73,28.85,28.85,27.5,-2.84,1.09,金E1上.被,上,c丙↘下20.Y暂,(升)人.连后吞QV,5暂.Fe震正根.破,,-1,20,142,持被,,多长,2,2.5,2.4,4,
5,-261,5,0.54
2025/11/18,27.54,27.73,27.88,27.21,-0.69,0.54,金E3上.警,上,z丁↘忑-1.Z-2暂,跌.尾连VW.W2,5暂.Ff震负.破,,-2,21,143,持被,,多长,-0.7,1.8,3.1,4,
5,-127,6,0.62
2025/11/19,26.5,27.59,27.71,26.34,-3.78,0.62,金e5中.警,中,z丁↘忑-2.Z-3暂,跌.尾连WW.W3,5暂.__Aa龙猪._破,,-3,-1,144,卖浮,,多长,0.1,0.5,4.6,,
,-612,10,1.13
2025/11/20,26.25,26.5,26.8,25.98,-0.94,1.13,金e6下.警,下,z丁↘忑-3.Z-4,跌.尾连WW.W4,9妩.__Aa龙猪._初,,-4,-2,145,卖浮,,多被,-1.8,-0.7,6.2,,
,-83,11,0.8
2025/11/21,25.02,26.21,26.46,24.66,-4.69,0.8,金e6下.警,下,z丁↘忑-4.Z-5,跌.尾连WW.W5,9妩.__Aa龙猪._初,,-5,-3,146,卖浮,,多被,-0.8,-2.3,8.1,,
,-586,17,2.6
2025/11/24,25.09,24.92,25.67,24.55,0.28,2.6,金e6下.警,下,z丁↘忑-5.Z-6,跌.尾反孕Wo,9妩.__Aa龙猪._初,,-6,-4,147,卖浮,,多被,-2,-3.5,6.4,,
,11,14,2.71
2025/11/25,25.5,25.15,25.77,25.12,1.63,2.71,金e6下.警,下,z丁↘忑-6.Z-7,升.尾连oQ.Q2,7姗.__Bb龙管杂._初,,-7,-5,148,卖浮,,多被,-0.6,-4,6.8,,
,60,13,1.76
2025/11/26,25.16,25.51,25.95,25.06,-1.33,1.76,金e6下.警,下,z丁↘忑-7.Z-8,升.尾反孕Qv,7姗.__Bb龙管杂._初,,-8,-6,149,卖浮,,多被,1,-4.4,4.3,,
,-76,9,2.15
2025/11/27,25.54,25.02,25.7,25.02,1.51,2.15,金e6下.警,下,z丁↘忑-8.Z-9,升.尾吞vO,7姗.__Fa震正〇._初,,-9,-7,150,卖浮,,多被,0.3,-4.4,3.3,,
,70,8,1.68
2025/11/28,25.82,25.61,25.97,25.37,1.1,1.68,金e6下.警,下,y戊↘忠-9.I,升.尾连OQ.Q2,4蛀.__Fe震正根._主,,1,-8,151,卖浮,,多被,1.3,-4,1.3,,
,65,6,1.12
2025/12/1,25.58,26.07,26.11,25.54,-0.93,1.12,金e6下.警,下,y戊↘忑-10.Y暂,(升)人.连后吞QV,5暂.__Fa震正〇._主,,-1,-9,152,卖浮,,多被,1.9,-3.7,1.9,,
,-83,4,0.47
2025/12/2,25.46,25.59,25.7,24.99,-0.47,0.47,金e6下.警,下,y戊↘忑-11.Z-2暂,跌.尾连VW.W2,5暂.__Fa震正〇._主,,-2,-10,153,卖浮,,多被,0.4,-3.6,2,,
,-100,4,-0.08
2025/12/3,24.99,25.39,25.44,24.9,-1.85,-0.08,金e6下.警,下,y戊↘忑-12.Z-3暂,跌.尾连WW.W3,5暂.__Fa震正〇._主,,-3,-11,154,卖浮,,多被,0,-3.7,2.6,,
,0,5,0.4
2025/12/4,24.71,24.99,25.09,24.38,-1.12,0.4,金v9下.警,下,y戊↘忑-13.Z-4,跌.尾连WW.W4,9妩.__Aa龙猪._主,,-4,-12,-1,NA,,空看,-0.6,-4.1,3.4,,
,-280,7,1.42
2025/12/5,24.97,24.73,25.06,24.26,1.05,1.42,金e6下.警,下,y戊↘忑-14.Z-5,跌.尾反孕Wo,9妩.__Aa龙猪._主,,-5,-13,1,卖浮,,多被,-0.3,-4.1,3.8,,
,74,8,2.56
2025/12/8,25.38,25.04,25.61,25.03,1.64,2.56,金e6下.警,下,y戊↘忠-15.I,升.尾连oQ.Q2,4蛀.__Be龙管根._主,,1,-14,2,卖浮,,多被,1.7,-3.7,2.1,,
,64,6,0.35
2025/12/9,24.99,25.38,25.47,24.95,-1.54,0.35,金e7忑.警,忑,y戊↘忑-16.Y暂,(升)人.连后吞QV,5暂.__Aa龙猪._主,,-1,-15,3,卖浮,,多被,1.3,-3.6,1.9,,
,-433,6,0.24
2025/12/10,24.49,24.96,25.05,24.41,-2,0.24,金v0忑.警,忑,y戊↘忑-17.Z-2暂,跌.尾连VW.W2,5暂.__Fa震正〇._主,,-2,-16,-1,NA,,空看,0.2,-3.8,2.5,,
,-833,6,0.41
2025/12/11,24.05,24.49,24.59,23.79,-1.8,0.41,金v0忑.警,忑,y戊↘忑-18.Z-3暂,跌.尾连WW.W3,5暂.__Aa龙猪._主,,-3,-17,-2,NA,,空看,-0.6,-4.2,3.5,,
,-440,8,1.16
2025/12/12,23.85,24.23,24.33,23.69,-0.83,1.16,嘘v0忑.警,忑,y戊↘忑-19.Z-4,跌.尾连WW.W4,9妩.__Aa龙猪._主,,-4,-18,-3,NA,,空看,-0.7,-4.7,4.6,,
,-71,8,0.92
2025/12/15,24.06,23.84,24.07,23.29,0.88,0.92,嘘v0忑.警,忑,y戊↘忑-20.Z-5,跌.尾反孕Wo,9妩.__Aa龙猪._主,,-5,-19,-4,NA,,空看,-1.1,-4.8,4.6,,
,95,9,-0.04
2025/12/16,23.61,24.05,24.05,23.44,-1.87,-0.04,嘘v0忑.警,忑,y戊↘忑-21.Z-6,跌.尾吞oV,9妩.__Aa龙猪._主,,-6,-20,-5,NA,,空看,-0.4,-5.1,3.7,,
,0,8,0.34
2025/12/17,23.66,23.58,23.69,23.04,0.21,0.34,嘘v0忑.警,忑,y戊↘忑-22.Z-7,跌.尾反孕oVo,9妩.__Aa龙猪._主,,-7,-21,-6,NA,,空看,-1.3,-5.2,2.5,,
,62,7,3.59
2025/12/18,24.38,23.66,24.51,23.56,3.04,3.59,嘘v1忑.警,忑,y戊↘忠-23.I,升.尾连oQ.Q2,4蛀.__Be龙管根._主,,1,-22,-7,NA,,空看,1.9,-4.7,1.9,,
,85,6,2.05
2025/12/19,24.84,24.66,24.88,24.13,1.89,2.05,嘘v2忑,忑,r己↗忐-24.B2,升.尾连QQ.Q3,4蛀.__Fe震正根.储,,2,-23,-8,NA,,空看,2.7,-3.8,2.7,,
,92,8,1.69
2025/12/22,24.7,24.84,25.26,24.59,-0.56,1.69,嘘v2忑,忑,r己↗忐-25.B3,升.尾反孕Qv,4蛀.__Fe震正根.储,,3,-24,-9,NA,,空看,3.6,-3,3.6,,
,-33,10,0.32
2025/12/23,24.35,24.78,24.78,24.14,-1.42,0.32,嘘v1忑.警,忑,y戊↘忠-26.A4,跌.尾连vW.W2,2栅.__Fe震正根._再B,,4,-25,-10,NA,,空看,1.5,-2.7,3.5,,
,-437,10,1.19
2025/12/24,24.52,24.52,24.64,24.23,0.7,1.19,嘘v1忑.警,忑,y戊↘忠-27.A5,跌.尾反孕Wo,2栅.__Fe震正根._再B,,5,-26,-11,NA,,空看,0.8,-2.4,3.4,,
,59,7,0.65
2025/12/25,24.64,24.55,24.68,24.41,0.49,0.65,嘘v2忑,忑,r己↗忐-28.A6,升.尾连oQ.Q2,2栅.__Fe震正根.储,,6,-27,-12,NA,,空看,0.8,-2.1,3.2,,
,75,5,0.49
2025/12/26,24.13,24.66,24.76,24.11,-2.07,0.49,嘘v0忑.警,忑,y戊↘忑-29.Y,(升)人.连后吞QV,5蛀.__Fa震正〇._再B,,-1,-28,-13,NA,,空看,1.4,-2.2,3.4,,
,-425,5,1.45
2025/12/29,24.35,24.05,24.48,23.89,0.91,1.45,嘘v0忑.警,忑,y戊↘忑-30.Z-2,(升)人.连后吞QVo,5蛀.__Fa震正〇._再B,,-2,-29,-14,NA,,空看,0.4,-2.1,1.6,,
,63,4,0.78
2025/12/30,24.08,24.4,24.54,24.05,-1.11,0.78,嘘v0忑.警,忑,y戊↘忑-31.Z-3,(人)人.孕孕vo,5蛀.__Fa震正〇._再B,,-3,-30,-15,NA,,空看,0.9,-2.2,1.8,,
,-142,4,1.66
2025/12/31,24.44,24.08,24.48,23.93,1.5,1.66,嘘v1忑.警,忑,y戊↘忠-32.I暂,升.尾吞vO,4暂.__Fe震正根._再B,,1,-31,-16,NA,,空看,0.6,-2,1.8,,
,90,4,4.87
2026/1/5,25.35,24.38,25.63,24.36,3.72,4.87,嘘e8忠.盈,忠,a甲↗上1.B2暂,升.尾连OQ.Q2,4暂.Aa龙猪.储,a,2,1,1,持主,,多被,4.4,-1.1,4.4,3,
3,76,7,0.87
2026/1/6,25.34,25.35,25.57,25.27,-0.04,0.87,嘘e8忠,忠,a甲↗上2.B3暂,升.尾反孕Qv,4暂.Aa龙猪.储,,3,2,2,持主,,多被,3.2,-0.3,3.4,3,
3,-5,7,0.75
2026/1/7,25.16,25.52,25.53,25.12,-0.71,0.75,嘘e8忠,忠,a甲↗上3.A4,跌.尾连vW.W2,2栅.Bc龙管栅.初,,4,3,3,持主,,多被,2.5,0.1,2.9,2,
2,-95,7,2.94
2026/1/8,25.66,25.17,25.9,25.17,1.99,2.94,嘘E9忐.盈,忐,a甲↗上4.A5,(跌)人.连后吞WO,2栅.Bc龙管栅.初,a,5,4,4,持主,,多长,3.1,0.7,3.1,3,
3,68,8,2.96
2026/1/9,26.08,25.57,26.42,25.57,1.64,2.96,金E9忐.盈,忐,a甲↗上5.A6,升.尾连OQ.Q2,2栅.Bc龙管栅.初,a,6,5,5,持主,,多长,4.1,1.5,4.1,5,
5,55,8,2.65
2026/1/12,26.76,26.16,26.77,26.02,2.61,2.65,金E9忐.盈,忐,a甲↗上6.A7,升.尾连QQ.Q3,2栅.Bc龙管栅.初,a连3,7,6,6,持主,,多长,4,2.5,4,6,
6,99,7,2.24
2026/1/13,26.92,26.87,27.36,26.47,0.6,2.24,金E9忐.盈,忐,a甲↗上7.A8,升.尾连QQ.Q4,0橅.Aa龙猪.初,a连4,8,7,7,持主,,多长,4.9,3.3,4.9,8,
8,27,9,2.27
2026/1/14,26.87,27.17,27.53,26.27,-0.19,2.27,金E9忐.盈,忐,a甲↗上8.A9,升.尾反孕Qv,0橅.Aa龙猪.初,a,9,8,8,持主,,多长,4.5,3.9,4.5,8,
8,-8,9,1.86
2026/1/15,27.26,27,27.37,26.65,1.45,1.86,金E9忐,忐,a甲↗上9.A10,升.尾吞vO,0橅.Aa龙猪.初,,10,9,9,持主,,多长,2.9,4.4,3.5,8,
8,78,8,1.72
2026/1/16,27.62,27.3,27.73,26.97,1.32,1.72,金E0上.盈,上,a甲↗上10.A11,升.尾连OQ.Q2,0橅.Aa龙猪.主,a,11,10,10,持主,,多长,3.2,4.9,3.2,8,
8,77,7,0
2026/1/19,27.53,27.62,27.62,27.1,-0.33,0,金E0上,上,a甲↗上11.A12,升.尾反孕Qv,0橅.Aa龙猪.主,,12,11,11,持主,,多长,2,5.1,2.4,7,
7,0,6,1.13
2026/1/20,27.5,27.62,27.84,27.35,-0.11,1.13,金E0上.盈,上,a甲↗上12.A13,跌.尾连vW.W2,2栅.Bc龙管栅.主,a,13,12,12,持主,,多长,2.3,5.1,2.3,7,
7,-10,6,1.75
2026/1/21,27.82,27.63,27.98,27.34,1.16,1.75,金E0上.盈,上,a甲↗上13.A14,(跌)人.连后吞WO,2栅.Bc龙管栅.主,a,14,13,13,持主,,多长,2.2,5.2,2.2,7,
7,67,5,1.22
2026/1/22,28.15,27.82,28.16,27.72,1.19,1.22,金E0上.盈,上,a甲↗上14.A15,升.尾连OQ.Q2,2栅.Bc龙管栅.主,a,15,14,14,持主,,多长,2.1,5.4,2.1,7,
7,97,4,0.57
2026/1/23,28.16,28.08,28.31,27.77,0.04,0.57,金E0上.盈,上,a甲↗上15.A16,升.尾连QQ.Q3,2栅.Bc龙管栅.主,a连3,16,15,15,持主,,多长,2,5.5,2,7,
7,6,4,0.67
2026/1/26,27.47,28.35,28.35,27.19,-2.45,0.67,金E2上.盈,上,b乙→中16.Y,(升)人.连后吞QV,5蛀.Be龙管根.主,a,-1,16,16,持被,,多长,2.2,5,2.2,7,
7,-363,4,1.67
2026/1/27,27.93,27.29,27.93,26.67,1.67,1.67,金E0上,上,b乙↗上17.I暂,(升)人.连后吞QVo,4暂.Aa龙猪.主,,1,17,17,持主,,多长,0.6,4.7,2.1,6,
6,100,6,0.04
2026/1/28,27.28,27.92,27.94,27.2,-2.33,0.04,金E2上,上,b乙→中18.Y暂,跌.尾吞oV,5暂.Be龙管根.主,,-1,18,18,持被,,多长,1,4,2.4,6,
6,-6500,6,1.14
2026/1/29,27.22,27.27,27.59,26.71,-0.22,1.14,金E1上.被,上,c丙↘下19.Z-2暂,跌.尾连VW.W2,5暂.Fe震正根.破,,-2,19,19,持被,,多长,0.1,3.4,2.9,6,
6,-19,6,2.61
2026/1/30,27.93,27.12,27.93,26.87,2.61,2.61,金E0上,上,b乙↗上20.I暂,(跌)人.连后吞WO,4暂.Dd头正芽.再B,,1,20,20,持主,,多长,1.2,3.3,2.7,6,
6,100,6,2.26
2026/2/2,27.4,28.21,28.56,27.4,-1.9,2.26,金E2上.盈,上,b乙→中21.Y暂,(跌)人.连后吞WOv,5暂.Be龙管根.再B,a,-1,21,21,持被,,多长,3.6,2.9,3.6,6,
6,-84,7,2.59
2026/2/3,28.1,27.48,28.11,27.25,2.55,2.59,金E0上,上,b乙↗上22.I暂,(人)人.孕孕vo,4暂.Aa龙猪.再B,,1,22,22,持主,,多长,1.5,3,3.2,6,
6,99,7,1.49
2026/2/4,27.52,28.01,28.52,27.26,-2.06,1.49,金E2上,上,b乙→中23.Y暂,(人)人.孕孕vo,5暂.Be龙管根.再B,,-1,23,23,持被,,多长,3.1,2.8,3.2,6,
6,-138,7,1.67
2026/2/5,27.63,27.84,27.98,27.53,0.4,1.67,金E2上,上,b乙→中24.Z-2暂,(人)人.孕孕vo,5暂.Fe震正根.再B,,-2,24,24,持被,,多长,1.2,2.5,3.3,5,
5,24,6,3.73
2026/2/6,28.32,27.81,28.66,27.43,2.5,3.73,金E0上.盈,上,b乙↗上25.I暂,升.尾连oQ.Q2,4暂.Aa龙猪.主,a,1,25,25,持主,,多长,3.1,2.7,3.1,5,
5,67,5,2.37
2026/2/9,28.91,28.21,28.99,27.93,2.08,2.37,金E0上.盈,上,b乙↗上26.B2暂,升.尾连QQ.Q3,4暂.Aa龙猪.主,a连3,2,26,26,持主,,多长,3.2,3.3,3.2,6,
6,88,6,0.1
2026/2/10,28.63,28.91,28.94,28.46,-0.97,0.1,金E0上,上,b乙↗上27.B3暂,升.尾反孕Qv,4暂.Aa龙猪.主,,3,27,27,持主,,多长,2.4,3.6,2.6,6,
6,-933,6,1.96
2026/2/11,28.88,28.86,29.19,28.57,0.87,1.96,金E0上.盈,上,b乙↗上28.A4,(升)人.孕孕vo,0橅.Aa龙猪.主,a,4,28,28,持主,,多长,2.6,3.8,2.6,6,
6,45,6,-0.35
2026/2/12,28.53,28.71,28.78,27.84,-1.21,-0.35,金E0上,上,b乙↗上29.A5,跌.尾吞oV,1柜.Aa龙猪.主,,5,29,29,持主,,多长,1,3.7,2.4,6,
6,0,6,1.4
2026/2/13,28.26,28.66,28.93,28.24,-0.95,1.4,金E2上,上,b乙→中30.Y,跌.尾连VW.W2,5蛀.Be龙管根.主,,-1,30,30,持被,,多长,1.6,3.3,2.6,5,
5,-68,5,4.18
2026/2/24,29.17,28.45,29.44,28.3,3.22,4.18,金E0上.盈,上,b乙↗上31.I暂,(跌)人.连后吞WO,4暂.Aa龙猪.主,a,1,31,31,持主,,多长,2.9,3.4,2.9,6,
6,77,6,1.3
2026/2/25,29.36,29.08,29.55,28.57,0.65,1.3,金E0上.盈,上,b乙↗上32.B2暂,升.尾连OQ.Q2,4暂.Aa龙猪.主,a,2,32,32,持主,,多长,2.6,3.7,2.6,6,
6,50,6,0
2026/2/26,29.15,29.36,29.36,28.66,-0.72,0,金E0上,上,b乙↗上33.B3暂,升.尾反孕Qv,4暂.Aa龙猪.主,,3,33,33,持主,,多长,1.5,3.8,2.1,6,
6,0,6,0
2026/2/27,28.68,29.14,29.15,28.38,-1.61,0,金E2上,上,b乙→中34.Y暂,跌.尾连vW.W2,5暂.Be龙管根.主,,-1,34,34,持被,,多长,0.9,3.4,2.2,5,
5,0,5,1.81
2026/3/2,27.74,28.68,29.2,27.17,-3.28,1.81,金E1上.被,上,c丙↘下35.Z-2暂,跌.尾连WW.W3,5暂.Fe震正根.破,,-2,35,35,持被,,多长,2,2.4,3.2,5,
5,-181,9,1.12
2026/3/3,27.15,27.93,28.05,27.1,-2.13,1.12,金e5中.警,中,z丁↘忑-1.Z-3暂,跌.尾连WW.W4,5暂.__Aa龙猪._破,,-3,-1,36,卖浮,,多长,-0.7,1.2,4.6,,
,-190,9,-0.92
2026/3/4,26.57,26.87,26.9,26.33,-2.14,-0.92,金e6下.警,下,z丁↘忑-2.Z-4,跌.尾连WW.W5,9妩.__Aa龙猪._初,,-4,-2,37,卖浮,,多被,-3.2,-0.2,5.7,,
,0,12,4.14
2026/3/5,26.94,26.78,27.67,26.78,1.39,4.14,金e6下.警,下,z丁↘忑-3.Z-5,(跌)人.连后吞WO,8姖.__Aa龙猪._初,,-5,-3,38,卖浮,,多被,0.6,-1,6.2,,
,34,11,5.98
2026/3/6,28.36,26.97,28.55,26.73,5.27,5.98,金E3上.警.盈,上,y戊↘忠-4.I,升.尾连OQ.Q2,4蛀.Ff震负.再D,高,1,1,39,持主,,多长,3.3,-0.6,5.7,5,
6,88,11,0
2026/3/9,28.29,28.36,28.36,27.47,-0.25,0,金E3上,上,r己↗忐-5.B2,升.尾反孕Qv,4蛀.Df头负.再D,,2,2,40,持主,,多长,2,0,2.7,2,
6,0,8,4.24
2026/3/10,29.49,28.3,29.49,28.3,4.24,4.24,金E0上.盈,上,a甲↗上1.B3,升.尾吞vO,4蛀.Dd头正芽.再D,雀,3,3,41,持主,,多长,4.5,1.1,4.5,5,
5,100,12,0.51
2026/3/11,29.1,29.49,29.64,28.96,-1.32,0.51,金E0上.盈,上,a甲↗上2.A4,升.尾反孕vOv,0橅.Aa龙猪.再D,a,4,4,42,持主,,多长,4,1.8,4,5,
5,-260,11,0.03
2026/3/12,28.62,29.11,29.11,28.41,-1.65,0.03,金E0上,上,a甲↗上3.A5,跌.尾连vW.W2,2栅.Bc龙管栅.再D,,5,5,43,持主,,多长,1.8,2,3.7,5,
5,-4800,11,2.27
2026/3/13,28.52,28.66,29.27,28.19,-0.35,2.27,金E0上,上,a甲↗上4.A6,跌.尾连WW.W3,3桮.Bd龙管杂.再D,,6,6,44,持主,,多长,2.3,1.8,3.6,5,
5,-15,8,1.19
2026/3/16,28.58,27.94,28.86,27.94,0.21,1.19,金E2上,上,b乙→中5.Y,跌.尾反孕Wo,5蛀.Fe震正根.主,,-1,7,45,持被,,多长,0.9,1.7,3.7,5,
5,18,6,1.26
2026/3/17,27.26,28.85,28.94,27.2,-4.62,1.26,金e5中.警,中,z丁↘忑-1.Z-2,跌.尾吞oV,5蛀.__Fa震正〇._破,,-2,-1,46,卖浮,,多长,2.3,0.7,4.7,,
,-367,9,4.62
2026/3/18,28.46,27.37,28.52,27.24,4.4,4.62,金E3上.警,上,z丁↘忑-2.Z-3,跌.尾反孕oVo,5蛀.Ff震负.破,,-3,1,47,持被,,多长,0.9,0.6,3.5,4,
5,95,8,0.04
2026/3/19,27.61,28.11,28.47,27.52,-2.99,0.04,金e5中.警,中,z丁↘忑-3.Z-4,(跌)人.孕孕ov,9妩.__Fa震正〇._破,,-4,-1,48,卖浮,,多长,1.3,0.1,4.1,,
,-8500,8,1.23
2026/3/20,26.31,27.58,27.95,26.3,-4.71,1.23,金e6下.警,下,z丁↘忑-4.Z-5,跌.尾连vW.W2,9妩.__Aa龙猪._初,,-5,-2,49,卖浮,,多被,1,-1.1,4.6,,
,-382,10,-0.53
2026/3/23,24.58,26.17,26.17,24.26,-6.58,-0.53,金v9下.警,下,z丁↘忑-5.Z-6,跌.尾连WW.W3,9妩.__Aa龙猪._初,,-6,-3,-1,NA,,空看,-2.7,-3.2,7.6,,
,0,19,7.53
2026/3/24,26.42,25.04,26.43,24.56,7.49,7.53,金v9下.警,下,z丁↘忑-6.Z-7,(跌)人.连后吞WO,8姖.__Aa龙猪._初,,-7,-4,-2,NA,,空看,-0.7,-3.8,7.2,,
,99,18,2.38
2026/3/25,26.17,26.37,27.05,25.99,-0.95,2.38,金v9下.警,下,z丁↘忑-7.Z-8,(跌)人.连后吞WOv,8姖.__Aa龙猪._初,,-8,-5,-3,NA,,空看,2.3,-4,7.6,,
,-40,17,1.91
2026/3/26,25.99,26.27,26.67,25.59,-0.69,1.91,金v9下.警,下,z丁↘忑-8.Z-9,跌.尾连vW.W2,8姖.__Fa震正〇._初,,-9,-6,-4,NA,,空看,1.4,-4.1,6.2,,
,-36,15,3.85
2026/3/27,26.95,25.72,26.99,25.08,3.69,3.85,金e6下.警,下,y戊↘忠-9.I,(跌)人.连后吞WO,4蛀.__Fe震正根._主,,1,-7,1,卖浮,,多被,2.1,-3.5,2.4,,
,96,12,0.07
2026/3/30,26.63,26.67,26.97,25.95,-1.19,0.07,金e6下.警,下,y戊↘忠-10.B2,(跌)人.连后吞WOv,4蛀.__Fe震正根._主,,2,-8,2,卖浮,,多被,1.8,-3,2.1,,
,-1600,10,3.08
2026/3/31,26.13,26.63,27.45,26.09,-1.88,3.08,金v9下.警,下,y戊↘忑-11.Y暂,跌.尾连vW.W2,5暂.__Fa震正〇._主,,-1,-9,-1,NA,,空看,3.9,-3,3.9,,
,-61,9,3.52
2026/4/1,27.01,26.67,27.05,26.18,3.37,3.52,金e6下.警,下,y戊↘忠-12.I暂,(跌)人.连后吞WO,4暂.__Fe震正根._主,,1,-10,1,卖浮,,多被,1.9,-2.5,3.4,,
,96,9,0.78
2026/4/2,26.36,26.87,27.22,26.07,-2.41,0.78,金e6下.警,下,y戊↘忑-13.Y暂,(人)人.吞吞* OV,5暂.__Fa震正〇._主,,-1,-11,2,卖浮,,多被,2.6,-2.3,3.5,,
,-310,9,0.61
2026/4/3,25.29,26.52,26.52,25.08,-4.06,0.61,嘘v0忑.警,忑,y戊↘忑-14.Z-2暂,跌.尾连VW.W2,5暂.__Fa震正〇._主,,-2,-12,-1,NA,,空看,1,-3,4.6,,
,-669,9,6.17
2026/4/7,26.78,25.29,26.85,24.95,5.89,6.17,嘘v1忑.警,忑,y戊↘忠-15.I暂,(跌)人.连后吞WO,4暂.__Fe震正根._主,,1,-13,-2,NA,,空看,2.1,-2.6,4.3,,
,96,10,3.4
2026/4/8,27.69,27.36,27.69,27.04,3.4,3.4,嘘E9忐.盈,忐,r己↗忐-16.B2暂,升.尾连OQ.Q2,4暂.Df头负.储,a,2,1,1,持主,,多长,4,-1.5,4,2,
2,100,11,-0.43
2026/4/9,26.5,27.52,27.57,26.41,-4.3,-0.43,嘘e7忑,忑,r己↗忐-17.B3暂,(升)人.连后吞QV,4暂.__Fe震正根.储,,3,-1,2,卖浮,,多被,3.4,-1.2,3.8,,
,0,11,2.38
2026/4/10,26.72,26.78,27.13,26.39,0.83,2.38,金e7忑,忑,a甲↗上1.A4,(升)人.连后吞QVo,1柜.__Ff震负.储,,4,-2,3,卖浮,,多被,1.6,-1.1,3.7,,
,35,11,0.82
2026/4/13,26.65,26.94,26.94,26.01,-0.26,0.82,金e7忑.警,忑,z丁↘忑-1.Y,跌.尾吞oV,5蛀.__Fa震正〇._再C,,-1,-3,4,卖浮,,多被,1,-1,3.8,,
,-32,11,1.65
2026/4/14,26.24,26.69,27.09,25.95,-1.54,1.65,金v0忑.警,忑,z丁↘忑-2.Z-2,跌.尾连VW.W2,5蛀.__Fa震正〇._再C,,-2,-4,-1,NA,,空看,1.9,-1.2,4.2,,
,-93,7,1.91
2026/4/15,26.27,26.34,26.74,26.18,0.11,1.91,金v0忑.警,忑,z丁↘忑-3.Z-3,跌.尾反孕Wo,5蛀.__Fa震正〇._再C,,-3,-5,-2,NA,,空看,0.9,-1.4,4.1,,
,6,6,2.82
2026/4/16,26.88,26.12,27.01,25.93,2.32,2.82,金e7忑,忑,r己↗忐-4.I暂,升.尾连oQ.Q2,4暂.__Fe震正根.储,,1,-6,1,卖浮,,多被,1.7,-1.1,2.1,,
,82,5,0.6
2026/4/17,26.8,26.88,27.04,26.32,-0.3,0.6,金e7忑,忑,r己↗忐-5.B2暂,升.尾反孕Qv,4暂.__Fe震正根.储,,2,-7,2,卖浮,,多被,1.6,-0.8,1.7,,
,-50,4,1.01
2026/4/20,27.01,26.73,27.07,26.46,0.78,1.01,金e8忠,忠,a甲↗上1.B3暂,升.尾吞vO,4暂.Dd头正芽.储,,3,1,3,持主,,多被,1.3,-0.5,1.4,0,
3,78,4,2.44
2026/4/21,27.02,27.12,27.67,26.87,0.04,2.44,金E9忐.盈,忐,a甲↗上2.A4,升.尾连OQ.Q2,0橅.Dd头正芽.储,雀,4,2,4,持主,,多长,3.2,-0.2,3.2,2,
3,2,7,1.15
2026/4/22,27.11,26.89,27.33,26.68,0.33,1.15,金E9忐.盈,忐,a甲↗上3.A5,升.尾连QQ.Q3,0橅.Dd头正芽.初,连3,5,3,5,持主,,多长,1.6,0.1,2.9,2,
2,29,7,-0.44
2026/4/23,26.23,26.97,26.99,25.98,-3.25,-0.44,金e7忑.被,忑,c丙↘下4.Y,(升)人.连后吞QV,5蛀.__Df头负._再D,,-1,-1,6,卖浮,,多被,0.8,-0.3,3.4,,
,0,7,2.71
2026/4/24,26.6,26.1,26.94,26,1.41,2.71,金e7忑.警,忑,z丁↘忑-1.Z-2,(升)人.连后吞QVo,5蛀.__Fa震正〇._再D,,-2,-2,7,卖浮,,多被,0.9,-0.5,3.6,,
,52,7,3.87
2026/4/27,27.43,26.81,27.63,26.67,3.12,3.87,金E9忐,忐,a甲↗上1.I暂,升.尾连oQ.Q2,4暂.Dd头正芽.储,,1,1,8,持主,,多长,2.9,0,3.1,3,
3,81,7,1.57
2026/4/28,27.28,27.37,27.86,26.96,-0.55,1.57,金E9忐.盈,忐,a甲↗上2.B2暂,升.尾反孕Qv,4暂.Aa龙猪.初,a,2,2,9,持主,,多长,3.3,0.3,3.3,3,
3,-35,7,2.57
2026/4/29,27.69,27.07,27.98,26.88,1.5,2.57,金E9忐.盈,忐,a甲↗上3.B3暂,升.尾吞vO,4暂.Aa龙猪.初,a,3,3,10,持主,,多长,3,0.9,3,3,
3,59,8,2.82
2026/4/30,28.26,27.63,28.47,27.63,2.06,2.82,金E9忐.盈,忐,a甲↗上4.A4,升.尾连OQ.Q2,0橅.Aa龙猪.初,a,4,4,11,持主,,多长,3.7,1.6,3.7,5,
5,73,9,2.83
2026/5/6,28.46,28.26,29.06,28.13,0.71,2.83,金E0上.盈,上,a甲↗上5.A5,升.尾连QQ.Q3,0橅.Aa龙猪.初,a连3,5,5,12,持主,,多长,4.8,2.3,4.8,7,
7,25,9,1.65
2026/5/7,28.71,28.56,28.93,28.47,0.88,1.65,金E0上.盈,上,a甲↗上6.A6,升.尾连QQ.Q4,0橅.Aa龙猪.初,连4,6,6,13,持主,,多长,3.3,2.9,3.7,6,
6,53,8,1.18
2026/5/8,28.75,28.56,29.05,28.56,0.14,1.18,金E0上.盈,上,a甲↗上7.A7,升.尾连QQ.Q5,0橅.Aa龙猪.主,连5,7,7,14,持主,,多长,2.9,3.4,2.9,6,
6,12,8,1.08
2026/5/11,28.95,28.93,29.06,28.46,0.7,1.08,金E0上.盈,上,a甲↗上8.A8,升.尾连QQ.Q6,0橅.Aa龙猪.主,a连6,8,8,15,持主,,多长,2.1,3.7,2.1,5,
5,65,5,1.28
2026/5/12,28.46,29,29.32,28.29,-1.69,1.28,金E0上.盈,上,a甲↗上9.A9,(升)人.连后吞QV,1柜.Aa龙猪.主,a,9,9,16,持主,,多长,2.9,3.5,2.9,6,
6,-132,4,0.6
2026/5/13,28.17,28.55,28.63,27.86,-1.02,0.6,金E2上,上,b乙→中10.Y,跌.尾连VW.W2,5蛀.Be龙管根.主,,-1,10,17,持被,,多长,0.7,3.1,3.1,6,
6,-171,5,0.43
2026/5/14,28.11,28.19,28.29,27.57,-0.21,0.43,金E2上,上,b乙→中11.Z-2,跌.尾连WW.W3,5蛀.Be龙管根.主,,-2,11,18,持被,,多长,-0.2,2.6,3.4,6,
6,-50,6,-0.14
2026/5/15,27.49,28.07,28.07,26.99,-2.21,-0.14,金E1上.被,上,c丙↘下12.Z-3,跌.尾连WW.W4,5蛀.Fe震正根.破,,-3,12,19,持被,,多长,-0.2,1.8,4.2,6,
6,0,9,2.91
2026/5/18,28.02,27.9,28.29,27.19,1.93,2.91,金E1上.被,上,c丙↘下13.Z-4,跌.尾反孕Wo,9妩.Fe震正根.破,,-4,13,20,持被,,多长,0.8,1.5,4.5,6,
6,66,9,1.46
2026/5/19,28.32,28.02,28.43,27.59,1.07,1.46,金E0上,上,b乙↗上14.I,升.尾连oQ.Q2,4蛀.Dd头正芽.再B,,1,14,21,持主,,多长,1.1,1.5,1.9,3,
5,73,6,0.07
2026/5/20,27.78,28.32,28.34,27.62,-1.91,0.07,金E1上.被,上,c丙↘下15.Y暂,(升)人.连后吞QV,5暂.Fe震正根.破,,-1,15,22,持被,,多长,1.1,1.2,1.4,2,
5,-2700,5,2.63
2026/5/21,26.58,27.83,28.51,26.37,-4.32,2.63,金e6下.警,下,z丁↘忑-1.Z-2暂,跌.尾连VW.W2,5暂.__Aa龙猪._破,,-2,-1,23,卖浮,,多被,2.9,0.2,2.9,,
,-164,8,3.2
2026/5/22,27.14,26.71,27.43,26.09,2.11,3.2,金e6下.警,下,z丁↘忑-2.Z-3暂,跌.尾反孕Wo,5暂.__Aa龙猪._初,,-3,-2,24,卖浮,,多被,-0.3,-0.4,3.7,,
,66,9,2.54
2026/5/25,26.22,27.17,27.83,26,-3.39,2.54,金v9下.警,下,z丁↘忑-3.Z-4,跌.尾吞oV,9妩.__Aa龙猪._初,,-4,-3,-1,NA,,空看,2.4,-1.3,4.9,,
,-133,10,0.65
2026/5/26,25.78,26.12,26.39,25.42,-1.68,0.65,金v9下.警,下,z丁↘忑-4.Z-5,跌.尾连VW.W2,9妩.__Aa龙猪._初,,-5,-4,-2,NA,,空看,-1.5,-2.3,6.4,,
,-259,12,0.97
2026/5/27,25.14,25.78,26.03,24.68,-2.48,0.97,金v9下.警,下,z丁↘忑-5.Z-6,跌.尾连WW.W3,9妩.__Aa龙猪._初,,-6,-5,-3,NA,,空看,-1.2,-3.4,8.2,,
,-256,16,1.31
2026/5/28,25.06,25.14,25.47,24.46,-0.32,1.31,金v0忑.警,忑,z丁↘忑-6.Z-7,跌.尾连WW.W4,9妩.__Aa龙猪._初,,-7,-6,-4,NA,,空看,-1.9,-4.3,7.2,,
,-24,14,4.03
2026/5/29,24.11,25.02,26.07,23.89,-3.79,4.03,嘘v0忑.警,忑,z丁↘忑-7.Z-8,跌.尾连WW.W5,9妩.__Aa龙猪._初,,-8,-7,-5,NA,,空看,2.4,-5.4,9.3,,
,-94,16,3.48
2026/6/1,24.52,23.92,24.95,23.89,1.7,3.48,嘘v0忑.警,忑,z丁↘忑-8.Z-9,跌.尾反孕Wo,9妩.__Aa龙猪._主,,-9,-8,-6,NA,,空看,-0.8,-6,5,,
,49,10,1.26
2026/6/2,24.22,24.53,24.83,23.94,-1.22,1.26,嘘v0忑.警,忑,z丁↘忑-9.Z-10,(跌)人.孕孕ov,9妩.__Aa龙猪._主,,-10,-9,-7,NA,,空看,-0.1,-6.4,4.8,,
,-97,9,-0.08
2026/6/3,23.73,24.18,24.2,23.53,-2.02,-0.08,嘘v0忑.警,忑,z丁↘忑-10.Z-11,跌.尾连vW.W2,9妩.__Aa龙猪._主,,-11,-10,-8,NA,,空看,-1.4,-6.9,6.2,,
,0,11,1.01
2026/6/4,23.09,23.73,23.97,22.8,-2.7,1.01,嘘v0忑.警,忑,z丁↘忑-11.Z-12,跌.尾连WW.W3,9妩.__Aa龙猪._主,,-12,-11,-9,NA,,空看,-0.8,-7.6,7.9,,
,-267,14,3.2
2026/6/5,23.44,23.08,23.83,22.4,1.52,3.2,尿v0忑.警,忑,z丁↘忑-12.Z-13,跌.尾反孕Wo,9妩.__Aa龙猪._主,,-13,-12,-10,NA,,空看,-0.3,-7.8,4.3,,
,47,11,1.66
2026/6/8,22.55,22.41,23.83,22.08,-3.8,1.66,尿v0忑.警,忑,z丁↘忑-13.Z-14,跌.尾吞oV,9妩.__Aa龙猪._主,,-14,-13,-11,NA,,空看,1.2,-8.4,5.4,,
,-228,12,2.04
2026/6/9,22.53,22.6,23.01,22.3,-0.09,2.04,尿v0忑.警,忑,z丁↘忑-14.Z-15,跌.尾连VW.W2,9妩.__Aa龙猪._主,,-15,-14,-12,NA,,空看,-1,-8.8,4.1,,
,-4,10,0.53
2026/6/10,22.65,22.38,22.65,21.91,0.53,0.53,尿v0忑.警,忑,z丁↘忑-15.Z-16,(跌)人.连后吞WO,8姖.__Aa龙猪._主,,-16,-15,-13,NA,,空看,-1.7,-8.8,4,,
,100,9,-0.62
2026/6/11,22.02,22.37,22.51,21.46,-2.78,-0.62,尿v0忑.警,忑,z丁↘忑-16.Z-17,(人)人.吞吞* OV,8姖.__Aa龙猪._主,,-17,-16,-14,NA,,空看,-1.2,-9.1,4.6,,
,0,11,2.95
2026/6/12,22.16,22.67,22.67,21.79,0.64,2.95,尿v0忑.警,忑,z丁↘忑-17.Z-18,(人)人.吞吞* OV,8姖.__Aa龙猪._主,,-18,-17,-15,NA,,空看,0.4,-9.1,5.6,,
,22,11,2.98
2026/6/15,21.8,22.46,22.82,21.67,-1.62,2.98,尿v0忑.警,忑,z丁↘忑-18.Z-19,跌.尾吞oV,8姖.__Aa龙猪._主,,-19,-18,-16,NA,,空看,2.1,-9.2,2.9,,
,-55,7,1.38
2026/6/16,21.97,21.8,22.1,21.21,0.78,1.38,尿v0忑.警,忑,z丁↘忑-19.Z-20,跌.尾反孕oVo,9妩.__Aa龙猪._主,,-20,-19,-17,NA,,空看,-0.6,-9,2.7,,
,57,8,0.27
2026/6/17,21.33,22.03,22.03,21.23,-2.91,0.27,尿v0忑.警,忑,z丁↘忑-20.Z-21,跌.尾吞oV,9妩.__Aa龙猪._主,,-21,-20,-18,NA,,空看,0.2,-9.1,3.7,,
,-1067,8,1.97
2026/6/18,21.48,21.21,21.75,20.97,0.7,1.97,尿v0忑.警,忑,z丁↘忑-21.Z-22,跌.尾反孕oVo,9妩.__Aa龙猪._主,,-22,-21,-19,NA,,空看,-0.4,-9.1,4.5,,
,36,9,0.61
2026/6/22,21.47,21.14,21.61,20.19,-0.05,0.61,尿v0忑.警,忑,z丁↘忑-22.Z-23,(跌)人.孕孕ov,9妩.__Aa龙猪._主,,-23,-22,-20,NA,,空看,-0.5,-8.9,5.1,,
,-8,13,4.29
2026/6/23,22.02,21.35,22.39,21.35,2.56,4.29,尿v1忑.警,忑,y戊↘忠-23.I,升.尾吞vO,4蛀.__Be龙管根._主,,1,-23,-21,NA,,空看,2.9,-8.1,2.9,,
,60,11,2.95
2026/6/24,21.12,22.51,22.67,20.98,-4.09,2.95,尿v0忑.警,忑,y戊↘忑-24.Y暂,(升)人.吞吞vOV,5暂.__Aa龙猪._主,,-1,-24,-22,NA,,空看,4.8,-8,4.8,,
,-138,12,0
2026/6/25,20.66,20.99,21.12,20.32,-2.18,0,尿v0忑.警,忑,y戊↘忑-25.Z-2暂,跌.尾连VW.W2,5暂.__Fa震正〇._主,,-2,-25,-23,NA,,空看,-1.2,-8.3,6,,
,0,12,-0.29
2026/6/26,20.11,20.6,20.6,19.9,-2.66,-0.29,尿v0忑.警,忑,y戊↘忑-26.Z-3暂,跌.尾连WW.W3,5暂.__Aa龙猪._主,,-3,-26,-24,NA,,空看,-2.1,-8.9,7.7,,
,0,14,2.39
2026/6/29,20.38,20.44,20.59,19.34,1.34,2.39,尿v0忑.警,忑,y戊↘忑-27.Z-4,跌.尾反孕Wo,9妩.__Aa龙猪._主,,-4,-27,-25,NA,,空看,-1.1,-9,8.9,,
,56,17,1.23
2026/6/30,20.05,20.38,20.63,19.83,-1.62,1.23,尿v0忑.警,忑,y戊↘忑-28.Z-5,跌.尾吞oV,9妩.__Aa龙猪._主,,-5,-28,-26,NA,,空看,0.1,-9.2,10,,
,-132,17,4.84
2026/7/1,20.78,19.87,21.02,19.87,3.64,4.84,尿v0忑.警,忑,y戊↘忑-29.Z-6,(跌)人.吞吞oVO,8姖.__Aa龙猪._主,,-6,-29,-27,NA,,空看,2.1,-8.6,2.6,,
,75,9,3.27
2026/7/2,20.7,21,21.46,20.68,-0.38,3.27,尿v1忑.警,忑,y戊↘忠-30.I,(跌)人.吞吞oVOv,4蛀.__Fe震正根._主,,1,-30,-28,NA,,空看,4.1,-7.9,4.1,,
,-12,11,4.06
2026/7/3,21.4,20.7,21.54,20.58,3.38,4.06,尿v2忑,忑,r己↗忐-31.B2,升.尾吞vO,4蛀.__Fe震正根.储,,2,-31,-29,NA,,空看,3.6,-6.8,3.6,,
,83,11,0.98
2026/7/6,21.01,21.48,21.61,20.98,-1.82,0.98,尿v1忑.警,忑,y戊↘忠-32.B3,升.尾反孕vOv,4蛀.__Fe震正根._再B,,3,-32,-30,NA,,空看,3.5,-6,3.5,,
,-186,9,0.43
2026/7/7,20.16,21.1,21.1,20.08,-4.05,0.43,尿v0忑.警,忑,y戊↘忑-33.Y暂,跌.尾连vW.W2,5暂.__Fa震正〇._再B,,-1,-33,-31,NA,,空看,1.7,-6.1,4.2,,
,-944,9,1.04
2026/7/8,20,20.31,20.37,19.71,-0.79,1.04,尿v0忑.警,忑,y戊↘忑-34.Z-2暂,跌.尾连WW.W3,5暂.__Fa震正〇._再B,,-2,-34,-32,NA,,空看,-0.9,-6.3,5.2,,
,-76,10,0.4
2026/7/9,19.86,19.97,20.08,19.41,-0.7,0.4,尿v0忑.警,忑,y戊↘忑-35.Z-3暂,跌.尾连WW.W4,5暂.__Fa震正〇._再B,,-3,-35,-33,NA,,空看,-1.3,-6.6,6.2,,
,-175,11,3.98
2026/7/10,20.35,19.84,20.65,19.48,2.47,3.98,尿v0忑.警,忑,y戊↘忑-36.Z-4,(跌)人.连后吞WO,8姖.__Fa震正〇._再B,,-4,-36,-34,NA,,空看,1.7,-6.3,6.4,,
,62,11,0.74
2026/7/13,19.77,20.25,20.5,19.63,-2.85,0.74,尿v0忑.警,忑,y戊↘忑-37.Z-5,(人)人.吞吞* OV,8姖.__Fa震正〇._主,,-5,-37,-35,NA,,空看,1.6,-6.3,4.6,,
,-387,9,4.7
2026/7/14,20.44,19.88,20.7,19.7,3.39,4.7,尿v1忑.警,忑,y戊↘忠-38.I,(人)人.吞吞* VO,4蛀.__Fe震正根._主,,1,-38,-36,NA,,空看,2.4,-5.8,2.4,,
,72,7,2.98
2026/7/15,20.77,20.46,21.05,20.41,1.61,2.98,尿v2忑,忑,r己↗忐-39.B2,升.尾连OQ.Q2,4蛀.__Fe震正根.储,,2,-39,-37,NA,,空看,3.5,-4.9,3.5,,
,54,8,2.84
2026/7/16,21.18,20.87,21.36,20,1.97,2.84,尿v2忑,忑,r己↗忐-40.B3,升.尾连QQ.Q3,4蛀.__Fe震正根.储,,3,-40,-38,NA,,空看,3.9,-3.8,3.9,,
,69,10,0.57
2026/7/17,19.66,21.18,21.3,19.6,-7.18,0.57,尿v0忑.警,忑,y戊↘忑-41.Y暂,(升)人.连后吞QV,5暂.__Fa震正〇._再B,,-1,-41,-39,NA,,空看,4.4,-4,4.7,,
,-1267,9,3.66
2026/7/20,18.94,19.81,20.38,18.52,-3.66,3.66,尿v0忑.警,忑,y戊↘忑-42.Z-2暂,跌.尾连VW.W2,5暂.__Aa龙猪._再B,,-2,-42,-40,NA,,空长,1.7,-5.1,6.6,,
,-100,15,0.53
2026/7/21,18.87,18.86,19.04,17.63,-0.37,0.53,尿v0忑.警,忑,y戊↘忑-43.Z-3暂,跌.尾连WW.W3,5暂.__Aa龙猪._再B,,-3,-43,-41,NA,,空长,-3.4,-6,8.4,,
,-70,21,0.42
2026/7/22,18.15,18.78,18.95,17.96,-3.82,0.42,尿v0忑.警,忑,y戊↘忑-44.Z-4,跌.尾连WW.W4,9妩.__Aa龙猪._再B,,-4,-44,-42,NA,,空长,-1.7,-7.2,10.8,,
,-900,21,4.35
2026/7/23,18.88,18.06,18.94,18,4.02,4.35,尿v0忑.警,忑,y戊↘忑-45.Z-5,(跌)人.连后吞WO,8姖.__Aa龙猪._主,,-5,-45,-43,NA,,空长,-0.8,-7.4,11.5,,
,92,21,-0.48
2026/7/24,18.31,18.79,18.79,18.14,-3.02,-0.48,尿v0忑.警,忑,y戊↘忑-46.Z-6,(跌)人.连后吞WOv,8姖.__Fa震正〇._主,,-6,-46,-44,NA,,空长,-0.5,-7.7,7.9,,
,0,16,0
