主期,周涨,PR,HR,WXAB,波型,柱排周,盈提示,WXCD,ZA周,ZC周,周龄,周键
2015/12/11,19.91,19.91,19.91,a甲↗上1.I,4蛀.Aa龙猪.初,错.未赋值.Q1,高,金升a↗.4蛀.Aa龙猪.初,1,1,1,True
2015/12/18,61.01,61.01,61.01,a甲↗上2.B2,4蛀.Aa龙猪.初,升.尾连QQ.Q2,宽高,金升a↗.4蛀.Aa龙猪.初,2,2,2,True
2015/12/25,60.99,60.99,60.99,a甲↗上3.B3,4蛀.Aa龙猪.初,升.尾连QQ.Q3,宽高连3,金升a↗.4蛀.Aa龙猪.初,3,3,3,True
2015/12/31,46.52,46.52,46.52,a甲↗上4.A4,0橅.Aa龙猪.初,升.尾连QQ.Q4,宽高连4,金升a↗.0橅.Aa龙猪.初,4,4,4,True
2016/1/8,61.03,61.03,61.03,a甲↗上5.A5,0橅.Aa龙猪.主,升.尾连QQ.Q5,宽高连5,金升a↗.0橅.Aa龙猪.主,5,5,5,True
2016/1/15,-21.61,-21.61,9.98,a甲↗上6.A6,0橅.Aa龙猪.主,升.尾反孕Qv,宽,金升a↗.0橅.Aa龙猪.主,6,6,6,True
2016/1/22,-5.12,-5.12,3.39,a甲↗上7.A7,2栅.Bc龙管栅.主,跌.尾连vW.W2,宽,金升a↗.2栅.Bc龙管栅.主,7,7,7,True
2016/1/29,-16.19,-16.19,2.62,a甲↗上8.A8,3桮.Bb龙管杂.主,跌.尾连WW.W3,宽,金升a↗.3桮.Bb龙管杂.主,8,8,8,True
2016/2/5,5.21,5.21,13.73,b乙→中9.Y,5蛀.Fe震正根.主,跌.尾反孕Wo,宽,金升b→.5蛀.Fe震正根.主,-1,9,9,True
2016/2/19,16.83,16.83,22.41,b乙↗上10.I暂,4暂.Fd震正芽.主,升.尾连oQ.Q2,宽高,金升b↗.4暂.Fd震正芽.主,1,10,10,True
2016/2/26,-12.79,-12.79,11.48,b乙↗上11.B2暂,4暂.Fd震正芽.主,升.尾反孕Qv,宽,金升b↗.4暂.Fd震正芽.主,2,11,11,True
2016/3/4,-15.11,-15.11,1.06,b乙→中12.Y暂,5暂.Fe震正根.主,跌.尾连vW.W2,宽,金升b→.5暂.Fe震正根.主,-1,12,12,True
2016/3/11,3.43,3.43,9.37,b乙→中13.Z-2暂,5暂.Fe震正根.主,跌.尾反孕Wo,宽,金升b→.5暂.Fe震正根.主,-2,13,13,True
2016/3/18,19.42,19.42,20.02,b乙↗上14.I暂,4暂.Fd震正芽.主,升.尾连oQ.Q2,宽高,金升b↗.4暂.Fd震正芽.主,1,14,14,True
2016/3/25,-1.6,-1.6,5.98,b乙↗上15.B2暂,4暂.Fd震正芽.主,升.尾反孕Qv,宽,金升b↗.4暂.Fd震正芽.主,2,15,15,True
2016/4/1,2.4,2.4,8.82,b乙↗上16.B3暂,4暂.Fd震正芽.主,(升)人.孕孕vo,,金升b↗.4暂.Fd震正芽.主,3,16,16,True
2016/4/8,2.51,2.51,5.43,b乙↗上17.A4,0橅.Fd震正芽.主,升.尾连oQ.Q2,,金升b↗.0橅.Fd震正芽.主,4,17,17,True
2016/4/15,10.2,10.2,13.95,b乙↗上18.A5,0橅.Fd震正芽.主,升.尾连QQ.Q3,连3,金升b↗.0橅.Fd震正芽.主,5,18,18,True
2016/4/22,-15.47,-15.47,-0.59,b乙→中19.Y,5蛀.Fe震正根.主,(升)人.连后吞QV,,金升b→.5蛀.Fe震正根.主,-1,19,19,True
2016/4/29,-0.79,-0.79,2.28,b乙→中20.Z-2,5蛀.Fe震正根.主,跌.尾连VW.W2,,金升b→.5蛀.Fe震正根.主,-2,20,20,True
2016/5/6,9.36,9.36,18.53,b乙↗上21.I暂,4暂.Fd震正芽.主,(跌)人.连后吞WO,高,金升b↗.4暂.Fd震正芽.主,1,21,21,True
2016/5/13,8.64,8.64,16.79,b乙↗上22.B2暂,4暂.Aa龙猪.主,升.尾连OQ.Q2,高,金升b↗.4暂.Aa龙猪.主,2,22,22,True
2016/5/20,9.44,9.44,11.14,b乙↗上23.B3暂,4暂.Aa龙猪.主,升.尾连QQ.Q3,连3,金升b↗.4暂.Aa龙猪.主,3,23,23,True
2016/5/27,3.39,3.39,10.12,b乙↗上24.A4,0橅.Aa龙猪.主,升.尾连QQ.Q4,连4,金升b↗.0橅.Aa龙猪.主,4,24,24,True
2016/6/3,11.1,11.1,16.09,b乙↗上25.A5,0橅.Aa龙猪.主,升.尾连QQ.Q5,宽高连5,金升b↗.0橅.Aa龙猪.主,5,25,25,True
2016/6/8,1.18,1.18,8.63,b乙↗上26.A6,0橅.Aa龙猪.主,升.尾连QQ.Q6,连6,金升b↗.0橅.Aa龙猪.主,6,26,26,True
2016/6/17,-3.04,-3.04,-2.16,b乙↗上27.A7,1柜.Aa龙猪.主,(升)人.连后吞QV,,金升b↗.1柜.Aa龙猪.主,7,27,27,True
2016/6/24,21.08,21.08,23.31,b乙↗上28.A8,1柜.Aa龙猪.主,(人)人.吞吞* VO,宽高,金升b↗.1柜.Aa龙猪.主,8,28,28,True
2016/7/1,-3.83,-3.83,5.32,b乙↗上29.A9,1柜.Aa龙猪.主,(人)人.吞吞* VO,,金升b↗.1柜.Aa龙猪.主,9,29,29,True
2016/7/8,3.88,3.88,17.12,b乙↗上30.A10,1柜.Aa龙猪.主,升.尾吞vO,宽高,金升b↗.1柜.Aa龙猪.主,10,30,30,True
2016/7/22,-13.55,-13.55,2.99,b乙→中31.Y,5蛀.Be龙管根.主,(升)人.吞吞vOV,宽,金升b→.5蛀.Be龙管根.主,-1,31,31,True
2016/7/29,-7.55,-7.55,3.74,b乙→中32.Z-2,5蛀.Be龙管根.主,跌.尾连VW.W2,宽,金升b→.5蛀.Be龙管根.主,-2,32,32,True
2016/8/5,-3.93,-3.93,2.43,c丙↘下33.Z-3,5蛀.Fe震正根.破,跌.尾连WW.W3,宽,金升c↘.被3v,-3,33,33,True
2016/8/12,-0.45,-0.45,4.35,c丙↘下34.Z-4,9妩.Fe震正根.破,跌.尾连WW.W4,宽,金升c↘.被3v,-4,34,34,True
2016/8/19,5.41,5.41,9.51,c丙↘下35.Z-5,8姖.Fe震正根.破,(跌)人.连后吞WO,宽,金升c↘.被3v,-5,35,35,True
2016/8/26,-1.17,-1.17,1.79,c丙↘下36.Z-6,8姖.Fe震正根.破,(跌)人.连后吞WOv,,金升c↘.被3v,-6,36,36,True
2016/9/2,-0.63,-0.63,5.19,z丁↘忑-1.Z-7,8姖.Ff震负.破,跌.尾连vW.W2,,金升z↘.警3w,-7,37,37,True
2016/9/9,-2.64,-2.64,2.33,z丁↘忑-2.Z-8,8姖.Ff震负.破,跌.尾连WW.W3,,金升z↘.警3w,-8,38,38,True
2016/9/14,-8.53,-8.53,-2.13,z丁↘忑-3.Z-9,9妩.Ff震负.破,跌.尾连WW.W4,,金升z↘.警3w,-9,39,39,True
2016/9/23,-0.21,-0.21,2.83,z丁↘忑-4.Z-10,9妩.__Aa龙猪._破,跌.尾连WW.W5,,嘘待z↘,-10,-1,40,True
2016/9/30,-4.89,-4.89,-0.85,z丁↘忑-5.Z-11,9妩.__Aa龙猪._破,跌.尾连WW.W6,,嘘待z↘,-11,-2,41,True
2016/10/14,8.64,8.64,9.38,z丁↘忑-6.Z-12,8姖.__Aa龙猪._破,(跌)人.连后吞WO,,嘘待z↘,-12,-3,42,True
2016/10/21,0.62,0.62,2.4,y戊↘忠-7.I,4蛀.Ff震负.再C,升.尾连OQ.Q2,,金升y↘.警3h,1,1,43,True
2016/10/28,-2.38,-2.38,2.32,y戊↘忑-8.Y暂,5暂.__Fa震正〇._初,(升)人.连后吞QV,,嘘待y↘,-1,-1,44,True
2016/11/4,6.14,6.14,8.44,y戊↘忠-9.I暂,4暂.Ff震负.再D,(人)人.吞吞* VO,,金升y↘.警3h,1,1,45,True
2016/11/11,1.31,1.31,1.64,r己↗忐-10.B2暂,4暂.Df头负.再D,升.尾连OQ.Q2,,金升r↗.4暂.Df头负.再D.口2I,2,2,46,True
2016/11/18,5.06,5.06,6.68,a甲↗上1.B3暂,4暂.Aa龙猪.再D,升.尾连QQ.Q3,连3,金升a↗.4暂.Aa龙猪.再D,3,3,47,True
2016/11/25,3.27,3.27,7.29,a甲↗上2.A4,0橅.Aa龙猪.再D,升.尾连QQ.Q4,连4,金升a↗.0橅.Aa龙猪.再D,4,4,48,True
2016/12/2,-12.86,-12.86,0.36,c丙↘下3.Y,5蛀.Fe震正根.破,(升)人.连后吞QV,,金升c↘.被3v,-1,5,49,True
2016/12/9,-6.04,-6.04,1.3,z丁↘忑-1.Z-2,5蛀.__Fa震正〇._破,跌.尾连VW.W2,,嘘待z↘,-2,-1,50,True
2016/12/16,-7.45,-7.45,0.73,z丁↘忑-2.Z-3,5蛀.__Aa龙猪._初,跌.尾连WW.W3,,嘘待z↘,-3,-2,51,True
2016/12/23,-1.58,-1.58,3.87,z丁↘忑-3.Z-4,9妩.__Aa龙猪._初,跌.尾连WW.W4,,嘘待z↘,-4,-3,52,True
2016/12/30,-0.8,-0.8,2.41,z丁↘忑-4.Z-5,9妩.__Aa龙猪._初,跌.尾连WW.W5,,嘘待z↘,-5,-4,53,True
2017/1/6,-1.78,-1.78,4.04,z丁↘忑-5.Z-6,9妩.__Fa震正〇._初,跌.尾连WW.W6,,尿降z↘,-6,-5,54,True
2017/1/13,-17.45,-17.45,2.3,z丁↘忑-6.Z-7,9妩.__Aa龙猪._初,跌.尾连WW.W7,,尿降z↘,-7,-6,55,True
2017/1/20,-3.19,-3.19,-0.1,z丁↘忑-7.Z-8,9妩.__Aa龙猪._主,跌.尾连WW.W8,,尿降z↘,-8,-7,56,True
2017/1/26,1.75,1.75,2.27,z丁↘忑-8.Z-9,9妩.__Aa龙猪._主,跌.尾反孕Wo,,尿降z↘,-9,-8,57,True
2017/2/3,-0.91,-0.91,0.81,z丁↘忑-9.Z-10,9妩.__Aa龙猪._主,(跌)人.孕孕ov,,尿降z↘,-10,-9,58,True
2017/2/10,14.5,14.5,14.5,y戊↘忠-10.I,4蛀.__Fe震正根._主,升.尾吞vO,,尿降y↘,1,-10,59,True
2017/2/17,-2.59,-2.59,7.94,y戊↘忠-11.B2,4蛀.__Fe震正根._主,升.尾反孕vOv,,尿降y↘,2,-11,60,True
2017/2/24,10.9,10.9,14.56,y戊↘忠-12.B3,4蛀.__Fe震正根._主,升.尾吞vO,,尿降y↘,3,-12,61,True
2017/3/3,-0.41,-0.41,0.5,r己↗忐-13.A4,0橅.__Fe震正根.储,升.尾反孕vOv,,尿降r↗.0橅.__Fe震正根.储.魅6v,4,-13,62,True
2017/3/10,4.98,4.98,7.79,r己↗忐-14.A5,0橅.__Fe震正根.储,升.尾吞vO,,嘘待r↗.0橅.__Fe震正根.储.魅6v,5,-14,63,True
2017/3/17,-1.9,-1.9,0.32,a甲↗上1.A6,0橅.__Ff震负.储,升.尾反孕vOv,,嘘待a↗.0橅.__Ff震负.储.魅6w,6,-15,64,True
2017/3/24,-1.69,-1.69,1.77,a甲↗上2.A7,2栅.__Ff震负.储,跌.尾连vW.W2,,嘘待a↗.2栅.__Ff震负.储.魅6w,7,-16,65,True
2017/3/31,-12.2,-12.2,1.47,z丁↘忑-1.Y,5蛀.__Fa震正〇._再C,跌.尾连WW.W3,,尿降z↘,-1,-17,66,True
2017/4/7,0.37,0.37,3.82,z丁↘忑-2.Z-2,5蛀.__Fa震正〇._再C,跌.尾反孕Wo,,尿降z↘,-2,-18,67,True
2017/4/14,-1.86,-1.86,-0.28,z丁↘忑-3.Z-3,5蛀.__Aa龙猪._再C,跌.尾吞oV,,尿降z↘,-3,-19,68,True
2017/4/21,-13.45,-13.45,-0.85,z丁↘忑-4.Z-4,9妩.__Aa龙猪._再C,跌.尾连VW.W2,,尿降z↘,-4,-20,69,True
2017/4/28,4.16,4.16,6.46,z丁↘忑-5.Z-5,9妩.__Aa龙猪._主,跌.尾反孕Wo,,尿降z↘,-5,-21,70,True
2017/5/5,5.15,5.15,15.97,z丁↘忑-6.Z-6,7姗.__Bd龙管杂._主,升.尾连oQ.Q2,,尿降z↘,-6,-22,71,True
2017/5/12,-13.89,-13.89,1.3,z丁↘忑-7.Z-7,7姗.__Bd龙管杂._主,(升)人.连后吞QV,,屎降z↘,-7,-23,72,True
2017/5/19,2.32,2.32,9.98,z丁↘忑-8.Z-8,7姗.__Bd龙管杂._主,(升)人.连后吞QVo,,屎降z↘,-8,-24,73,True
2017/5/26,-5.33,-5.33,3.29,z丁↘忑-9.Z-9,7姗.__Bd龙管杂._主,跌.尾吞oV,,屎降z↘,-9,-25,74,True
2017/6/2,-7.78,-7.78,2.87,z丁↘忑-10.Z-10,9妩.__Aa龙猪._主,跌.尾连VW.W2,,屎降z↘,-10,-26,75,True
2017/6/9,14.68,14.68,22.21,z丁↘忑-11.Z-11,8姖.__Aa龙猪._主,(跌)人.连后吞WO,,屎降z↘,-11,-27,76,True
2017/6/16,-1.02,-1.02,2.94,z丁↘忑-12.Z-12,8姖.__Aa龙猪._主,(跌)人.连后吞WOv,,屎降z↘,-12,-28,77,True
2017/6/23,-3.55,-3.55,2.52,z丁↘忑-13.Z-13,8姖.__Fa震正〇._主,跌.尾连vW.W2,,屎降z↘,-13,-29,78,True
2017/6/30,-1.78,-1.78,1.42,z丁↘忑-14.Z-14,8姖.__Fa震正〇._主,跌.尾连WW.W3,,屎降z↘,-14,-30,79,True
2017/7/7,4.59,4.59,6.4,y戊↘忠-15.I,4蛀.__Fe震正根._主,(跌)人.连后吞WO,,屎降y↘,1,-31,80,True
2017/7/14,-6.93,-6.93,0,y戊↘忑-16.Y暂,5暂.__Fa震正〇._主,(人)人.吞吞* OV,,屎降y↘,-1,-32,81,True
2017/7/21,-7.2,-7.2,-0.5,y戊↘忑-17.Z-2暂,5暂.__Aa龙猪._主,跌.尾连VW.W2,,屎降y↘,-2,-33,82,True
2017/7/28,2.14,2.14,5.21,y戊↘忑-18.Z-3暂,5暂.__Aa龙猪._主,跌.尾反孕Wo,,屎降y↘,-3,-34,83,True
2017/8/4,-0.65,-0.65,1.44,y戊↘忑-19.Z-4,9妩.__Aa龙猪._主,(跌)人.孕孕ov,,屎降y↘,-4,-35,84,True
2017/8/11,-1.71,-1.71,1.58,y戊↘忑-20.Z-5,9妩.__Fa震正〇._主,跌.尾连vW.W2,,屎降y↘,-5,-36,85,True
2017/8/18,21.45,21.45,23.73,r己↗忐-21.I,4蛀.__Fe震正根.储,(跌)人.连后吞WO,,屎降r↗.4蛀.__Fe震正根.储.魅6v,1,-37,86,True
2017/8/25,-7.28,-7.28,0.88,r己↗忐-22.B2,4蛀.__Fe震正根.储,(跌)人.连后吞WOv,,屎降r↗.4蛀.__Fe震正根.储.魅6v,2,-38,87,True
2017/9/1,2.38,2.38,5.83,r己↗忐-23.B3,4蛀.__Fe震正根.储,(人)人.孕孕vo,,屎降r↗.4蛀.__Fe震正根.储.魅6v,3,-39,88,True
2017/9/8,19.19,19.19,25.12,a甲↗上1.A4,0橅.Aa龙猪.储,升.尾连oQ.Q2,宽高,唏待a↗.0橅.Aa龙猪.储,4,1,89,True
2017/9/15,-0.2,-0.2,10.63,a甲↗上2.A5,0橅.Aa龙猪.储,升.尾反孕Qv,宽,唏待a↗.0橅.Aa龙猪.储,5,2,90,True
2017/9/22,3.13,3.13,14.37,a甲↗上3.A6,0橅.Aa龙猪.初,升.尾吞vO,宽,银升a↗.0橅.Aa龙猪.初,6,3,91,True
2017/9/29,4.45,4.45,6.26,a甲↗上4.A7,0橅.Aa龙猪.初,升.尾连OQ.Q2,,银升a↗.0橅.Aa龙猪.初,7,4,92,True
2017/10/13,-5.72,-5.72,3.9,a甲↗上5.A8,1柜.Aa龙猪.初,(升)人.连后吞QV,,银升a↗.1柜.Aa龙猪.初,8,5,93,True
2017/10/20,-4.04,-4.04,-0.1,b乙→中6.Y,5蛀.Fe震正根.初,跌.尾连VW.W2,,唏待b→.5蛀.Fe震正根.初,-1,6,94,True
2017/10/27,-2.91,-2.91,1.91,b乙→中7.Z-2,5蛀.Fe震正根.初,跌.尾连WW.W3,,唏待b→.5蛀.Fe震正根.初,-2,7,95,True
2017/11/3,5.48,5.48,6.82,b乙↗上8.I暂,4暂.Fd震正芽.初,(跌)人.连后吞WO,,唏待b↗.4暂.Fd震正芽.初,1,8,96,True
2017/11/10,4.9,4.9,11.07,b乙↗上9.B2暂,4暂.Fd震正芽.初,升.尾连OQ.Q2,,银升b↗.4暂.Fd震正芽.初,2,9,97,True
2017/11/17,-13.45,-13.45,3.83,c丙↘下10.Y暂,5暂.__Df头负._破,(升)人.连后吞QV,,屎降c↘.逃4v,-1,-1,98,True
2017/11/24,0.43,0.43,4.96,c丙↘下11.Z-2暂,5暂.__Df头负._破,(升)人.连后吞QVo,,屎降c↘.逃4v,-2,-2,99,True
2017/12/1,1.61,1.61,2.15,c丙↘下12.Z-3暂,5暂.__Df头负._破,升.尾连oQ.Q2,,屎降c↘.逃4v,-3,-3,100,True
2017/12/8,0.74,0.74,0.74,z丁↘忑-1.Z-4,6娝.__Bc龙管栅._初,升.尾连QQ.Q3,,屎降z↘,-4,-4,101,True
2017/12/15,3.57,3.57,6.3,r己↗忐-2.I,4蛀.Df头负.再D,升.尾连QQ.Q4,连4,唏待r↗.4蛀.Df头负.再D.口2I,1,1,102,True
2017/12/22,-3.24,-3.24,4.96,y戊↘忑-3.Y暂,5暂.__Aa龙猪._初,(升)人.连后吞QV,,屎降y↘,-1,-1,103,True
2017/12/29,-5.45,-5.45,0.42,y戊↘忑-4.Z-2暂,5暂.__Fa震正〇._初,跌.尾连VW.W2,,屎降y↘,-2,-2,104,True
2018/1/5,-1.11,-1.11,2.1,y戊↘忑-5.Z-3暂,5暂.__Fa震正〇._初,跌.尾连WW.W3,,屎降y↘,-3,-3,105,True
2018/1/12,-2.46,-2.46,1.12,y戊↘忑-6.Z-4,9妩.__Fa震正〇._初,跌.尾连WW.W4,,屎降y↘,-4,-4,106,True
2018/1/19,-3.21,-3.21,0.46,y戊↘忑-7.Z-5,9妩.__Fa震正〇._初,跌.尾连WW.W5,,屎降y↘,-5,-5,107,True
2018/1/26,-1.78,-1.78,2.49,y戊↘忑-8.Z-6,9妩.__Aa龙猪._主,跌.尾连WW.W6,,屎降y↘,-6,-6,108,True
2018/2/2,-11.35,-11.35,1.57,y戊↘忑-9.Z-7,9妩.__Aa龙猪._主,跌.尾连WW.W7,,屎降y↘,-7,-7,109,True
2018/2/9,-4.36,-4.36,0.27,y戊↘忑-10.Z-8,9妩.__Aa龙猪._主,跌.尾连WW.W8,,屎降y↘,-8,-8,110,True
2018/2/14,1.42,1.42,3.99,y戊↘忑-11.Z-9,9妩.__Aa龙猪._主,跌.尾反孕Wo,,屎降y↘,-9,-9,111,True
2018/2/23,1.83,1.83,2.53,y戊↘忑-12.Z-10,7姗.__Bd龙管杂._主,升.尾连oQ.Q2,,屎降y↘,-10,-10,112,True
2018/3/2,6.07,6.07,10.62,y戊↘忑-13.Z-11,6娝.__Fa震正〇._主,升.尾连QQ.Q3,,屎降y↘,-11,-11,113,True
2018/3/9,4.16,4.16,6.37,y戊↘忠-14.I,4蛀.__Fe震正根._主,升.尾连QQ.Q4,,屎降y↘,1,-12,114,True
2018/3/16,-2.12,-2.12,6.24,y戊↘忠-15.B2,4蛀.__Fe震正根._主,升.尾反孕Qv,,屎降y↘,2,-13,115,True
2018/3/23,-9.06,-9.06,4.46,y戊↘忑-16.Y暂,5暂.__Fa震正〇._主,跌.尾连vW.W2,,屎降y↘,-1,-14,116,True
2018/3/30,24.4,24.4,24.4,r己↗忐-17.I暂,4暂.__Fe震正根.储,(跌)人.连后吞WO,,屎降r↗.4暂.__Fe震正根.储.魅6v,1,-15,117,True
2018/4/4,1.8,1.8,15.56,a甲↗上1.B2暂,4暂.Aa龙猪.储,升.尾连OQ.Q2,宽高,唏待a↗.4暂.Aa龙猪.储,2,1,118,True
2018/4/13,-3.88,-3.88,2.1,a甲↗上2.B3暂,4暂.Aa龙猪.储,(升)人.连后吞QV,宽,唏待a↗.4暂.Aa龙猪.储,3,2,119,True
2018/4/20,8.41,8.41,11.87,a甲↗上3.A4,1柜.Aa龙猪.初,(人)人.吞吞* VO,,唏待a↗.1柜.Aa龙猪.初,4,3,120,True
2018/4/27,-1.38,-1.38,5.53,a甲↗上4.A5,1柜.Fa震正〇.初,(人)人.吞吞* VO,,唏待a↗.1柜.Fa震正〇.初,5,4,121,True
2018/5/4,-4.31,-4.31,0,a甲↗上5.A6,2栅.Fa震正〇.初,跌.尾连vW.W2,,唏待a↗.2栅.Fa震正〇.初,6,5,122,True
2018/5/11,3.49,3.49,10.59,a甲↗上6.A7,2栅.Fa震正〇.初,跌.尾反孕Wo,,唏待a↗.2栅.Fa震正〇.初,7,6,123,True
2018/5/16,-2.18,-2.18,2.61,a甲↗上7.A8,2栅.Fa震正〇.初,(跌)人.孕孕ov,,唏待a↗.2栅.Fa震正〇.初,8,7,124,True
2018/5/25,7.56,7.56,13.46,a甲↗上8.A9,2栅.Fa震正〇.初,升.尾吞vO,,银升a↗.2栅.Fa震正〇.初,9,8,125,True
2018/6/1,-16.65,-16.65,5.27,c丙↘下9.Y,5蛀.__Df头负._破,(升)人.吞吞vOV,,屎降c↘.逃4v,-1,-1,126,True
2018/6/8,4.59,4.59,6.45,c丙↘下10.Z-2,5蛀.__Df头负._破,(升)人.吞吞vOVo,,屎降c↘.逃4v,-2,-2,127,True
2018/6/15,-8.19,-8.19,-0.36,z丁↘忑-1.Z-3,5蛀.__Aa龙猪._初,跌.尾吞oV,,屎降z↘,-3,-3,128,True
2018/6/22,-9.82,-9.82,0,z丁↘忑-2.Z-4,9妩.__Aa龙猪._初,跌.尾连VW.W2,,屎降z↘,-4,-4,129,True
2018/6/29,7.88,7.88,8.45,z丁↘忑-3.Z-5,9妩.__Aa龙猪._初,跌.尾反孕Wo,,屎降z↘,-5,-5,130,True
2018/7/6,-1.59,-1.59,3.85,z丁↘忑-4.Z-6,9妩.__Aa龙猪._初,(跌)人.孕孕ov,,屎降z↘,-6,-6,131,True
2018/7/13,5.26,5.26,7.56,z丁↘忑-5.Z-7,8姖.__Fa震正〇._主,升.尾吞vO,,屎降z↘,-7,-7,132,True
2018/7/20,1.15,1.15,6.67,y戊↘忠-6.I,4蛀.__Fe震正根._主,升.尾连OQ.Q2,,屎降y↘,1,-8,133,True
2018/7/27,-7.98,-7.98,2.28,y戊↘忑-7.Y暂,5暂.__Fa震正〇._主,(升)人.连后吞QV,,屎降y↘,-1,-9,134,True
2018/8/3,-3.72,-3.72,0.55,y戊↘忑-8.Z-2暂,5暂.__Fa震正〇._主,跌.尾连VW.W2,,屎降y↘,-2,-10,135,True
2018/8/10,4.01,4.01,5.29,y戊↘忑-9.Z-3暂,5暂.__Fa震正〇._主,(跌)人.连后吞WO,,屎降y↘,-3,-11,136,True
2018/8/17,-3.71,-3.71,3.3,y戊↘忑-10.Z-4,8姖.__Fa震正〇._主,(跌)人.连后吞WOv,,屎降y↘,-4,-12,137,True
2018/8/24,-9.14,-9.14,-3.86,y戊↘忑-11.Z-5,8姖.__Aa龙猪._主,跌.尾连vW.W2,,屎降y↘,-5,-13,138,True
2018/8/31,-1.42,-1.42,3.62,y戊↘忑-12.Z-6,8姖.__Aa龙猪._主,跌.尾连WW.W3,,屎降y↘,-6,-14,139,True
2018/9/7,-3.03,-3.03,0.8,y戊↘忑-13.Z-7,9妩.__Aa龙猪._主,跌.尾连WW.W4,,屎降y↘,-7,-15,140,True
2018/9/14,-3.13,-3.13,6.58,y戊↘忑-14.Z-8,9妩.__Aa龙猪._主,跌.尾连WW.W5,,屎降y↘,-8,-16,141,True
2018/9/21,-1.02,-1.02,0.51,y戊↘忑-15.Z-9,9妩.__Aa龙猪._主,跌.尾连WW.W6,,屎降y↘,-9,-17,142,True
2018/9/28,12.18,12.18,16.47,y戊↘忠-16.I,4蛀.__Be龙管根._主,(跌)人.连后吞WO,,屎降y↘,1,-18,143,True
2018/10/12,-6.27,-6.27,1.99,y戊↘忑-17.Y暂,5暂.__Aa龙猪._主,(跌)人.连后吞WOv,,屎降y↘,-1,-19,144,True
2018/10/19,7.99,7.99,11.75,y戊↘忠-18.I暂,4暂.__Fe震正根._主,升.尾吞vO,,屎降y↘,1,-20,145,True
2018/10/26,0.76,0.76,6.5,y戊↘忠-19.B2暂,4暂.__Fe震正根._主,升.尾连OQ.Q2,,屎降y↘,2,-21,146,True
2018/11/2,-1.2,-1.2,0.15,y戊↘忠-20.B3暂,4暂.__Fe震正根._主,(升)人.连后吞QV,,屎降y↘,3,-22,147,True
2018/11/9,1.82,1.82,4.86,r己↗忐-21.A4,1柜.__Fe震正根.储,(人)人.吞吞* VO,,屎降r↗.1柜.__Fe震正根.储.魅6v,4,-23,148,True
2018/11/16,-0.45,-0.45,2.98,r己↗忐-22.A5,1柜.__Fe震正根.储,(人)人.吞吞* VO,,屎降r↗.1柜.__Fe震正根.储.魅6v,5,-24,149,True
2018/11/23,-12.28,-12.28,-0.15,y戊↘忑-23.Y,5蛀.__Fa震正〇._再B,跌.尾连vW.W2,,屎降y↘,-1,-25,150,True
2018/11/30,1.54,1.54,6.83,y戊↘忑-24.Z-2,5蛀.__Fa震正〇._再B,跌.尾反孕Wo,,屎降y↘,-2,-26,151,True
2018/12/7,-1.18,-1.18,4.37,y戊↘忑-25.Z-3,5蛀.__Fa震正〇._再B,(跌)人.孕孕ov,,屎降y↘,-3,-27,152,True
2018/12/14,-0.68,-0.68,4.42,y戊↘忑-26.Z-4,9妩.__Fa震正〇._再B,跌.尾连vW.W2,,屎降y↘,-4,-28,153,True
2018/12/21,0,0,0,y戊↘忑-27.Z-5,8姖.__Aa龙猪._主,(跌)人.连后吞WO,,屎降y↘,-5,-29,154,True
2018/12/28,1.2,1.2,7.19,y戊↘忑-28.Z-6,7姗.__Bd龙管杂._主,升.尾连OQ.Q2,,屎降y↘,-6,-30,155,True
2019/1/4,1.86,1.86,4.4,y戊↘忠-29.I,4蛀.__Be龙管根._主,升.尾连QQ.Q3,,屎降y↘,1,-31,156,True
2019/1/11,4.32,4.32,7.31,r己↗忐-30.B2,4蛀.__Fe震正根.储,升.尾连QQ.Q4,,屎降r↗.4蛀.__Fe震正根.储.魅6v,2,-32,157,True
2019/1/18,-0.96,-0.96,3.98,r己↗忐-31.B3,4蛀.__Fe震正根.储,升.尾反孕Qv,,屎降r↗.4蛀.__Fe震正根.储.魅6v,3,-33,158,True
2019/1/25,3.22,3.22,9.49,r己↗忐-32.A4,0橅.__Fe震正根.储,升.尾吞vO,,屎降r↗.0橅.__Fe震正根.储.魅6v,4,-34,159,True
2019/2/1,-11.37,-11.37,7.48,y戊↘忑-33.Y,5蛀.__Aa龙猪._再B,(升)人.吞吞vOV,,屎降y↘,-1,-35,160,True
2019/2/15,11.6,11.6,11.6,r己↗忐-34.I暂,4暂.__Fe震正根.储,(人)人.吞吞* VO,,屎降r↗.4暂.__Fe震正根.储.魅6v,1,-36,161,True
2019/2/22,13.23,13.23,15.12,a甲↗上1.B2暂,4暂.Aa龙猪.储,升.尾连OQ.Q2,高,唏待a↗.4暂.Aa龙猪.储,2,1,162,True
2019/3/1,-3.62,-3.62,4.45,a甲↗上2.B3暂,4暂.Aa龙猪.初,升.尾反孕Qv,,唏待a↗.4暂.Aa龙猪.初,3,2,163,True
2019/3/8,13.13,13.13,27.71,a甲↗上3.A4,0橅.Aa龙猪.初,升.尾吞vO,宽高,银升a↗.0橅.Aa龙猪.初,4,3,164,True
2019/3/15,-6.38,-6.38,6.38,a甲↗上4.A5,0橅.Aa龙猪.初,升.尾反孕vOv,宽,银升a↗.0橅.Aa龙猪.初,5,4,165,True
2019/3/22,-0.14,-0.14,2.72,a甲↗上5.A6,2栅.Bc龙管栅.初,跌.尾连vW.W2,宽,银升a↗.2栅.Bc龙管栅.初,6,5,166,True
2019/3/29,-1.77,-1.77,2.18,a甲↗上6.A7,3桮.Fa震正〇.初,跌.尾连WW.W3,宽,唏待a↗.3桮.Fa震正〇.初,7,6,167,True
2019/4/4,4.17,4.17,6.67,a甲↗上7.A8,3桮.Fa震正〇.初,(跌)人.连后吞WO,宽,银升a↗.3桮.Fa震正〇.初,8,7,168,True
2019/4/12,-4.67,-4.67,0.67,b乙→中8.Y,5蛀.Fe震正根.主,(人)人.吞吞* OV,,唏待b→.5蛀.Fe震正根.主,-1,8,169,True
2019/4/19,6.01,6.01,11.33,b乙↗上9.I暂,4暂.Fd震正芽.主,(人)人.吞吞* VO,,银升b↗.4暂.Fd震正芽.主,1,9,170,True
2019/4/26,-1.72,-1.72,1.72,b乙↗上10.B2暂,4暂.Fd震正芽.主,(人)人.吞吞* VO,,银升b↗.4暂.Fd震正芽.主,2,10,171,True
2019/4/30,-11.81,-11.81,0.13,c丙↘下11.Y暂,5暂.__Df头负._破,跌.尾连vW.W2,,屎降c↘.逃4v,-1,-1,172,True
2019/5/10,0.15,0.15,1.37,c丙↘下12.Z-2暂,5暂.__Df头负._破,跌.尾反孕Wo,,屎降c↘.逃4v,-2,-2,173,True
2019/5/17,13.07,13.07,13.07,b乙↗上13.I暂,4暂.Dd头正芽.再B,升.尾连oQ.Q2,,唏待b↗.4暂.Dd头正芽.再B,1,1,174,True
2019/5/24,0.4,0.4,15.46,b乙↗上14.B2暂,4暂.Aa龙猪.再B,升.尾连QQ.Q3,高连3,银升b↗.4暂.Aa龙猪.再B,2,2,175,True
2019/5/31,11.51,11.51,21.82,b乙↗上15.B3暂,4暂.Aa龙猪.再B,升.尾连QQ.Q4,宽高连4,银升b↗.4暂.Aa龙猪.再B,3,3,176,True
2019/6/6,-3.72,-3.72,13.21,b乙↗上16.A4,0橅.Aa龙猪.再B,升.尾反孕Qv,宽,银升b↗.0橅.Aa龙猪.再B,4,4,177,True
2019/6/14,-2.87,-2.87,9.23,b乙↗上17.A5,2栅.Bc龙管栅.主,跌.尾连vW.W2,宽,银升b↗.2栅.Bc龙管栅.主,5,5,178,True
2019/6/21,0.9,0.9,3.85,b乙↗上18.A6,2栅.Bc龙管栅.主,(跌)人.连后吞WO,宽,银升b↗.2栅.Bc龙管栅.主,6,6,179,True
2019/6/28,-8.14,-8.14,0.51,c丙↘下19.Y,5蛀.Fe震正根.破,(人)人.吞吞* OV,宽,银升c↘.被3v,-1,7,180,True
2019/7/5,2.22,2.22,12.19,c丙↘下20.Z-2,5蛀.Fe震正根.破,(人)人.吞吞* OV,宽,银升c↘.被3v,-2,8,181,True
2019/7/12,-7.86,-7.86,-0.95,z丁↘忑-1.Z-3,5蛀.__Fa震正〇._破,跌.尾吞oV,,屎降z↘,-3,-1,182,True
2019/7/19,1.18,1.18,4.41,z丁↘忑-2.Z-4,9妩.__Fa震正〇._破,跌.尾反孕oVo,,屎降z↘,-4,-2,183,True
2019/7/26,0.44,0.44,3.2,z丁↘忑-3.Z-5,7姗.__Bd龙管杂._初,升.尾连oQ.Q2,,屎降z↘,-5,-3,184,True
2019/8/2,-3.04,-3.04,2.32,z丁↘忑-4.Z-6,7姗.__Bd龙管杂._初,(升)人.连后吞QV,,屎降z↘,-6,-4,185,True
2019/8/9,-7.61,-7.61,2.09,z丁↘忑-5.Z-7,7姗.__Bd龙管杂._初,跌.尾连VW.W2,,屎降z↘,-7,-5,186,True
2019/8/16,4.2,4.2,6.3,z丁↘忑-6.Z-8,7姗.__Bd龙管杂._初,跌.尾反孕Wo,,屎降z↘,-8,-6,187,True
2019/8/23,3.72,3.72,11.78,z丁↘忑-7.Z-9,7姗.__Bd龙管杂._初,升.尾连oQ.Q2,,屎降z↘,-9,-7,188,True
2019/8/30,-2.54,-2.54,1.64,z丁↘忑-8.Z-10,7姗.__Fa震正〇._初,升.尾反孕Qv,,屎降z↘,-10,-8,189,True
2019/9/6,8.9,8.9,10.58,r己↗忐-9.I,4蛀.__Fe震正根.储,升.尾吞vO,,屎降r↗.4蛀.__Fe震正根.储.魅6v,1,-9,190,True
2019/9/12,12.68,12.68,20.99,a甲↗上1.B2,4蛀.Aa龙猪.初,升.尾连OQ.Q2,宽高,银升a↗.4蛀.Aa龙猪.初,2,1,191,True
2019/9/20,-3.87,-3.87,1.25,a甲↗上2.B3,4蛀.Aa龙猪.初,升.尾反孕Qv,,银升a↗.4蛀.Aa龙猪.初,3,2,192,True
2019/9/27,-7.28,-7.28,2.73,a甲↗上3.A4,2栅.Bc龙管栅.初,跌.尾连vW.W2,,银升a↗.2栅.Bc龙管栅.初,4,3,193,True
2019/9/30,-0.84,-0.84,1.4,b乙→中4.Y,5蛀.Fe震正根.初,跌.尾连WW.W3,,唏待b→.5蛀.Fe震正根.初,-1,4,194,True
2019/10/11,0.57,0.57,2.69,c丙↘下5.Z-2,5蛀.Fe震正根.破,跌.尾反孕Wo,,唏待c↘.被3v,-2,5,195,True
2019/10/18,-1.13,-1.13,5.06,c丙↘下6.Z-3,5蛀.__Df头负._破,跌.尾吞oV,,屎降c↘.逃4v,-3,-1,196,True
2019/10/25,2.84,2.84,3.27,b乙↗上7.I暂,4暂.Dd头正芽.再B,(跌)人.吞吞oVO,,唏待b↗.4暂.Dd头正芽.再B,1,1,197,True
2019/11/1,7.61,7.61,7.61,b乙↗上8.B2暂,4暂.Dd头正芽.再B,升.尾连OQ.Q2,,银升b↗.4暂.Dd头正芽.再B,2,2,198,True
2019/11/8,1.54,1.54,5.01,b乙↗上9.B3暂,4暂.Dd头正芽.再B,升.尾连QQ.Q3,连3,银升b↗.4暂.Dd头正芽.再B,3,3,199,True
2019/11/15,-2.41,-2.41,8.73,b乙↗上10.A4,1柜.Aa龙猪.再B,(升)人.连后吞QV,,银升b↗.1柜.Aa龙猪.再B,4,4,200,True
2019/11/22,5.32,5.32,11.54,b乙↗上11.A5,1柜.Aa龙猪.主,(人)人.吞吞* VO,,银升b↗.1柜.Aa龙猪.主,5,5,201,True
2019/11/29,3.94,3.94,5.79,b乙↗上12.A6,1柜.Aa龙猪.主,升.尾连OQ.Q2,,金升b↗.1柜.Aa龙猪.主,6,6,202,True
2019/12/6,10.43,10.43,13.51,b乙↗上13.A7,1柜.Aa龙猪.主,升.尾连QQ.Q3,连3,金升b↗.1柜.Aa龙猪.主,7,7,203,True
2019/12/13,-0.75,-0.75,4.18,b乙↗上14.A8,0橅.Aa龙猪.主,升.尾反孕Qv,,金升b↗.0橅.Aa龙猪.主,8,8,204,True
2019/12/20,-0.43,-0.43,9.62,b乙↗上15.A9,2栅.Bc龙管栅.主,跌.尾连vW.W2,,金升b↗.2栅.Bc龙管栅.主,9,9,205,True
2019/12/27,-7.27,-7.27,0.11,b乙→中16.Y,5蛀.Be龙管根.主,跌.尾连WW.W3,,金升b→.5蛀.Be龙管根.主,-1,10,206,True
2020/1/3,1.99,1.99,3.04,b乙→中17.Z-2,5蛀.Be龙管根.主,跌.尾反孕Wo,,金升b→.5蛀.Be龙管根.主,-2,11,207,True
2020/1/10,1.03,1.03,1.84,b乙↗上18.I暂,4暂.Fd震正芽.主,升.尾连oQ.Q2,,金升b↗.4暂.Fd震正芽.主,1,12,208,True
2020/1/17,3.52,3.52,4.89,b乙↗上19.B2暂,4暂.Fd震正芽.主,升.尾连QQ.Q3,连3,金升b↗.4暂.Fd震正芽.主,2,13,209,True
2020/1/23,0.88,0.88,7.03,b乙↗上20.B3暂,4暂.Fd震正芽.主,升.尾连QQ.Q4,连4,金升b↗.4暂.Fd震正芽.主,3,14,210,True
2020/2/7,-8.6,-8.6,-7.83,b乙→中21.Y暂,5暂.Fe震正根.主,(升)人.连后吞QV,,金升b→.5暂.Fe震正根.主,-1,15,211,True
2020/2/14,7.98,7.98,11.9,b乙↗上22.I暂,4暂.Fd震正芽.主,(人)人.吞吞* VO,,金升b↗.4暂.Fd震正芽.主,1,16,212,True
2020/2/21,27.34,27.34,36.6,b乙↗上23.B2暂,4暂.Aa龙猪.主,升.尾连OQ.Q2,宽高,金升b↗.4暂.Aa龙猪.主,2,17,213,True
2020/2/28,-15.24,-15.24,5.71,b乙↗上24.B3暂,4暂.Aa龙猪.主,升.尾反孕Qv,宽,金升b↗.4暂.Aa龙猪.主,3,18,214,True
2020/3/6,6.95,6.95,12.16,b乙↗上25.A4,0橅.Aa龙猪.主,(升)人.孕孕vo,宽,金升b↗.0橅.Aa龙猪.主,4,19,215,True
2020/3/13,8.31,8.31,12.13,b乙↗上26.A5,0橅.Fa震正〇.主,升.尾连oQ.Q2,,金升b↗.0橅.Fa震正〇.主,5,20,216,True
2020/3/20,-5.47,-5.47,-0.79,b乙↗上27.A6,0橅.Fa震正〇.主,升.尾反孕Qv,,金升b↗.0橅.Fa震正〇.主,6,21,217,True
2020/3/27,-15.58,-15.58,-2.43,c丙↘下28.Y,5蛀.Fe震正根.破,跌.尾连vW.W2,,金升c↘.被3v,-1,22,218,True
2020/4/3,-3.43,-3.43,-1.1,c丙↘下29.Z-2,5蛀.Fe震正根.破,跌.尾连WW.W3,,金升c↘.被3v,-2,23,219,True
2020/4/10,0.11,0.11,5.95,z丁↘忑-1.Z-3,5蛀.__Fa震正〇._破,跌.尾反孕Wo,,嘘待z↘,-3,-1,220,True
2020/4/17,1.83,1.83,5.49,z丁↘忑-2.Z-4,7姗.__Fa震正〇._破,升.尾连oQ.Q2,,嘘待z↘,-4,-2,221,True
2020/4/24,-8.31,-8.31,1.57,z丁↘忑-3.Z-5,7姗.__Bd龙管杂._破,(升)人.连后吞QV,,嘘待z↘,-5,-3,222,True
2020/4/30,2.2,2.2,2.69,z丁↘忑-4.Z-6,7姗.__Bd龙管杂._初,(升)人.连后吞QVo,,嘘待z↘,-6,-4,223,True
2020/5/8,3.95,3.95,6.35,z丁↘忑-5.Z-7,6娝.__Bc龙管栅._初,升.尾连oQ.Q2,,嘘待z↘,-7,-5,224,True
2020/5/15,2.65,2.65,4.15,y戊↘忠-6.I,4蛀.__Be龙管根._初,升.尾连QQ.Q3,,嘘待y↘,1,-6,225,True
2020/5/22,-1.23,-1.23,4.83,y戊↘忠-7.B2,4蛀.__Fe震正根._初,升.尾反孕Qv,,嘘待y↘,2,-7,226,True
2020/5/29,-7.39,-7.39,1.82,y戊↘忑-8.Y暂,5暂.__Fa震正〇._初,跌.尾连vW.W2,,嘘待y↘,-1,-8,227,True
2020/6/5,6.99,6.99,9.69,y戊↘忑-9.Z-2暂,5暂.__Fa震正〇._初,跌.尾反孕Wo,,嘘待y↘,-2,-9,228,True
2020/6/12,-3.21,-3.21,1.26,y戊↘忑-10.Z-3暂,5暂.__Fa震正〇._初,(跌)人.孕孕ov,,嘘待y↘,-3,-10,229,True
2020/6/19,2.25,2.25,3.67,y戊↘忠-11.I暂,4暂.__Fe震正根._初,(人)人.孕孕vo,,嘘待y↘,1,-11,230,True
2020/6/24,1.27,1.27,3.48,y戊↘忠-12.B2暂,4暂.__Fe震正根._初,升.尾连oQ.Q2,,嘘待y↘,2,-12,231,True
2020/7/3,3.09,3.09,3.55,r己↗忐-13.B3暂,4暂.Df头负.储,升.尾连QQ.Q3,连3,金升r↗.4暂.Df头负.储.口1v,3,1,232,True
2020/7/10,8.44,8.44,12.76,a甲↗上1.A4,0橅.Aa龙猪.初,升.尾连QQ.Q4,连4,金升a↗.0橅.Aa龙猪.初,4,2,233,True
2020/7/17,-7.57,-7.57,5.32,a甲↗上2.A5,1柜.Aa龙猪.初,(升)人.连后吞QV,,金升a↗.1柜.Aa龙猪.初,5,3,234,True
2020/7/24,-2.99,-2.99,5.98,c丙↘下3.Y,5蛀.Fe震正根.破,跌.尾连VW.W2,,金升c↘.被3v,-1,4,235,True
2020/7/31,0.8,0.8,2.28,c丙↘下4.Z-2,5蛀.__Df头负._破,跌.尾反孕Wo,,嘘待c↘.逃4v,-2,-1,236,True
2020/8/7,4.64,4.64,9.51,b乙↗上5.I暂,4暂.Dd头正芽.再B,升.尾连oQ.Q2,,金升b↗.4暂.Dd头正芽.再B,1,1,237,True
2020/8/14,-3.57,-3.57,1.95,b乙→中6.Y暂,5暂.De头正根.再B,升.尾反孕Qv,,金升b→.5暂.De头正根.再B,-1,2,238,True
2020/8/21,-2.92,-2.92,3.25,z丁↘忑-1.Z-2暂,5暂.__Fa震正〇._破,跌.尾连vW.W2,,嘘待z↘,-2,-1,239,True
2020/8/28,8.9,8.9,10.4,a甲↗上1.I暂,4暂.Dd头正芽.再D,(跌)人.连后吞WO,,金升a↗.4暂.Dd头正芽.再D,1,1,240,True
2020/9/4,5.63,5.63,7.43,a甲↗上2.B2暂,4暂.Dd头正芽.再D,升.尾连OQ.Q2,,金升a↗.4暂.Dd头正芽.再D,2,2,241,True
2020/9/11,-13.87,-13.87,10.25,c丙↘下3.Y暂,5暂.__Df头负._破,(升)人.连后吞QV,,嘘待c↘.逃4v,-1,-1,242,True
2020/9/18,9.45,9.45,11.67,b乙↗上4.I暂,4暂.Aa龙猪.再C,(升)人.连后吞QVo,,金升b↗.4暂.Aa龙猪.再C,1,1,243,True
2020/9/25,-10.02,-10.02,1.71,z丁↘忑-1.Y暂,5暂.__Aa龙猪._破,跌.尾吞oV,,嘘待z↘,-1,-1,244,True
2020/9/30,-2.84,-2.84,0.83,z丁↘忑-2.Z-2暂,5暂.__Aa龙猪._初,跌.尾连VW.W2,,尿降z↘,-2,-2,245,True
2020/10/9,3.54,3.54,4.39,z丁↘忑-3.Z-3暂,5暂.__Aa龙猪._初,(跌)人.连后吞WO,,尿降z↘,-3,-3,246,True
2020/10/16,4.59,4.59,5.77,y戊↘忠-4.I暂,4暂.__Be龙管根._初,升.尾连OQ.Q2,,嘘待y↘,1,-4,247,True
2020/10/23,5.97,5.97,8,r己↗忐-5.B2暂,4暂.Df头负.储,升.尾连QQ.Q3,连3,金升r↗.4暂.Df头负.储.口1v,2,1,248,True
2020/10/30,0.21,0.21,4.99,a甲↗上1.B3暂,4暂.Dd头正芽.初,升.尾连QQ.Q4,连4,金升a↗.4暂.Dd头正芽.初,3,2,249,True
2020/11/6,4.24,4.24,8.48,a甲↗上2.A4,0橅.Dd头正芽.初,升.尾连QQ.Q5,连5,金升a↗.0橅.Dd头正芽.初,4,3,250,True
2020/11/13,-7.22,-7.22,5.9,a甲↗上3.A5,1柜.Dd头正芽.初,(升)人.连后吞QV,,金升a↗.1柜.Dd头正芽.初,5,4,251,True
2020/11/20,-4.28,-4.28,0.55,c丙↘下4.Y,5蛀.__Df头负._破,跌.尾连VW.W2,,嘘待c↘.逃4v,-1,-1,252,True
2020/11/27,-3.55,-3.55,1.03,z丁↘忑-1.Z-2,5蛀.__Fa震正〇._初,跌.尾连WW.W3,,尿降z↘,-2,-2,253,True
2020/12/4,3.21,3.21,4.28,z丁↘忑-2.Z-3,5蛀.__Fa震正〇._初,跌.尾反孕Wo,,尿降z↘,-3,-3,254,True
2020/12/11,-10.13,-10.13,1.15,z丁↘忑-3.Z-4,9妩.__Aa龙猪._初,跌.尾吞oV,,尿降z↘,-4,-4,255,True
2020/12/18,-0.38,-0.38,1.54,z丁↘忑-4.Z-5,9妩.__Aa龙猪._初,跌.尾连VW.W2,,尿降z↘,-5,-5,256,True
2020/12/25,-5.78,-5.78,1.8,z丁↘忑-5.Z-6,9妩.__Aa龙猪._初,跌.尾连WW.W3,,尿降z↘,-6,-6,257,True
2020/12/31,2.32,2.32,2.86,z丁↘忑-6.Z-7,9妩.__Aa龙猪._初,跌.尾反孕Wo,,尿降z↘,-7,-7,258,True
2021/1/8,-12,-12,2,z丁↘忑-7.Z-8,9妩.__Aa龙猪._主,跌.尾吞oV,,屎降z↘,-8,-8,259,True
2021/1/15,0.61,0.61,3.18,z丁↘忑-8.Z-9,9妩.__Aa龙猪._主,跌.尾反孕oVo,,屎降z↘,-9,-9,260,True
2021/1/22,-0.15,-0.15,4.82,z丁↘忑-9.Z-10,9妩.__Aa龙猪._主,(跌)人.孕孕ov,,屎降z↘,-10,-10,261,True
2021/1/29,-5.43,-5.43,0.3,z丁↘忑-10.Z-11,9妩.__Aa龙猪._主,跌.尾连vW.W2,,屎降z↘,-11,-11,262,True
2021/2/5,-11.32,-11.32,0.96,z丁↘忑-11.Z-12,9妩.__Aa龙猪._主,跌.尾连WW.W3,,屎降z↘,-12,-12,263,True
2021/2/10,3.06,3.06,7.19,z丁↘忑-12.Z-13,9妩.__Aa龙猪._主,跌.尾反孕Wo,,屎降z↘,-13,-13,264,True
2021/2/19,7.33,7.33,7.68,z丁↘忑-13.Z-14,7姗.__Bd龙管杂._主,升.尾连oQ.Q2,,屎降z↘,-14,-14,265,True
2021/2/26,2.93,2.93,5.69,y戊↘忠-14.I,4蛀.__Be龙管根._主,升.尾连QQ.Q3,,屎降y↘,1,-15,266,True
2021/3/5,2.84,2.84,3.32,y戊↘忠-15.B2,4蛀.__Fe震正根._主,升.尾连QQ.Q4,,屎降y↘,2,-16,267,True
2021/3/12,-9.06,-9.06,3.38,y戊↘忑-16.Y暂,5暂.__Fa震正〇._主,(升)人.连后吞QV,,屎降y↘,-1,-17,268,True
2021/3/19,0,0,3.38,y戊↘忑-17.Z-2暂,5暂.__Fa震正〇._主,(升)人.连后吞QVo,,屎降y↘,-2,-18,269,True
2021/3/26,5.24,5.24,5.91,y戊↘忠-18.I暂,4暂.__Fe震正根._主,升.尾连oQ.Q2,,屎降y↘,1,-19,270,True
2021/4/2,2.09,2.09,3.21,y戊↘忠-19.B2暂,4暂.__Fe震正根._主,升.尾连QQ.Q3,,屎降y↘,2,-20,271,True
2021/4/9,-2.83,-2.83,1.89,y戊↘忠-20.B3暂,4暂.__Fe震正根._主,(升)人.连后吞QV,,屎降y↘,3,-21,272,True
2021/4/16,1.13,1.13,1.62,y戊↘忠-21.A4,1柜.__Fe震正根._主,(升)人.连后吞QVo,,屎降y↘,4,-22,273,True
2021/4/23,0.8,0.8,1.76,y戊↘忠-22.A5,1柜.__Fe震正根._主,升.尾连oQ.Q2,,屎降y↘,5,-23,274,True
2021/4/30,0.32,0.32,4.44,y戊↘忠-23.A6,1柜.__Fe震正根._主,升.尾连QQ.Q3,,屎降y↘,6,-24,275,True
2021/5/7,1.27,1.27,2.22,r己↗忐-24.A7,0橅.__Fe震正根.储,升.尾连QQ.Q4,,屎降r↗.0橅.__Fe震正根.储.魅6v,7,-25,276,True
2021/5/14,8.91,8.91,8.91,a甲↗上1.A8,0橅.__Ff震负.储,升.尾连QQ.Q5,,屎降a↗.0橅.__Ff震负.储.魅6w,8,-26,277,True
2021/5/21,-5.16,-5.16,3.44,a甲↗上2.A9,0橅.__Ff震负.储,升.尾反孕Qv,,屎降a↗.0橅.__Ff震负.储.魅6w,9,-27,278,True
2021/5/28,6.51,6.51,12.25,a甲↗上3.A10,0橅.Aa龙猪.储,升.尾吞vO,,唏待a↗.0橅.Aa龙猪.储,10,1,279,True
2021/6/4,-0.85,-0.85,3.55,a甲↗上4.A11,0橅.Aa龙猪.储,升.尾反孕vOv,,唏待a↗.0橅.Aa龙猪.储,11,2,280,True
2021/6/11,7.45,7.45,11.46,a甲↗上5.A12,0橅.Aa龙猪.初,升.尾吞vO,,唏待a↗.0橅.Aa龙猪.初,12,3,281,True
2021/6/18,2.53,2.53,5.07,a甲↗上6.A13,0橅.Aa龙猪.初,升.尾连OQ.Q2,,银升a↗.0橅.Aa龙猪.初,13,4,282,True
2021/6/25,-2.34,-2.34,11.83,a甲↗上7.A14,1柜.Aa龙猪.初,(升)人.连后吞QV,,银升a↗.1柜.Aa龙猪.初,14,5,283,True
2021/7/2,-4.13,-4.13,6.79,a甲↗上8.A15,2栅.Bc龙管栅.初,跌.尾连VW.W2,,唏待a↗.2栅.Bc龙管栅.初,15,6,284,True
2021/7/9,8.19,8.19,10.56,a甲↗上9.A16,2栅.Bc龙管栅.初,(跌)人.连后吞WO,,银升a↗.2栅.Bc龙管栅.初,16,7,285,True
2021/7/16,-3.59,-3.59,4.75,a甲↗上10.A17,2栅.Fa震正〇.初,(跌)人.连后吞WOv,,银升a↗.2栅.Fa震正〇.初,17,8,286,True
2021/7/23,6.66,6.66,9.59,a甲↗上11.A18,2栅.Fa震正〇.初,升.尾吞vO,,银升a↗.2栅.Fa震正〇.初,18,9,287,True
2021/7/30,6.24,6.24,7.24,a甲↗上12.A19,0橅.Fa震正〇.主,升.尾连OQ.Q2,,银升a↗.0橅.Fa震正〇.主,19,10,288,True
2021/8/6,2.59,2.59,4.7,a甲↗上13.A20,0橅.Aa龙猪.主,升.尾连QQ.Q3,连3,银升a↗.0橅.Aa龙猪.主,20,11,289,True
2021/8/13,0.11,0.11,3.55,a甲↗上14.A21,0橅.Aa龙猪.主,升.尾连QQ.Q4,连4,银升a↗.0橅.Aa龙猪.主,21,12,290,True
2021/8/20,-7.55,-7.55,1.95,a甲↗上15.A22,1柜.Aa龙猪.主,(升)人.连后吞QV,,银升a↗.1柜.Aa龙猪.主,22,13,291,True
2021/8/27,7.92,7.92,17.45,a甲↗上16.A23,1柜.Aa龙猪.主,(人)人.吞吞* VO,高,银升a↗.1柜.Aa龙猪.主,23,14,292,True
2021/9/3,-8.03,-8.03,2.52,b乙→中17.Y,5蛀.Be龙管根.主,(人)人.吞吞* OV,,银升b→.5蛀.Be龙管根.主,-1,15,293,True
2021/9/10,-1.5,-1.5,3.87,b乙→中18.Z-2,5蛀.Be龙管根.主,跌.尾连VW.W2,,银升b→.5蛀.Be龙管根.主,-2,16,294,True
2021/9/17,-7.72,-7.72,-0.89,c丙↘下19.Z-3,5蛀.__Df头负._破,跌.尾连WW.W3,,屎降c↘.逃4v,-3,-1,295,True
2021/9/24,-1.1,-1.1,2.47,z丁↘忑-1.Z-4,9妩.__Aa龙猪._破,跌.尾连WW.W4,,屎降z↘,-4,-2,296,True
2021/9/30,-3.05,-3.05,1.39,z丁↘忑-2.Z-5,9妩.__Aa龙猪._初,跌.尾连WW.W5,,屎降z↘,-5,-3,297,True
2021/10/8,2.15,2.15,2.86,z丁↘忑-3.Z-6,9妩.__Aa龙猪._初,跌.尾反孕Wo,,屎降z↘,-6,-4,298,True
2021/10/15,0,0,1.12,z丁↘忑-4.Z-7,7姗.__Bd龙管杂._初,升.尾连oQ.Q2,,屎降z↘,-7,-5,299,True
2021/10/22,-6.86,-6.86,1.54,z丁↘忑-5.Z-8,7姗.__Bd龙管杂._初,(升)人.连后吞QV,,屎降z↘,-8,-6,300,True
2021/10/29,-1.05,-1.05,1.95,z丁↘忑-6.Z-9,7姗.__Bd龙管杂._初,跌.尾连VW.W2,,屎降z↘,-9,-7,301,True
2021/11/5,4.56,4.56,6.08,z丁↘忑-7.Z-10,7姗.__Bd龙管杂._初,(跌)人.连后吞WO,,屎降z↘,-10,-8,302,True
2021/11/12,6.25,6.25,6.98,y戊↘忠-8.I,4蛀.__Be龙管根._初,升.尾连OQ.Q2,,屎降y↘,1,-9,303,True
2021/11/19,1.23,1.23,3.69,r己↗忐-9.B2,4蛀.__Fe震正根.储,升.尾连QQ.Q3,,屎降r↗.4蛀.__Fe震正根.储.魅6v,2,-10,304,True
2021/11/26,0.54,0.54,5.68,r己↗忐-10.B3,4蛀.Df头负.储,升.尾连QQ.Q4,连4,唏待r↗.4蛀.Df头负.储.口1v,3,1,305,True
2021/12/3,0.94,0.94,4.84,r己↗忐-11.A4,0橅.Df头负.储,升.尾连QQ.Q5,连5,唏待r↗.0橅.Df头负.储.口1v,4,2,306,True
2021/12/10,-3.86,-3.86,1.33,a甲↗上1.A5,1柜.__Ff震负.储,(升)人.连后吞QV,,屎降a↗.1柜.__Ff震负.储.魅6v,5,-1,307,True
2021/12/17,4.57,4.57,7.48,a甲↗上2.A6,1柜.Fa震正〇.储,(升)人.连后吞QVo,,唏待a↗.1柜.Fa震正〇.储,6,1,308,True
2021/12/24,-2.12,-2.12,2.78,a甲↗上3.A7,1柜.Fa震正〇.初,(人)人.孕孕vo,,唏待a↗.1柜.Fa震正〇.初,7,2,309,True
2021/12/31,6.22,6.22,10.15,a甲↗上4.A8,1柜.Aa龙猪.初,升.尾吞vO,,银升a↗.1柜.Aa龙猪.初,8,3,310,True
2022/1/7,-2.29,-2.29,3.31,a甲↗上5.A9,0橅.Aa龙猪.初,升.尾反孕vOv,,银升a↗.0橅.Aa龙猪.初,9,4,311,True
2022/1/14,2.61,2.61,4.95,a甲↗上6.A10,0橅.Aa龙猪.初,升.尾吞vO,,银升a↗.0橅.Aa龙猪.初,10,5,312,True
2022/1/21,-0.76,-0.76,4.45,a甲↗上7.A11,1柜.Aa龙猪.初,(升)人.吞吞vOV,,银升a↗.1柜.Aa龙猪.初,11,6,313,True
2022/1/28,-7.94,-7.94,1.79,c丙↘下8.Y,5蛀.__Df头负._破,跌.尾连VW.W2,,屎降c↘.逃4v,-1,-1,314,True
2022/2/11,6.26,6.26,11.4,b乙→中9.Z-2,5蛀.Be龙管根.再B,跌.尾反孕Wo,,银升b→.5蛀.Be龙管根.再B,-2,1,315,True
2022/2/18,1.96,1.96,2.49,b乙↗上10.I暂,4暂.Dd头正芽.再B,升.尾连oQ.Q2,,银升b↗.4暂.Dd头正芽.再B,1,2,316,True
2022/2/25,1.41,1.41,4.36,b乙↗上11.B2暂,4暂.Dd头正芽.再B,升.尾连QQ.Q3,连3,银升b↗.4暂.Dd头正芽.再B,2,3,317,True
2022/3/4,-6.08,-6.08,0.63,c丙↘下12.Y暂,5暂.Fe震正根.破,(升)人.连后吞QV,,银升c↘.被3v,-1,4,318,True
2022/3/11,1.62,1.62,2.56,c丙↘下13.Z-2暂,5暂.Fe震正根.破,(升)人.连后吞QVo,,银升c↘.被3v,-2,5,319,True
2022/3/18,2.12,2.12,4.24,b乙↗上14.I暂,4暂.Dd头正芽.再B,升.尾连oQ.Q2,,银升b↗.4暂.Dd头正芽.再B,1,6,320,True
2022/3/25,2.99,2.99,5.71,b乙↗上15.B2暂,4暂.Dd头正芽.再B,升.尾连QQ.Q3,连3,金升b↗.4暂.Dd头正芽.再B,2,7,321,True
2022/4/1,-4.54,-4.54,3.53,b乙→中16.Y暂,5暂.De头正根.再B,(升)人.连后吞QV,,金升b→.5暂.De头正根.再B,-1,8,322,True
2022/4/8,-5.28,-5.28,3.7,z丁↘忑-1.Z-2暂,5暂.__Fa震正〇._破,跌.尾连VW.W2,,屎降z↘,-2,-1,323,True
2022/4/15,-11.02,-11.02,-0.14,z丁↘忑-2.Z-3暂,5暂.__Aa龙猪._初,跌.尾连WW.W3,,屎降z↘,-3,-2,324,True
2022/4/22,-5.96,-5.96,3.61,z丁↘忑-3.Z-4,9妩.__Aa龙猪._初,跌.尾连WW.W4,,屎降z↘,-4,-3,325,True
2022/4/29,-1.17,-1.17,3.67,z丁↘忑-4.Z-5,9妩.__Aa龙猪._初,跌.尾连WW.W5,,屎降z↘,-5,-4,326,True
2022/5/6,-1.69,-1.69,1.52,z丁↘忑-5.Z-6,9妩.__Aa龙猪._初,跌.尾连WW.W6,,屎降z↘,-6,-5,327,True
2022/5/13,4.97,4.97,7.38,z丁↘忑-6.Z-7,8姖.__Aa龙猪._主,(跌)人.连后吞WO,,屎降z↘,-7,-6,328,True
2022/5/20,1.47,1.47,2.45,z丁↘忑-7.Z-8,7姗.__Fa震正〇._主,升.尾连OQ.Q2,,屎降z↘,-8,-7,329,True
2022/5/27,-1.13,-1.13,1.13,z丁↘忑-8.Z-9,7姗.__Fa震正〇._主,升.尾反孕Qv,,屎降z↘,-9,-8,330,True
2022/6/2,4.56,4.56,4.72,y戊↘忠-9.I,4蛀.__Fe震正根._主,升.尾吞vO,,屎降y↘,1,-9,331,True
2022/6/10,-1.71,-1.71,2.49,y戊↘忠-10.B2,4蛀.__Fe震正根._主,升.尾反孕vOv,,屎降y↘,2,-10,332,True
2022/6/17,1.9,1.9,3.17,y戊↘忠-11.B3,4蛀.__Fe震正根._主,(升)人.孕孕vo,,屎降y↘,3,-11,333,True
2022/6/24,2.18,2.18,3.42,r己↗忐-12.A4,0橅.__Fe震正根.储,升.尾连oQ.Q2,,屎降r↗.0橅.__Fe震正根.储.魅6v,4,-12,334,True
2022/7/1,2.13,2.13,8.68,r己↗忐-13.A5,0橅.__Fe震正根.储,升.尾连QQ.Q3,,屎降r↗.0橅.__Fe震正根.储.魅6v,5,-13,335,True
2022/7/8,0.3,0.3,1.49,r己↗忐-14.A6,0橅.__Fe震正根.储,升.尾连QQ.Q4,,屎降r↗.0橅.__Fe震正根.储.魅6v,6,-14,336,True
2022/7/15,-6.98,-6.98,-0.15,y戊↘忑-15.Y,5蛀.__Fa震正〇._再B,(升)人.连后吞QV,,屎降y↘,-1,-15,337,True
2022/7/22,5.27,5.27,7.51,r己↗忐-16.I暂,4暂.__Fe震正根.储,(升)人.连后吞QVo,,屎降r↗.4暂.__Fe震正根.储.魅6v,1,-16,338,True
2022/7/29,2.58,2.58,5.16,a甲↗上1.B2暂,4暂.__Ff震负.储,升.尾连oQ.Q2,,屎降a↗.4暂.__Ff震负.储.魅6w,2,-17,339,True
2022/8/5,6.51,6.51,7.4,a甲↗上2.B3暂,4暂.Aa龙猪.储,升.尾连QQ.Q3,连3,唏待a↗.4暂.Aa龙猪.储,3,1,340,True
2022/8/12,-1.81,-1.81,1.67,a甲↗上3.A4,0橅.Aa龙猪.初,升.尾反孕Qv,,唏待a↗.0橅.Aa龙猪.初,4,2,341,True
2022/8/19,-1.27,-1.27,4.1,a甲↗上4.A5,2栅.Bc龙管栅.初,跌.尾连vW.W2,,唏待a↗.2栅.Bc龙管栅.初,5,3,342,True
2022/8/26,-3.3,-3.3,12.61,b乙→中5.Y,5蛀.Be龙管根.初,跌.尾连WW.W3,,唏待b→.5蛀.Be龙管根.初,-1,4,343,True
2022/9/2,2.96,2.96,3.26,b乙↗上6.I暂,4暂.Aa龙猪.初,跌.尾反孕Wo,,唏待b↗.4暂.Aa龙猪.初,1,5,344,True
2022/9/9,-2.45,-2.45,1.29,b乙→中7.Y暂,5暂.Be龙管根.初,(跌)人.孕孕ov,,唏待b→.5暂.Be龙管根.初,-1,6,345,True
2022/9/16,-6.93,-6.93,2.36,z丁↘忑-1.Z-2暂,5暂.__Fa震正〇._再D,跌.尾连vW.W2,,屎降z↘,-2,-1,346,True
2022/9/23,-2.22,-2.22,0.48,z丁↘忑-2.Z-3暂,5暂.__Aa龙猪._再D,跌.尾连WW.W3,,屎降z↘,-3,-2,347,True
2022/9/30,-5.51,-5.51,0,z丁↘忑-3.Z-4,9妩.__Aa龙猪._再D,跌.尾连WW.W4,,屎降z↘,-4,-3,348,True
2022/10/14,4.46,4.46,5.15,z丁↘忑-4.Z-5,9妩.__Aa龙猪._再D,跌.尾反孕Wo,,屎降z↘,-5,-4,349,True
2022/10/21,3.28,3.28,4.43,z丁↘忑-5.Z-6,7姗.__Bd龙管杂._主,升.尾连oQ.Q2,,屎降z↘,-6,-5,350,True
2022/10/28,-1.27,-1.27,2.86,z丁↘忑-6.Z-7,7姗.__Bd龙管杂._主,升.尾反孕Qv,,屎降z↘,-7,-6,351,True
2022/11/4,6.44,6.44,7.41,r己↗忐-7.I,4蛀.__Fe震正根.储,升.尾吞vO,,屎降r↗.4蛀.__Fe震正根.储.魅6v,1,-7,352,True
2022/11/11,-1.06,-1.06,4.39,r己↗忐-8.B2,4蛀.__Fe震正根.储,升.尾反孕vOv,,屎降r↗.4蛀.__Fe震正根.储.魅6v,2,-8,353,True
2022/11/18,3.52,3.52,6.42,a甲↗上1.B3,4蛀.Dd头正芽.储,升.尾吞vO,,唏待a↗.4蛀.Dd头正芽.储,3,1,354,True
2022/11/25,-4.14,-4.14,0.44,a甲↗上2.A4,1柜.__Ff震负.储,(升)人.吞吞vOV,,屎降a↗.1柜.__Ff震负.储.魅6w,4,-1,355,True
2022/12/2,4.01,4.01,4.31,a甲↗上3.A5,1柜.Dd头正芽.储,(人)人.吞吞* VO,,唏待a↗.1柜.Dd头正芽.储,5,1,356,True
2022/12/9,-2.67,-2.67,1.63,a甲↗上4.A6,1柜.Dd头正芽.储,(人)人.吞吞* VO,,唏待a↗.1柜.Dd头正芽.储,6,2,357,True
2022/12/16,4.72,4.72,9.44,a甲↗上5.A7,1柜.Aa龙猪.初,升.尾吞vO,,唏待a↗.1柜.Aa龙猪.初,7,3,358,True
2022/12/23,-10.9,-10.9,0.29,c丙↘下6.Y,5蛀.__Df头负._再D,(升)人.吞吞vOV,,屎降c↘.逃5I,-1,-1,359,True
2022/12/30,-1.96,-1.96,2.28,z丁↘忑-1.Z-2,5蛀.__Aa龙猪._再D,跌.尾连VW.W2,,屎降z↘,-2,-2,360,True
2023/1/6,5.32,5.32,5.66,z丁↘忑-2.Z-3,5蛀.__Aa龙猪._再D,(跌)人.连后吞WO,,屎降z↘,-3,-3,361,True
2023/1/13,-1.74,-1.74,1.11,z丁↘忑-3.Z-4,8姖.__Aa龙猪._再D,(跌)人.连后吞WOv,,屎降z↘,-4,-4,362,True
2023/1/20,4.66,4.66,5.31,r己↗忐-4.I,4蛀.__Fe震正根.储,升.尾吞vO,,屎降r↗.4蛀.__Fe震正根.储.魅6v,1,-5,363,True
2023/2/3,6.45,6.45,6.76,a甲↗上1.B2,4蛀.Dd头正芽.储,升.尾连OQ.Q2,,银升a↗.4蛀.Dd头正芽.储,2,1,364,True
2023/2/10,2.74,2.74,5.19,a甲↗上2.B3,4蛀.Aa龙猪.初,升.尾连QQ.Q3,连3,银升a↗.4蛀.Aa龙猪.初,3,2,365,True
2023/2/17,-1.97,-1.97,5.9,a甲↗上3.A4,0橅.Aa龙猪.初,升.尾反孕Qv,,银升a↗.0橅.Aa龙猪.初,4,3,366,True
2023/2/24,2.87,2.87,10.89,a甲↗上4.A5,0橅.Aa龙猪.初,升.尾吞vO,,银升a↗.0橅.Aa龙猪.初,5,4,367,True
2023/3/3,6.41,6.41,8.5,a甲↗上5.A6,0橅.Aa龙猪.初,升.尾连OQ.Q2,,银升a↗.0橅.Aa龙猪.初,6,5,368,True
2023/3/10,-1.96,-1.96,2.49,a甲↗上6.A7,0橅.Aa龙猪.初,升.尾反孕Qv,,银升a↗.0橅.Aa龙猪.初,7,6,369,True
2023/3/17,1.07,1.07,2.4,a甲↗上7.A8,0橅.Aa龙猪.主,(升)人.孕孕vo,,银升a↗.0橅.Aa龙猪.主,8,7,370,True
2023/3/24,6.61,6.61,6.87,a甲↗上8.A9,0橅.Aa龙猪.主,升.尾连oQ.Q2,,金升a↗.0橅.Aa龙猪.主,9,8,371,True
2023/3/31,0.62,0.62,3.47,a甲↗上9.A10,0橅.Aa龙猪.主,升.尾连QQ.Q3,连3,金升a↗.0橅.Aa龙猪.主,10,9,372,True
2023/4/7,25.37,25.37,25.37,a甲↗上10.A11,0橅.Aa龙猪.主,升.尾连QQ.Q4,宽高连4,金升a↗.0橅.Aa龙猪.主,11,10,373,True
2023/4/14,-3.24,-3.24,9.63,a甲↗上11.A12,0橅.Aa龙猪.主,升.尾反孕Qv,宽,金升a↗.0橅.Aa龙猪.主,12,11,374,True
2023/4/21,-10.36,-10.36,-0.61,a甲↗上12.A13,2栅.Bc龙管栅.主,跌.尾连vW.W2,宽,金升a↗.2栅.Bc龙管栅.主,13,12,375,True
2023/4/28,-6.12,-6.12,1.81,b乙→中13.Y,5蛀.Be龙管根.主,跌.尾连WW.W3,宽,金升b→.5蛀.Be龙管根.主,-1,13,376,True
2023/5/5,-1.33,-1.33,2.29,b乙→中14.Z-2,5蛀.Fe震正根.主,跌.尾连WW.W4,宽,金升b→.5蛀.Fe震正根.主,-2,14,377,True
2023/5/12,-5.38,-5.38,1.96,c丙↘下15.Z-3,5蛀.Fe震正根.破,跌.尾连WW.W5,宽,金升c↘.被3v,-3,15,378,True
2023/5/19,10.59,10.59,12.02,b乙→中16.Z-4,8姖.De头正根.再B,(跌)人.连后吞WO,,金升b→.8姖.De头正根.再B,-4,16,379,True
2023/5/26,0.82,0.82,2.1,b乙↗上17.I,4蛀.Dd头正芽.再B,升.尾连OQ.Q2,,金升b↗.4蛀.Dd头正芽.再B,1,17,380,True
2023/6/2,4.98,4.98,15.76,b乙↗上18.B2,4蛀.Dd头正芽.再B,升.尾连QQ.Q3,高连3,金升b↗.4蛀.Dd头正芽.再B,2,18,381,True
2023/6/9,14.46,14.46,19.98,b乙↗上19.B3,4蛀.Dd头正芽.再B,升.尾连QQ.Q4,高连4,金升b↗.4蛀.Dd头正芽.再B,3,19,382,True
2023/6/16,-0.58,-0.58,7.52,b乙↗上20.A4,0橅.Dd头正芽.再B,升.尾反孕Qv,,金升b↗.0橅.Dd头正芽.再B,4,20,383,True
2023/6/21,-7.66,-7.66,1.94,b乙↗上21.A5,2栅.Dd头正芽.主,跌.尾连vW.W2,,金升b↗.2栅.Dd头正芽.主,5,21,384,True
2023/6/30,-5.04,-5.04,-0.11,b乙→中22.Y,5蛀.De头正根.主,跌.尾连WW.W3,,金升b→.5蛀.De头正根.主,-1,22,385,True
2023/7/7,-5.53,-5.53,0,c丙↘下23.Z-2,5蛀.Fe震正根.破,跌.尾连WW.W4,,金升c↘.被3v,-2,23,386,True
2023/7/14,9.13,9.13,10.54,b乙→中24.Z-3,5蛀.De头正根.再B,(跌)人.连后吞WO,宽,金升b→.5蛀.De头正根.再B,-3,24,387,True
2023/7/21,-8.69,-8.69,3.65,c丙↘下25.Z-4,8姖.Fe震正根.破,(人)人.吞吞* OV,,金升c↘.被3v,-4,25,388,True
2023/7/28,-3.29,-3.29,2.47,z丁↘忑-1.Z-5,8姖.__Fa震正〇._破,跌.尾连VW.W2,,嘘待z↘,-5,-1,389,True
2023/8/4,2.55,2.55,3.16,z丁↘忑-2.Z-6,6娝.__Fa震正〇._破,(跌)人.连后吞WO,,嘘待z↘,-6,-2,390,True
2023/8/11,-5.33,-5.33,0.71,z丁↘忑-3.Z-7,8姖.__Aa龙猪._破,(人)人.吞吞* OV,,嘘待z↘,-7,-3,391,True
2023/8/18,-2.5,-2.5,1.63,z丁↘忑-4.Z-8,8姖.__Aa龙猪._初,跌.尾连VW.W2,,嘘待z↘,-8,-4,392,True
2023/8/25,-4.11,-4.11,3.34,z丁↘忑-5.Z-9,8姖.__Aa龙猪._初,跌.尾连WW.W3,,尿降z↘,-9,-5,393,True
2023/9/1,9.5,9.5,10.98,z丁↘忑-6.Z-10,8姖.__Aa龙猪._初,(跌)人.连后吞WO,,嘘待z↘,-10,-6,394,True
2023/9/8,4.65,4.65,5.87,r己↗忐-7.I,4蛀.Df头负.再D,升.尾连OQ.Q2,,金升r↗.4蛀.Df头负.再D.口2i,1,1,395,True
2023/9/15,-3.27,-3.27,1.87,y戊↘忠-8.B2,4蛀.Ff震负.再D,升.尾反孕Qv,,金升y↘.警3u,2,2,396,True
2023/9/22,-1.45,-1.45,-0.6,y戊↘忠-9.B3,4蛀.__Fe震正根._初,跌.尾连vW.W2,,嘘待y↘,3,-1,397,True
2023/9/28,0.12,0.12,0.74,y戊↘忑-10.Y暂,5暂.__Fa震正〇._初,跌.尾反孕Wo,,嘘待y↘,-1,-2,398,True
2023/10/13,5.63,5.63,9.67,r己↗忐-11.I暂,4暂.Df头负.再D,升.尾连oQ.Q2,,金升r↗.4暂.Df头负.再D.口2i,1,1,399,True
2023/10/20,-2.32,-2.32,4.29,r己↗忐-12.B2暂,4暂.Df头负.再D,升.尾反孕Qv,,金升r↗.4暂.Df头负.再D.口2I,2,2,400,True
2023/10/27,-1.19,-1.19,1.54,r己↗忐-13.B3暂,4暂.Df头负.再D,跌.尾连vW.W2,,金升r↗.4暂.Df头负.再D.口2I,3,3,401,True
2023/11/3,7.92,7.92,8.76,a甲↗上1.A4,2栅.Bc龙管栅.再D,(跌)人.连后吞WO,,金升a↗.2栅.Bc龙管栅.再D,4,4,402,True
2023/11/10,1.56,1.56,5.9,a甲↗上2.A5,2栅.Bc龙管栅.再D,升.尾连OQ.Q2,,金升a↗.2栅.Bc龙管栅.再D,5,5,403,True
2023/11/17,1.42,1.42,3.29,a甲↗上3.A6,2栅.Bc龙管栅.再D,升.尾连QQ.Q3,连3,金升a↗.2栅.Bc龙管栅.再D,6,6,404,True
2023/11/24,-6.26,-6.26,1.62,a甲↗上4.A7,1柜.Aa龙猪.再D,(升)人.连后吞QV,,金升a↗.1柜.Aa龙猪.再D,7,7,405,True
2023/12/1,4.84,4.84,15.55,a甲↗上5.A8,1柜.Aa龙猪.主,(升)人.连后吞QVo,高,金升a↗.1柜.Aa龙猪.主,8,8,406,True
2023/12/8,-4.07,-4.07,3.19,b乙→中6.Y,5蛀.Be龙管根.主,跌.尾吞oV,,金升b→.5蛀.Be龙管根.主,-1,9,407,True
2023/12/15,-1.6,-1.6,3.89,c丙↘下7.Z-2,5蛀.Fe震正根.破,跌.尾连VW.W2,,金升c↘.被3v,-2,10,408,True
2023/12/22,-3.96,-3.96,-0.12,c丙↘下8.Z-3,5蛀.__Df头负._破,跌.尾连WW.W3,,嘘待c↘.逃4v,-3,-1,409,True
2023/12/29,2.3,2.3,2.67,z丁↘忑-1.Z-4,9妩.__Aa龙猪._破,跌.尾反孕Wo,,嘘待z↘,-4,-2,410,True
2024/1/5,-4.98,-4.98,0.59,z丁↘忑-2.Z-5,9妩.__Aa龙猪._初,跌.尾吞oV,,尿降z↘,-5,-3,411,True
2024/1/12,-2.37,-2.37,0.12,z丁↘忑-3.Z-6,9妩.__Aa龙猪._初,跌.尾连VW.W2,,尿降z↘,-6,-4,412,True
2024/1/19,-5.87,-5.87,1.28,z丁↘忑-4.Z-7,9妩.__Aa龙猪._初,跌.尾连WW.W3,,尿降z↘,-7,-5,413,True
2024/1/26,-2.71,-2.71,1.49,z丁↘忑-5.Z-8,9妩.__Aa龙猪._初,跌.尾连WW.W4,,尿降z↘,-8,-6,414,True
2024/2/2,-22.73,-22.73,0.42,z丁↘忑-6.Z-9,9妩.__Aa龙猪._初,跌.尾连WW.W5,,尿降z↘,-9,-7,415,True
2024/2/8,-5.96,-5.96,-0.36,z丁↘忑-7.Z-10,9妩.__Aa龙猪._主,跌.尾连WW.W6,,屎降z↘,-10,-8,416,True
2024/2/23,28.02,28.02,28.02,z丁↘忑-8.Z-11,8姖.__Aa龙猪._主,(跌)人.连后吞WO,,屎降z↘,-11,-9,417,True
2024/3/1,2.55,2.55,6,y戊↘忠-9.I,4蛀.__Be龙管根._主,升.尾连OQ.Q2,,屎降y↘,1,-10,418,True
2024/3/8,2.49,2.49,2.49,y戊↘忠-10.B2,4蛀.__Fe震正根._主,升.尾连QQ.Q3,,屎降y↘,2,-11,419,True
2024/3/15,9.99,9.99,11.41,r己↗忐-11.B3,4蛀.__Fe震正根.储,升.尾连QQ.Q4,,屎降r↗.4蛀.__Fe震正根.储.魅6v,3,-12,420,True
2024/3/22,1.3,1.3,9.34,r己↗忐-12.A4,0橅.Df头负.储,升.尾连QQ.Q5,连5,唏待r↗.0橅.Df头负.储.口1v,4,1,421,True
2024/3/29,-7.43,-7.43,0.64,r己↗忐-13.A5,1柜.__Fe震正根.储,(升)人.连后吞QV,,屎降r↗.1柜.__Fe震正根.储.魅6v,5,-1,422,True
2024/4/3,-2.49,-2.49,3.46,y戊↘忑-14.Y,5蛀.__Fa震正〇._再B,跌.尾连VW.W2,,屎降y↘,-1,-2,423,True
2024/4/12,-5.67,-5.67,0.71,y戊↘忑-15.Z-2,5蛀.__Fa震正〇._再B,跌.尾连WW.W3,,屎降y↘,-2,-3,424,True
2024/4/19,-5.26,-5.26,3.76,y戊↘忑-16.Z-3,5蛀.__Fa震正〇._再B,跌.尾连WW.W4,,屎降y↘,-3,-4,425,True
2024/4/26,13.97,13.97,17.46,y戊↘忠-17.I暂,4暂.__Fe震正根._再B,(跌)人.连后吞WO,,屎降y↘,1,-5,426,True
2024/4/30,4.04,4.04,5.43,r己↗忐-18.B2暂,4暂.__Fe震正根.储,升.尾连OQ.Q2,,屎降r↗.4暂.__Fe震正根.储.魅6v,2,-6,427,True
2024/5/10,-0.27,-0.27,1.87,a甲↗上1.B3暂,4暂.__Ff震负.储,升.尾反孕Qv,,屎降a↗.4暂.__Ff震负.储.魅6w,3,-7,428,True
2024/5/17,4.83,4.83,7.52,a甲↗上2.A4,0橅.Dd头正芽.储,升.尾吞vO,,银升a↗.0橅.Dd头正芽.储,4,1,429,True
2024/5/24,-2.18,-2.18,3.33,a甲↗上3.A5,0橅.Dd头正芽.储,升.尾反孕vOv,,唏待a↗.0橅.Dd头正芽.储,5,2,430,True
2024/5/31,5.63,5.63,7.72,a甲↗上4.A6,0橅.Aa龙猪.初,升.尾吞vO,,银升a↗.0橅.Aa龙猪.初,6,3,431,True
2024/6/7,-7.93,-7.93,5.95,b乙→中5.Y,5蛀.Be龙管根.初,(升)人.吞吞vOV,,唏待b→.5蛀.Be龙管根.初,-1,4,432,True
2024/6/14,7.67,7.67,9.42,b乙↗上6.I暂,4暂.Aa龙猪.初,(升)人.吞吞vOVo,,银升b↗.4暂.Aa龙猪.初,1,5,433,True
2024/6/21,5.62,5.62,5.75,b乙↗上7.B2暂,4暂.Aa龙猪.初,升.尾连oQ.Q2,,银升b↗.4暂.Aa龙猪.初,2,6,434,True
2024/6/28,-5.09,-5.09,-0.47,b乙↗上8.B3暂,4暂.Fa震正〇.初,升.尾反孕Qv,,银升b↗.4暂.Fa震正〇.初,3,7,435,True
2024/7/5,-9.6,-9.6,0,c丙↘下9.Y暂,5暂.__Df头负._破,跌.尾连vW.W2,,屎降c↘.逃4v,-1,-1,436,True
2024/7/12,1.38,1.38,5.79,c丙↘下10.Z-2暂,5暂.__Df头负._破,跌.尾反孕Wo,,屎降c↘.逃4v,-2,-2,437,True
2024/7/19,-3.67,-3.67,0.95,z丁↘忑-1.Z-3暂,5暂.__Aa龙猪._初,跌.尾吞oV,,屎降z↘,-3,-3,438,True
2024/7/26,7.77,7.77,18.93,z丁↘忑-2.Z-4,8姖.__Aa龙猪._初,(跌)人.吞吞oVO,,屎降z↘,-4,-4,439,True
2024/8/2,1.05,1.05,6.16,r己↗忐-3.I,4蛀.Df头负.储,升.尾连OQ.Q2,,唏待r↗.4蛀.Df头负.储.口1v,1,1,440,True
2024/8/9,7.91,7.91,20.62,a甲↗上1.B2,4蛀.Aa龙猪.初,升.尾连QQ.Q3,高连3,银升a↗.4蛀.Aa龙猪.初,2,2,441,True
2024/8/16,7.09,7.09,9.5,a甲↗上2.B3,4蛀.Aa龙猪.初,升.尾连QQ.Q4,连4,银升a↗.4蛀.Aa龙猪.初,3,3,442,True
2024/8/23,-3.25,-3.25,-0.56,a甲↗上3.A4,0橅.Aa龙猪.初,升.尾反孕Qv,,金升a↗.0橅.Aa龙猪.初,4,4,443,True
2024/8/30,9.4,9.4,9.51,a甲↗上4.A5,0橅.Aa龙猪.初,升.尾吞vO,,金升a↗.0橅.Aa龙猪.初,5,5,444,True
2024/9/6,-10.18,-10.18,0.74,a甲↗上5.A6,1柜.Aa龙猪.主,(升)人.吞吞vOV,,金升a↗.1柜.Aa龙猪.主,6,6,445,True
2024/9/13,-2.83,-2.83,-0.47,b乙→中6.Y,5蛀.Be龙管根.主,跌.尾连VW.W2,,金升b→.5蛀.Be龙管根.主,-1,7,446,True
2024/9/20,6.2,6.2,8.87,b乙↗上7.I暂,4暂.Aa龙猪.主,(跌)人.连后吞WO,,金升b↗.4暂.Aa龙猪.主,1,8,447,True
2024/9/27,16.36,16.36,18.54,b乙↗上8.B2暂,4暂.Aa龙猪.主,升.尾连OQ.Q2,高,金升b↗.4暂.Aa龙猪.主,2,9,448,True
2024/9/30,19.96,19.96,19.96,b乙↗上9.B3暂,4暂.Aa龙猪.主,升.尾连QQ.Q3,宽高连3,金升b↗.4暂.Aa龙猪.主,3,10,449,True
2024/10/11,26.89,26.89,44.1,b乙↗上10.A4,0橅.Aa龙猪.主,升.尾连QQ.Q4,宽高连4,金升b↗.0橅.Aa龙猪.主,4,11,450,True
2024/10/18,4.52,4.52,27.26,b乙↗上11.A5,0橅.Aa龙猪.主,升.尾连QQ.Q5,宽高连5,金升b↗.0橅.Aa龙猪.主,5,12,451,True
2024/10/25,-3.96,-3.96,8.28,b乙↗上12.A6,1柜.Aa龙猪.主,(升)人.连后吞QV,宽,金升b↗.1柜.Aa龙猪.主,6,13,452,True
2024/11/1,-13,-13,11.33,b乙↗上13.A7,2栅.Bc龙管栅.主,跌.尾连VW.W2,宽,金升b↗.2栅.Bc龙管栅.主,7,14,453,True
2024/11/8,6.14,6.14,8.51,b乙↗上14.A8,2栅.Fa震正〇.主,跌.尾反孕Wo,宽,金升b↗.2栅.Fa震正〇.主,8,15,454,True
2024/11/15,7.53,7.53,37.28,b乙↗上15.A9,2栅.Bc龙管栅.主,升.尾连oQ.Q2,宽高,金升b↗.2栅.Bc龙管栅.主,9,16,455,True
2024/11/22,-7.97,-7.97,2.14,b乙↗上16.A10,2栅.Bc龙管栅.主,(升)人.连后吞QV,宽,金升b↗.2栅.Bc龙管栅.主,10,17,456,True
2024/11/29,0.7,0.7,1.83,b乙→中17.Y,5蛀.Be龙管根.主,(升)人.连后吞QVo,宽,金升b→.5蛀.Be龙管根.主,-1,18,457,True
2024/12/6,5.24,5.24,16.29,b乙↗上18.I暂,4暂.Fd震正芽.主,升.尾连oQ.Q2,宽高,金升b↗.4暂.Fd震正芽.主,1,19,458,True
2024/12/13,76.94,76.94,76.94,b乙↗上19.B2暂,4暂.Aa龙猪.主,升.尾连QQ.Q3,宽高连3,金升b↗.4暂.Aa龙猪.主,2,20,459,True
2024/12/20,9.31,9.31,19.04,b乙↗上20.B3暂,4暂.Aa龙猪.主,升.尾连QQ.Q4,宽高连4,金升b↗.4暂.Aa龙猪.主,3,21,460,True
2024/12/27,-5.7,-5.7,2.03,b乙↗上21.A4,1柜.Aa龙猪.主,(升)人.连后吞QV,宽,金升b↗.1柜.Aa龙猪.主,4,22,461,True
2025/1/3,7.21,7.21,14.39,b乙↗上22.A5,1柜.Aa龙猪.主,(人)人.吞吞* VO,宽,金升b↗.1柜.Aa龙猪.主,5,23,462,True
2025/1/10,1.16,1.16,10.09,b乙↗上23.A6,1柜.Aa龙猪.主,升.尾连OQ.Q2,宽,金升b↗.1柜.Aa龙猪.主,6,24,463,True
2025/1/17,5.81,5.81,18.21,b乙↗上24.A7,1柜.Aa龙猪.主,升.尾连QQ.Q3,宽高连3,金升b↗.1柜.Aa龙猪.主,7,25,464,True
2025/1/24,4.16,4.16,12.35,b乙↗上25.A8,0橅.Aa龙猪.主,升.尾连QQ.Q4,连4,金升b↗.0橅.Aa龙猪.主,8,26,465,True
2025/1/27,-6.86,-6.86,3.51,b乙↗上26.A9,1柜.Aa龙猪.主,(升)人.连后吞QV,,金升b↗.1柜.Aa龙猪.主,9,27,466,True
2025/2/7,-8.44,-8.44,3.08,b乙→中27.Y,5蛀.Be龙管根.主,跌.尾连VW.W2,,金升b→.5蛀.Be龙管根.主,-1,28,467,True
2025/2/14,-4.11,-4.11,9.86,b乙→中28.Z-2,5蛀.Fe震正根.主,跌.尾连WW.W3,宽,金升b→.5蛀.Fe震正根.主,-2,29,468,True
2025/2/21,1.45,1.45,3.88,b乙→中29.Z-3,5蛀.Fe震正根.主,跌.尾反孕Wo,宽,金升b→.5蛀.Fe震正根.主,-3,30,469,True
2025/2/28,-6.25,-6.25,8.3,c丙↘下30.Z-4,9妩.Fe震正根.破,跌.尾吞oV,宽,金升c↘.被3v,-4,31,470,True
2025/3/7,-3.33,-3.33,3.25,c丙↘下31.Z-5,9妩.Fe震正根.破,跌.尾连VW.W2,,金升c↘.被3v,-5,32,471,True
2025/3/14,-0.04,-0.04,7.09,c丙↘下32.Z-6,9妩.Fe震正根.破,跌.尾连WW.W3,,金升c↘.被3v,-6,33,472,True
2025/3/21,-0.61,-0.61,10.38,z丁↘忑-1.Z-7,9妩.Ff震负.破,跌.尾连WW.W4,,金升z↘.警3w,-7,34,473,True
2025/3/28,-12.36,-12.36,2.49,z丁↘忑-2.Z-8,9妩.Ff震负.破,跌.尾连WW.W5,,金升z↘.警3w,-8,35,474,True
2025/4/3,0.19,0.19,8.66,z丁↘忑-3.Z-9,9妩.__Aa龙猪._破,跌.尾反孕Wo,,嘘待z↘,-9,-1,475,True
2025/4/11,-10.27,-10.27,-7.67,z丁↘忑-4.Z-10,9妩.__Aa龙猪._破,跌.尾吞oV,,嘘待z↘,-10,-2,476,True
2025/4/18,-1.14,-1.14,6.37,z丁↘忑-5.Z-11,9妩.__Aa龙猪._初,跌.尾连VW.W2,,嘘待z↘,-11,-3,477,True
2025/4/25,-0.89,-0.89,4.3,z丁↘忑-6.Z-12,9妩.__Aa龙猪._初,跌.尾连WW.W3,,嘘待z↘,-12,-4,478,True
2025/4/30,5.18,5.18,6.24,z丁↘忑-7.Z-13,8姖.__Fa震正〇._初,(跌)人.连后吞WO,,嘘待z↘,-13,-5,479,True
2025/5/9,1.91,1.91,7.39,z丁↘忑-8.Z-14,7姗.__Fa震正〇._初,升.尾连OQ.Q2,,嘘待z↘,-14,-6,480,True
2025/5/16,-5.37,-5.37,0.69,z丁↘忑-9.Z-15,7姗.__Fa震正〇._初,(升)人.连后吞QV,,嘘待z↘,-15,-7,481,True
2025/5/23,-4.85,-4.85,2.45,z丁↘忑-10.Z-16,7姗.__Fa震正〇._初,跌.尾连VW.W2,,嘘待z↘,-16,-8,482,True
2025/5/30,6.19,6.19,17.36,z丁↘忑-11.Z-17,7姗.__Fa震正〇._初,(跌)人.连后吞WO,,嘘待z↘,-17,-9,483,True
2025/6/6,3.66,3.66,5.67,y戊↘忠-12.I,4蛀.__Fe震正根._初,升.尾连OQ.Q2,,嘘待y↘,1,-10,484,True
2025/6/13,0.8,0.8,19.95,y戊↘忠-13.B2,4蛀.__Fe震正根._初,升.尾连QQ.Q3,,嘘待y↘,2,-11,485,True
2025/6/20,-3.16,-3.16,5.58,y戊↘忠-14.B3,4蛀.__Fe震正根._主,(升)人.连后吞QV,,嘘待y↘,3,-12,486,True
2025/6/27,7.39,7.39,9.63,r己↗忐-15.A4,1柜.__Fe震正根.储,(人)人.吞吞* VO,,嘘待r↗.1柜.__Fe震正根.储.魅6v,4,-13,487,True
2025/7/4,-3.51,-3.51,3.61,y戊↘忠-16.A5,1柜.__Fe震正根._再B,(人)人.吞吞* VO,,嘘待y↘,5,-14,488,True
2025/7/11,-0.1,-0.1,1.03,y戊↘忠-17.A6,2栅.__Fe震正根._再B,跌.尾连vW.W2,,嘘待y↘,6,-15,489,True
2025/7/18,0.54,0.54,2.07,y戊↘忠-18.A7,2栅.__Fe震正根._再B,(跌)人.连后吞WO,,嘘待y↘,7,-16,490,True
2025/7/25,1.76,1.76,2.01,r己↗忐-19.A8,2栅.__Fe震正根.储,升.尾连OQ.Q2,,嘘待r↗.2栅.__Fe震正根.储.魅6v,8,-17,491,True
2025/8/1,-4.19,-4.19,2.5,y戊↘忑-20.Y,5蛀.__Fa震正〇._再B,(升)人.连后吞QV,,嘘待y↘,-1,-18,492,True
2025/8/8,1,1,5.17,y戊↘忑-21.Z-2,5蛀.__Fa震正〇._再B,(升)人.连后吞QVo,,嘘待y↘,-2,-19,493,True
2025/8/15,6.71,6.71,7.06,a甲↗上1.I暂,4暂.Dd头正芽.储,升.尾连oQ.Q2,,金升a↗.4暂.Dd头正芽.储,1,1,494,True
2025/8/22,6.8,6.8,9.23,a甲↗上2.B2暂,4暂.Aa龙猪.初,升.尾连QQ.Q3,连3,金升a↗.4暂.Aa龙猪.初,2,2,495,True
2025/8/29,4.54,4.54,15.36,a甲↗上3.B3暂,4暂.Aa龙猪.初,升.尾连QQ.Q4,高连4,金升a↗.4暂.Aa龙猪.初,3,3,496,True
2025/9/5,-10.85,-10.85,4.05,a甲↗上4.A4,1柜.Aa龙猪.初,(升)人.连后吞QV,,金升a↗.1柜.Aa龙猪.初,4,4,497,True
2025/9/12,2.43,2.43,3.84,a甲↗上5.A5,1柜.Aa龙猪.初,(升)人.连后吞QVo,,金升a↗.1柜.Aa龙猪.初,5,5,498,True
2025/9/19,-2.29,-2.29,3.43,b乙→中6.Y,5蛀.Fe震正根.主,(人)人.孕孕vo,宽,金升b→.5蛀.Fe震正根.主,-1,6,499,True
2025/9/26,4.07,4.07,19.93,b乙↗上7.I暂,4暂.Fd震正芽.主,(人)人.孕孕vo,高,金升b↗.4暂.Fd震正芽.主,1,7,500,True
2025/9/30,5.66,5.66,7.24,b乙↗上8.B2暂,4暂.Fd震正芽.主,升.尾连oQ.Q2,,金升b↗.4暂.Fd震正芽.主,2,8,501,True
2025/10/10,-5.78,-5.78,2.3,b乙↗上9.B3暂,4暂.Fd震正芽.主,(升)人.连后吞QV,,金升b↗.4暂.Fd震正芽.主,3,9,502,True
2025/10/17,-12.05,-12.05,-0.54,c丙↘下10.Y暂,5暂.__Df头负._破,跌.尾连VW.W2,,嘘待c↘.逃4v,-1,-1,503,True
2025/10/24,4.36,4.36,4.77,z丁↘忑-1.Z-2暂,5暂.__Aa龙猪._初,跌.尾反孕Wo,,嘘待z↘,-2,-2,504,True
2025/10/31,-0.05,-0.05,3.94,z丁↘忑-2.Z-3暂,5暂.__Aa龙猪._初,(跌)人.孕孕ov,,嘘待z↘,-3,-3,505,True
2025/11/7,-3.35,-3.35,1.48,z丁↘忑-3.Z-4,9妩.__Aa龙猪._初,跌.尾连vW.W2,,嘘待z↘,-4,-4,506,True
2025/11/14,-1.27,-1.27,1.43,z丁↘忑-4.Z-5,9妩.__Aa龙猪._初,跌.尾连WW.W3,,嘘待z↘,-5,-5,507,True
2025/11/21,-4.54,-4.54,3.09,z丁↘忑-5.Z-6,9妩.__Aa龙猪._初,跌.尾连WW.W4,,尿降z↘,-6,-6,508,True
2025/11/28,10.8,10.8,12.7,y戊↘忠-6.I,4蛀.__Be龙管根._初,(跌)人.连后吞WO,,嘘待y↘,1,-7,509,True
2025/12/5,-2.54,-2.54,9.56,y戊↘忠-7.B2,4蛀.__Be龙管根._主,(跌)人.连后吞WOv,,嘘待y↘,2,-8,510,True
2025/12/12,-3.1,-3.1,1.15,y戊↘忑-8.Y暂,5暂.__Aa龙猪._主,跌.尾连vW.W2,,嘘待y↘,-1,-9,511,True
2025/12/19,-2.12,-2.12,7.64,y戊↘忑-9.Z-2暂,5暂.__Aa龙猪._主,跌.尾连WW.W3,,尿降y↘,-2,-10,512,True
2025/12/26,-1.05,-1.05,0.84,y戊↘忑-10.Z-3暂,5暂.__Aa龙猪._主,跌.尾连WW.W4,,尿降y↘,-3,-11,513,True
2025/12/31,6.93,6.93,9.86,y戊↘忠-11.I暂,4暂.__Be龙管根._主,(跌)人.连后吞WO,,嘘待y↘,1,-12,514,True
2026/1/9,9.32,9.32,9.32,r己↗忐-12.B2暂,4暂.Df头负.储,升.尾连OQ.Q2,,金升r↗.4暂.Df头负.储.口1v,2,1,515,True
2026/1/16,-2.74,-2.74,8.76,a甲↗上1.B3暂,4暂.Aa龙猪.储,升.尾反孕Qv,,金升a↗.4暂.Aa龙猪.储,3,2,516,True
2026/1/23,-2.16,-2.16,-0.05,a甲↗上2.A4,2栅.Bc龙管栅.初,跌.尾连vW.W2,,金升a↗.2栅.Bc龙管栅.初,4,3,517,True
2026/1/30,-6.66,-6.66,0.72,c丙↘下3.Y,5蛀.__Df头负._再D,跌.尾连WW.W3,,嘘待c↘.逃5I,-1,-1,518,True
2026/2/6,-1.95,-1.95,1.39,z丁↘忑-1.Z-2,5蛀.__Fa震正〇._再D,跌.尾连WW.W4,,尿降z↘,-2,-2,519,True
2026/2/13,10.37,10.37,13.09,a甲↗上1.I暂,4暂.Dd头正芽.储,(跌)人.连后吞WO,,金升a↗.4暂.Dd头正芽.储,1,1,520,True
2026/2/27,-3.8,-3.8,0.38,a甲↗上2.B2暂,4暂.__Ff震负.储,(跌)人.连后吞WOv,,嘘待a↗.4暂.__Ff震负.储.魅6w,2,-1,521,True
2026/3/6,-11.44,-11.44,-1.38,z丁↘忑-1.Y暂,5暂.__Aa龙猪._再D,跌.尾连vW.W2,,尿降z↘,-1,-2,522,True
2026/3/13,-3.23,-3.23,2.73,z丁↘忑-2.Z-2暂,5暂.__Aa龙猪._再D,跌.尾连WW.W3,,尿降z↘,-2,-3,523,True
2026/3/20,-5.75,-5.75,2.19,z丁↘忑-3.Z-3暂,5暂.__Aa龙猪._再D,跌.尾连WW.W4,,尿降z↘,-3,-4,524,True
2026/3/27,-6.11,-6.11,-3.3,z丁↘忑-4.Z-4,9妩.__Aa龙猪._再D,跌.尾连WW.W5,,尿降z↘,-4,-5,525,True
2026/4/3,-5.2,-5.2,0.65,z丁↘忑-5.Z-5,9妩.__Aa龙猪._主,跌.尾连WW.W6,,屎降z↘,-5,-6,526,True
2026/4/10,8.16,8.16,10.08,z丁↘忑-6.Z-6,8姖.__Aa龙猪._主,(跌)人.连后吞WO,,屎降z↘,-6,-7,527,True
2026/4/17,1.65,1.65,2.28,z丁↘忑-7.Z-7,7姗.__Bd龙管杂._主,升.尾连OQ.Q2,,屎降z↘,-7,-8,528,True
2026/4/24,-2,-2,1.93,z丁↘忑-8.Z-8,7姗.__Fa震正〇._主,升.尾反孕Qv,,屎降z↘,-8,-9,529,True
2026/4/30,2.93,2.93,3.56,y戊↘忠-9.I,4蛀.__Fe震正根._主,升.尾吞vO,,屎降y↘,1,-10,530,True
2026/5/8,3.46,3.46,4.64,y戊↘忠-10.B2,4蛀.__Fe震正根._主,升.尾连OQ.Q2,,屎降y↘,2,-11,531,True
2026/5/15,-2.21,-2.21,3.71,y戊↘忠-11.B3,4蛀.__Fe震正根._主,(升)人.连后吞QV,,屎降y↘,3,-12,532,True
2026/5/22,3.67,3.67,6.72,y戊↘忠-12.A4,1柜.__Fe震正根._主,(人)人.吞吞* VO,,屎降y↘,4,-13,533,True
2026/5/29,-7.78,-7.78,9.61,y戊↘忑-13.Y,5蛀.__Fa震正〇._主,(人)人.吞吞* OV,,屎降y↘,-1,-14,534,True
2026/6/5,-3.45,-3.45,1.85,y戊↘忑-14.Z-2,5蛀.__Aa龙猪._主,跌.尾连VW.W2,,屎降y↘,-2,-15,535,True
2026/6/12,-12.05,-12.05,-2.25,y戊↘忑-15.Z-3,5蛀.__Aa龙猪._主,跌.尾连WW.W3,,屎降y↘,-3,-16,536,True
2026/6/18,9.94,9.94,11.3,y戊↘忑-16.Z-4,8姖.__Aa龙猪._主,(跌)人.连后吞WO,,屎降y↘,-4,-17,537,True
2026/6/26,-4.86,-4.86,1.58,y戊↘忑-17.Z-5,8姖.__Aa龙猪._主,(跌)人.连后吞WOv,,屎降y↘,-5,-18,538,True
2026/7/3,2.02,2.02,10.73,y戊↘忑-18.Z-6,8姖.__Fa震正〇._主,(人)人.孕孕vo,,屎降y↘,-6,-19,539,True
2026/7/10,-2.54,-2.54,2.61,y戊↘忑-19.Z-7,8姖.__Aa龙猪._主,跌.尾吞oV,,屎降y↘,-7,-20,540,True
