主期,周涨,PR,HR,WXAB,波型,柱排周,盈提示,WXCD,ZA周,ZC周,周龄,周键
2004/8/20,10.71,10.71,15.18,a甲↗上1.I,4蛀.Aa龙猪.初,错.未赋值.Q1,高,金升a↗.4蛀.Aa龙猪.初,1,1,1,True
2004/8/27,4.03,4.03,4.03,a甲↗上2.B2,4蛀.Aa龙猪.初,升.尾连QQ.Q2,,金升a↗.4蛀.Aa龙猪.初,2,2,2,True
2004/9/3,-3.88,-3.88,1.55,a甲↗上3.B3,4蛀.Aa龙猪.初,升.尾反孕Qv,,金升a↗.4蛀.Aa龙猪.初,3,3,3,True
2004/9/10,0.81,0.81,0.81,a甲↗上4.A4,0橅.Aa龙猪.初,(升)人.孕孕vo,,金升a↗.0橅.Aa龙猪.初,4,4,4,True
2004/9/17,12.8,12.8,12.8,a甲↗上5.A5,0橅.Aa龙猪.主,升.尾连oQ.Q2,,金升a↗.0橅.Aa龙猪.主,5,5,5,True
2004/9/24,0.71,0.71,12.06,a甲↗上6.A6,0橅.Aa龙猪.主,升.尾连QQ.Q3,连3,金升a↗.0橅.Aa龙猪.主,6,6,6,True
2004/9/30,7.75,7.75,8.45,a甲↗上7.A7,0橅.Aa龙猪.主,升.尾连QQ.Q4,连4,金升a↗.0橅.Aa龙猪.主,7,7,7,True
2004/10/8,7.19,7.19,8.5,a甲↗上8.A8,0橅.Aa龙猪.主,升.尾连QQ.Q5,连5,金升a↗.0橅.Aa龙猪.主,8,8,8,True
2004/10/15,-4.88,-4.88,3.05,a甲↗上9.A9,0橅.Aa龙猪.主,升.尾反孕Qv,,金升a↗.0橅.Aa龙猪.主,9,9,9,True
2004/10/22,8.97,8.97,9.62,a甲↗上10.A10,0橅.Aa龙猪.主,升.尾吞vO,,金升a↗.0橅.Aa龙猪.主,10,10,10,True
2004/10/29,0,0,3.53,a甲↗上11.A11,0橅.Aa龙猪.主,升.尾连OQ.Q2,,金升a↗.0橅.Aa龙猪.主,11,11,11,True
2004/11/5,-2.94,-2.94,4.12,a甲↗上12.A12,1柜.Aa龙猪.主,(升)人.连后吞QV,,金升a↗.1柜.Aa龙猪.主,12,12,12,True
2004/11/12,12.73,12.73,13.33,a甲↗上13.A13,1柜.Aa龙猪.主,(人)人.吞吞* VO,,金升a↗.1柜.Aa龙猪.主,13,13,13,True
2004/11/19,2.69,2.69,6.45,a甲↗上14.A14,1柜.Aa龙猪.主,升.尾连OQ.Q2,,金升a↗.1柜.Aa龙猪.主,14,14,14,True
2004/11/26,-2.62,-2.62,0.52,a甲↗上15.A15,3桮.Bb龙管杂.主,(升)人.连后吞QV,,金升a↗.3桮.Bb龙管杂.主,15,15,15,True
2004/12/3,-4.84,-4.84,2.69,a甲↗上16.A16,2栅.Bc龙管栅.主,跌.尾连VW.W2,,金升a↗.2栅.Bc龙管栅.主,16,16,16,True
2004/12/10,-2.82,-2.82,0,b乙→中17.Y,5蛀.Fe震正根.主,跌.尾连WW.W3,,金升b→.5蛀.Fe震正根.主,-1,17,17,True
2004/12/17,-4.65,-4.65,-0.58,b乙→中18.Z-2,5蛀.Fe震正根.主,跌.尾连WW.W4,,金升b→.5蛀.Fe震正根.主,-2,18,18,True
2004/12/24,1.83,1.83,3.66,c丙↘下19.Z-3,5蛀.Fe震正根.破,跌.尾反孕Wo,,金升c↘.被3v,-3,19,19,True
2004/12/31,4.19,4.19,5.39,b乙→中20.Z-4,7姗.De头正根.再B,升.尾连oQ.Q2,,金升b→.7姗.De头正根.再B,-4,20,20,True
2005/1/7,-13.22,-13.22,-1.15,c丙↘下21.Z-5,7姗.Fe震正根.破,(升)人.连后吞QV,,金升c↘.被3v,-5,21,21,True
2005/1/14,0.66,0.66,1.99,z丁↘忑-1.Z-6,7姗.__Bd龙管杂._破,(升)人.连后吞QVo,,嘘待z↘,-6,-1,22,True
2005/1/21,-6.58,-6.58,-0.66,z丁↘忑-2.Z-7,7姗.__Bd龙管杂._破,跌.尾吞oV,,嘘待z↘,-7,-2,23,True
2005/1/28,-2.11,-2.11,2.11,z丁↘忑-3.Z-8,9妩.__Aa龙猪._初,跌.尾连VW.W2,,尿降z↘,-8,-3,24,True
2005/2/4,13.67,13.67,14.39,y戊↘忠-4.I,4蛀.__Be龙管根._初,(跌)人.连后吞WO,,嘘待y↘,1,-4,25,True
2005/2/18,-1.9,-1.9,1.27,y戊↘忠-5.B2,4蛀.Ff震负.再D,(跌)人.连后吞WOv,,金升y↘.警3u,2,1,26,True
2005/2/25,5.16,5.16,8.39,r己↗忐-6.B3,4蛀.Df头负.再D,升.尾吞vO,,金升r↗.4蛀.Df头负.再D.口2I,3,2,27,True
2005/3/4,-6.75,-6.75,0.61,y戊↘忑-7.Y暂,5暂.Ff震负.破,(升)人.吞吞vOV,,金升y↘.警3w,-1,3,28,True
2005/3/11,0,0,5.26,y戊↘忑-8.Z-2暂,5暂.__Fa震正〇._破,(升)人.吞吞vOVo,,嘘待y↘,-2,-1,29,True
2005/3/18,-7.24,-7.24,4.61,y戊↘忑-9.Z-3暂,5暂.__Fa震正〇._初,跌.尾吞oV,,嘘待y↘,-3,-2,30,True
2005/3/25,0,0,4.96,y戊↘忑-10.Z-4,9妩.__Fa震正〇._初,跌.尾反孕oVo,,尿降y↘,-4,-3,31,True
2005/4/1,7.09,7.09,9.22,y戊↘忑-11.Z-5,7姗.__Fa震正〇._初,升.尾连oQ.Q2,,嘘待y↘,-5,-4,32,True
2005/4/8,5.3,5.3,11.26,r己↗忐-12.I,4蛀.Df头负.储,升.尾连QQ.Q3,连3,金升r↗.4蛀.Df头负.储.口1v,1,1,33,True
2005/4/15,-6.29,-6.29,1.89,y戊↘忠-13.B2,4蛀.__Fe震正根._初,升.尾反孕Qv,,嘘待y↘,2,-1,34,True
2005/4/22,-4.7,-4.7,-1.34,y戊↘忑-14.Y暂,5暂.__Fa震正〇._初,跌.尾连vW.W2,,嘘待y↘,-1,-2,35,True
2005/4/29,-5.63,-5.63,-0.7,y戊↘忑-15.Z-2暂,5暂.__Aa龙猪._再B,跌.尾连WW.W3,,尿降y↘,-2,-3,36,True
2005/5/13,-6.72,-6.72,1.49,y戊↘忑-16.Z-3暂,5暂.__Aa龙猪._再B,跌.尾连WW.W4,,尿降y↘,-3,-4,37,True
2005/5/19,-10.4,-10.4,0,y戊↘忑-17.Z-4,9妩.__Aa龙猪._再B,跌.尾连WW.W5,,尿降y↘,-4,-5,38,True
2005/5/27,-7.14,-7.14,0,y戊↘忑-18.Z-5,9妩.__Aa龙猪._主,跌.尾连WW.W6,,尿降y↘,-5,-6,39,True
2005/6/3,-7.69,-7.69,3.85,y戊↘忑-19.Z-6,9妩.__Aa龙猪._主,跌.尾连WW.W7,,尿降y↘,-6,-7,40,True
2005/6/10,16.67,16.67,26.04,y戊↘忑-20.Z-7,8姖.__Aa龙猪._主,(跌)人.连后吞WO,,屎降y↘,-7,-8,41,True
2005/6/17,-11.61,-11.61,3.57,y戊↘忑-21.Z-8,8姖.__Aa龙猪._主,(跌)人.连后吞WOv,,屎降y↘,-8,-9,42,True
2005/6/24,7.07,7.07,12.12,y戊↘忑-22.Z-9,8姖.__Aa龙猪._主,(人)人.孕孕vo,,屎降y↘,-9,-10,43,True
2005/7/1,-8.49,-8.49,6.6,y戊↘忑-23.Z-10,8姖.__Fa震正〇._主,跌.尾吞oV,,屎降y↘,-10,-11,44,True
2005/7/8,-11.34,-11.34,1.03,y戊↘忑-24.Z-11,9妩.__Aa龙猪._主,跌.尾连VW.W2,,屎降y↘,-11,-12,45,True
2005/7/15,-5.81,-5.81,3.49,y戊↘忑-25.Z-12,9妩.__Aa龙猪._主,跌.尾连WW.W3,,屎降y↘,-12,-13,46,True
2005/7/22,3.7,3.7,8.64,y戊↘忑-26.Z-13,9妩.__Aa龙猪._主,跌.尾反孕Wo,,屎降y↘,-13,-14,47,True
2005/7/29,5.95,5.95,9.52,y戊↘忑-27.Z-14,7姗.__Bd龙管杂._主,升.尾连oQ.Q2,,屎降y↘,-14,-15,48,True
2005/8/5,6.74,6.74,6.74,y戊↘忠-28.I,4蛀.__Be龙管根._主,升.尾连QQ.Q3,,屎降y↘,1,-16,49,True
2005/8/12,2.11,2.11,7.37,y戊↘忠-29.B2,4蛀.__Fe震正根._主,升.尾连QQ.Q4,,屎降y↘,2,-17,50,True
2005/8/19,-5.15,-5.15,4.12,y戊↘忠-30.B3,4蛀.__Fe震正根._主,(升)人.连后吞QV,,屎降y↘,3,-18,51,True
2005/8/26,-5.43,-5.43,3.26,y戊↘忑-31.Y暂,5暂.__Fa震正〇._主,跌.尾连VW.W2,,屎降y↘,-1,-19,52,True
2005/9/2,2.3,2.3,3.45,y戊↘忑-32.Z-2暂,5暂.__Fa震正〇._主,跌.尾反孕Wo,,屎降y↘,-2,-20,53,True
2005/9/9,8.99,8.99,11.24,y戊↘忠-33.I暂,4暂.__Fe震正根._主,升.尾连oQ.Q2,,屎降y↘,1,-21,54,True
2005/9/16,2.06,2.06,3.09,r己↗忐-34.B2暂,4暂.__Fe震正根.储,升.尾连QQ.Q3,,屎降r↗.4暂.__Fe震正根.储.魅6v,2,-22,55,True
2005/9/23,-7.07,-7.07,1.01,y戊↘忠-35.B3暂,4暂.__Fe震正根._再B,(升)人.连后吞QV,,屎降y↘,3,-23,56,True
2005/9/30,4.35,4.35,4.35,y戊↘忠-36.A4,1柜.__Fe震正根._再B,(升)人.连后吞QVo,,屎降y↘,4,-24,57,True
2005/10/14,3.13,3.12,6.25,r己↗忐-37.A5,1柜.__Fe震正根.储,升.尾连oQ.Q2,,屎降r↗.1柜.__Fe震正根.储.魅6v,5,-25,58,True
2005/10/21,-3.03,-3.03,2.02,r己↗忐-38.A6,1柜.__Fe震正根.储,升.尾反孕Qv,,屎降r↗.1柜.__Fe震正根.储.魅6v,6,-26,59,True
2005/10/27,-7.29,-7.29,1.04,y戊↘忑-39.Y,5蛀.__Fa震正〇._再B,跌.尾连vW.W2,,屎降y↘,-1,-27,60,True
2005/11/4,-4.49,-4.49,-1.12,y戊↘忑-40.Z-2,5蛀.__Aa龙猪._再B,跌.尾连WW.W3,,屎降y↘,-2,-28,61,True
2005/11/11,4.71,4.71,9.41,y戊↘忑-41.Z-3,5蛀.__Aa龙猪._再B,(跌)人.连后吞WO,,屎降y↘,-3,-29,62,True
2005/11/18,4.49,4.49,5.62,y戊↘忠-42.I暂,4暂.__Be龙管根._再B,升.尾连OQ.Q2,,屎降y↘,1,-30,63,True
2005/11/25,-1.08,-1.08,0,y戊↘忠-43.B2暂,4暂.__Fe震正根._再B,升.尾反孕Qv,,屎降y↘,2,-31,64,True
2005/12/2,-2.17,-2.17,1.09,y戊↘忑-44.Y暂,5暂.__Fa震正〇._主,跌.尾连vW.W2,,屎降y↘,-1,-32,65,True
2005/12/9,-1.11,-1.11,1.11,y戊↘忑-45.Z-2暂,5暂.__Fa震正〇._主,跌.尾连WW.W3,,屎降y↘,-2,-33,66,True
2005/12/16,2.25,2.25,3.37,y戊↘忑-46.Z-3暂,5暂.__Fa震正〇._主,(跌)人.连后吞WO,,屎降y↘,-3,-34,67,True
2005/12/30,13.19,13.19,15.38,a甲↗上1.I暂,4暂.Aa龙猪.储,升.尾连OQ.Q2,高,唏待a↗.4暂.Aa龙猪.储,1,1,68,True
2006/1/6,2.91,2.91,3.88,a甲↗上2.B2暂,4暂.Aa龙猪.储,升.尾连QQ.Q3,连3,唏待a↗.4暂.Aa龙猪.储,2,2,69,True
2006/1/9,7.55,7.55,8.49,a甲↗上3.B3暂,4暂.Aa龙猪.初,升.尾连QQ.Q4,连4,唏待a↗.4暂.Aa龙猪.初,3,3,70,True
2006/2/17,16.67,16.67,28.95,a甲↗上4.A4,0橅.Aa龙猪.初,升.尾连QQ.Q5,宽高连5,银升a↗.0橅.Aa龙猪.初,4,4,71,True
2006/2/24,-0.75,-0.75,3.76,a甲↗上5.A5,1柜.Aa龙猪.初,(升)人.连后吞QV,宽,银升a↗.1柜.Aa龙猪.初,5,5,72,True
2006/3/3,-1.52,-1.52,1.52,a甲↗上6.A6,2栅.Bc龙管栅.初,跌.尾连VW.W2,宽,银升a↗.2栅.Bc龙管栅.初,6,6,73,True
2006/3/10,-7.69,-7.69,0.77,a甲↗上7.A7,3桮.Fa震正〇.初,跌.尾连WW.W3,,银升a↗.3桮.Fa震正〇.初,7,7,74,True
2006/3/17,1.67,1.67,4.17,a甲↗上8.A8,3桮.Fa震正〇.主,跌.尾反孕Wo,,银升a↗.3桮.Fa震正〇.主,8,8,75,True
2006/3/24,3.28,3.28,6.56,a甲↗上9.A9,3桮.Fa震正〇.主,升.尾连oQ.Q2,,银升a↗.3桮.Fa震正〇.主,9,9,76,True
2006/3/31,4.76,4.76,4.76,a甲↗上10.A10,2栅.Fa震正〇.主,升.尾连QQ.Q3,连3,银升a↗.2栅.Fa震正〇.主,10,10,77,True
2006/4/7,0,0,6.06,a甲↗上11.A11,0橅.Fa震正〇.主,升.尾连QQ.Q4,连4,银升a↗.0橅.Fa震正〇.主,11,11,78,True
2006/4/14,3.03,3.03,9.09,a甲↗上12.A12,0橅.Fa震正〇.主,升.尾连QQ.Q5,连5,银升a↗.0橅.Fa震正〇.主,12,12,79,True
2006/4/21,1.47,1.47,3.68,a甲↗上13.A13,0橅.Fa震正〇.主,升.尾连QQ.Q6,连6,银升a↗.0橅.Fa震正〇.主,13,13,80,True
2006/4/28,-6.52,-6.52,2.17,b乙→中14.Y,5蛀.Fe震正根.主,(升)人.连后吞QV,,银升b→.5蛀.Fe震正根.主,-1,14,81,True
2006/5/12,11.63,11.63,15.5,b乙↗上15.I暂,4暂.Aa龙猪.主,(人)人.吞吞* VO,高,金升b↗.4暂.Aa龙猪.主,1,15,82,True
2006/5/19,1.39,1.39,11.81,b乙↗上16.B2暂,4暂.Aa龙猪.主,升.尾连OQ.Q2,,金升b↗.4暂.Aa龙猪.主,2,16,83,True
2006/5/26,-3.42,-3.42,4.11,b乙↗上17.B3暂,4暂.Aa龙猪.主,(升)人.连后吞QV,,金升b↗.4暂.Aa龙猪.主,3,17,84,True
2006/6/2,2.84,2.84,7.09,b乙↗上18.A4,1柜.Aa龙猪.主,(升)人.连后吞QVo,,金升b↗.1柜.Aa龙猪.主,4,18,85,True
2006/6/9,-6.9,-6.9,4.14,b乙→中19.Y,5蛀.Fe震正根.主,跌.尾吞oV,,金升b→.5蛀.Fe震正根.主,-1,19,86,True
2006/6/16,2.22,2.22,2.96,b乙→中20.Z-2,5蛀.Fe震正根.主,跌.尾反孕oVo,,金升b→.5蛀.Fe震正根.主,-2,20,87,True
2006/6/23,2.9,2.9,7.25,b乙↗上21.I暂,4暂.Fd震正芽.主,升.尾连oQ.Q2,,金升b↗.4暂.Fd震正芽.主,1,21,88,True
2006/6/30,2.82,2.82,3.52,b乙↗上22.B2暂,4暂.Fd震正芽.主,升.尾连QQ.Q3,连3,金升b↗.4暂.Fd震正芽.主,2,22,89,True
2006/7/7,-1.37,-1.37,2.74,b乙↗上23.B3暂,4暂.Fd震正芽.主,升.尾反孕Qv,,金升b↗.4暂.Fd震正芽.主,3,23,90,True
2006/7/14,-6.25,-6.25,2.78,c丙↘下24.Y暂,5暂.Fe震正根.破,跌.尾连vW.W2,,金升c↘.被3v,-1,24,91,True
2006/7/21,0.74,0.74,2.22,c丙↘下25.Z-2暂,5暂.Fe震正根.破,跌.尾反孕Wo,,金升c↘.被3v,-2,25,92,True
2006/7/28,1.47,1.47,2.94,c丙↘下26.Z-3暂,5暂.Fe震正根.破,升.尾连oQ.Q2,,金升c↘.被3v,-3,26,93,True
2006/8/4,-3.62,-3.62,5.8,c丙↘下27.Z-4,7姗.Fe震正根.破,(升)人.连后吞QV,,金升c↘.警3w,-4,27,94,True
2006/8/11,0,0,0.75,z丁↘忑-1.Z-5,7姗.Ff震负.破,(升)人.连后吞QVo,,金升z↘.警3w,-5,28,95,True
2006/8/18,1.5,1.5,4.51,z丁↘忑-2.Z-6,6娝.Ff震负.破,升.尾连oQ.Q2,,金升z↘.警3w,-6,29,96,True
2006/8/25,3.7,3.7,5.19,r己↗忐-3.I,4蛀.Df头负.再C,升.尾连QQ.Q3,连3,金升r↗.4蛀.Df头负.再C.口2I,1,30,97,True
2006/9/1,-1.43,-1.43,3.57,a甲↗上1.B2,4蛀.Dd头正芽.再C,升.尾反孕Qv,,金升a↗.4蛀.Dd头正芽.再C,2,31,98,True
2006/9/8,0,0,2.9,a甲↗上2.B3,4蛀.Dd头正芽.再C,(升)人.孕孕vo,,金升a↗.4蛀.Dd头正芽.再C,3,32,99,True
2006/9/15,1.45,1.45,1.45,a甲↗上3.A4,0橅.Dd头正芽.再C,升.尾连oQ.Q2,,金升a↗.0橅.Dd头正芽.再C,4,33,100,True
2006/9/22,-1.43,-1.43,2.86,a甲↗上4.A5,1柜.Dd头正芽.再C,(升)人.连后吞QV,,金升a↗.1柜.Dd头正芽.再C,5,34,101,True
2006/9/29,2.17,2.17,2.9,a甲↗上5.A6,1柜.Dd头正芽.主,(人)人.吞吞* VO,,金升a↗.1柜.Dd头正芽.主,6,35,102,True
2006/10/13,2.84,2.84,3.55,a甲↗上6.A7,1柜.Aa龙猪.主,升.尾连OQ.Q2,,金升a↗.1柜.Aa龙猪.主,7,36,103,True
2006/10/20,5.52,5.52,8.97,a甲↗上7.A8,1柜.Aa龙猪.主,升.尾连QQ.Q3,连3,金升a↗.1柜.Aa龙猪.主,8,37,104,True
2006/10/27,-1.96,-1.96,5.23,a甲↗上8.A9,0橅.Aa龙猪.主,升.尾反孕Qv,,金升a↗.0橅.Aa龙猪.主,9,38,105,True
2006/11/3,7.33,7.33,8.67,a甲↗上9.A10,0橅.Aa龙猪.主,升.尾吞vO,,金升a↗.0橅.Aa龙猪.主,10,39,106,True
2006/11/10,4.35,4.35,13.66,a甲↗上10.A11,0橅.Aa龙猪.主,升.尾连OQ.Q2,,金升a↗.0橅.Aa龙猪.主,11,40,107,True
2006/11/17,-5.36,-5.36,0,a甲↗上11.A12,1柜.Aa龙猪.主,(升)人.连后吞QV,,金升a↗.1柜.Aa龙猪.主,12,41,108,True
2006/11/24,5.03,5.03,7.55,a甲↗上12.A13,1柜.Aa龙猪.主,(人)人.吞吞* VO,,金升a↗.1柜.Aa龙猪.主,13,42,109,True
2006/12/1,5.99,5.99,7.78,a甲↗上13.A14,1柜.Fa震正〇.主,升.尾连OQ.Q2,,金升a↗.1柜.Fa震正〇.主,14,43,110,True
2006/12/8,-10.17,-10.17,2.26,b乙→中14.Y,5蛀.Fe震正根.主,(升)人.连后吞QV,,金升b→.5蛀.Fe震正根.主,-1,44,111,True
2006/12/15,11.32,11.32,11.32,b乙↗上15.I暂,4暂.Fd震正芽.主,(人)人.吞吞* VO,,金升b↗.4暂.Fd震正芽.主,1,45,112,True
2006/12/22,5.65,5.65,9.6,b乙↗上16.B2暂,4暂.Aa龙猪.主,升.尾连OQ.Q2,,金升b↗.4暂.Aa龙猪.主,2,46,113,True
2006/12/29,-1.6,-1.6,3.21,b乙↗上17.B3暂,4暂.Aa龙猪.主,升.尾反孕Qv,,金升b↗.4暂.Aa龙猪.主,3,47,114,True
2007/1/5,8.15,8.15,8.7,b乙↗上18.A4,0橅.Aa龙猪.主,升.尾吞vO,,金升b↗.0橅.Aa龙猪.主,4,48,115,True
2007/1/12,-0.5,-0.5,13.07,b乙↗上19.A5,0橅.Aa龙猪.主,升.尾反孕vOv,,金升b↗.0橅.Aa龙猪.主,5,49,116,True
2007/1/19,10.1,10.1,10.61,b乙↗上20.A6,0橅.Aa龙猪.主,升.尾吞vO,,金升b↗.0橅.Aa龙猪.主,6,50,117,True
2007/1/26,-1.83,-1.83,6.42,b乙↗上21.A7,0橅.Aa龙猪.主,升.尾反孕vOv,,金升b↗.0橅.Aa龙猪.主,7,51,118,True
2007/2/2,-1.87,-1.87,7.94,b乙↗上22.A8,2栅.Bc龙管栅.主,跌.尾连vW.W2,,金升b↗.2栅.Bc龙管栅.主,8,52,119,True
2007/2/9,4.29,4.29,4.76,b乙↗上23.A9,2栅.Bc龙管栅.主,(跌)人.连后吞WO,,金升b↗.2栅.Bc龙管栅.主,9,53,120,True
2007/2/16,18.26,18.26,24.66,b乙↗上24.A10,2栅.Bc龙管栅.主,升.尾连OQ.Q2,宽高,金升b↗.2栅.Bc龙管栅.主,10,54,121,True
2007/3/2,8.11,8.11,20.08,b乙↗上25.A11,2栅.Bc龙管栅.主,升.尾连QQ.Q3,宽高连3,金升b↗.2栅.Bc龙管栅.主,11,55,122,True
2007/3/9,-5.71,-5.71,-3.93,b乙↗上26.A12,0橅.Aa龙猪.主,升.尾反孕Qv,宽,金升b↗.0橅.Aa龙猪.主,12,56,123,True
2007/3/16,-3.03,-3.03,2.65,b乙↗上27.A13,2栅.Bc龙管栅.主,跌.尾连vW.W2,宽,金升b↗.2栅.Bc龙管栅.主,13,57,124,True
2007/3/23,2.73,2.73,8.59,b乙↗上28.A14,2栅.Fa震正〇.主,(跌)人.连后吞WO,宽,金升b↗.2栅.Fa震正〇.主,14,58,125,True
2007/3/30,-1.14,-1.14,1.9,b乙↗上29.A15,2栅.Fa震正〇.主,(跌)人.连后吞WOv,宽,金升b↗.2栅.Fa震正〇.主,15,59,126,True
2007/4/6,8.85,8.85,9.62,b乙↗上30.A16,2栅.Fa震正〇.主,升.尾吞vO,,金升b↗.2栅.Fa震正〇.主,16,60,127,True
2007/4/13,1.06,1.06,4.24,b乙↗上31.A17,0橅.Fa震正〇.主,升.尾连OQ.Q2,,金升b↗.0橅.Fa震正〇.主,17,61,128,True
2007/4/20,10.49,10.49,15.38,b乙↗上32.A18,0橅.Aa龙猪.主,升.尾连QQ.Q3,高连3,金升b↗.0橅.Aa龙猪.主,18,62,129,True
2007/4/27,-2.53,-2.53,6.65,b乙↗上33.A19,0橅.Aa龙猪.主,升.尾反孕Qv,,金升b↗.0橅.Aa龙猪.主,19,63,130,True
2007/4/30,-1.95,-1.95,-0.65,b乙↗上34.A20,2栅.Bc龙管栅.主,跌.尾连vW.W2,,金升b↗.2栅.Bc龙管栅.主,20,64,131,True
2007/5/11,2.98,2.98,5.3,b乙↗上35.A21,2栅.Bc龙管栅.主,(跌)人.连后吞WO,,金升b↗.2栅.Bc龙管栅.主,21,65,132,True
2007/5/18,12.86,12.86,15.43,b乙↗上36.A22,2栅.Bc龙管栅.主,升.尾连OQ.Q2,高,金升b↗.2栅.Bc龙管栅.主,22,66,133,True
2007/5/25,14.81,14.81,19.09,b乙↗上37.A23,2栅.Bc龙管栅.主,升.尾连QQ.Q3,宽高连3,金升b↗.2栅.Bc龙管栅.主,23,67,134,True
2007/6/1,-1.49,-1.49,11.91,b乙↗上38.A24,0橅.Aa龙猪.主,升.尾反孕Qv,宽,金升b↗.0橅.Aa龙猪.主,24,68,135,True
2007/6/8,8.82,8.82,14.11,b乙↗上39.A25,0橅.Aa龙猪.主,升.尾吞vO,,金升b↗.0橅.Aa龙猪.主,25,69,136,True
2007/6/15,3.47,3.47,10.65,b乙↗上40.A26,0橅.Aa龙猪.主,升.尾连OQ.Q2,,金升b↗.0橅.Aa龙猪.主,26,70,137,True
2007/6/22,-4.7,-4.7,5.59,b乙↗上41.A27,1柜.Aa龙猪.主,(升)人.连后吞QV,,金升b↗.1柜.Aa龙猪.主,27,71,138,True
2007/6/29,-9.15,-9.15,4.46,b乙→中42.Y,5蛀.Be龙管根.主,跌.尾连VW.W2,,金升b→.5蛀.Be龙管根.主,-1,72,139,True
2007/7/6,3.1,3.1,9.04,b乙→中43.Z-2,5蛀.Fe震正根.主,跌.尾反孕Wo,,金升b→.5蛀.Fe震正根.主,-2,73,140,True
2007/7/13,0.25,0.25,6.52,b乙→中44.Z-3,5蛀.Fe震正根.主,升.尾连oQ.Q2,,金升b→.5蛀.Fe震正根.主,-3,74,141,True
2007/7/20,1.75,1.75,2,b乙↗上45.I暂,4暂.Fd震正芽.主,升.尾连QQ.Q3,连3,金升b↗.4暂.Fd震正芽.主,1,75,142,True
2007/7/27,14,14,17.69,b乙↗上46.B2暂,4暂.Aa龙猪.主,升.尾连QQ.Q4,高连4,金升b↗.4暂.Aa龙猪.主,2,76,143,True
2007/8/3,2.16,2.16,7.33,b乙↗上47.B3暂,4暂.Aa龙猪.主,升.尾连QQ.Q5,连5,金升b↗.4暂.Aa龙猪.主,3,77,144,True
2007/8/10,-5.7,-5.7,3.16,b乙↗上48.A4,1柜.Aa龙猪.主,(升)人.连后吞QV,,金升b↗.1柜.Aa龙猪.主,4,78,145,True
2007/8/17,17.9,17.9,20.81,b乙↗上49.A5,1柜.Aa龙猪.主,(人)人.吞吞* VO,高,金升b↗.1柜.Aa龙猪.主,5,79,146,True
2007/8/24,14.8,14.8,15.56,b乙↗上50.A6,1柜.Aa龙猪.主,升.尾连OQ.Q2,宽高,金升b↗.1柜.Aa龙猪.主,6,80,147,True
2007/8/31,5.62,5.62,6.12,b乙↗上51.A7,1柜.Aa龙猪.主,升.尾连QQ.Q3,连3,金升b↗.1柜.Aa龙猪.主,7,81,148,True
2007/9/7,11.11,11.11,19.25,b乙↗上52.A8,0橅.Aa龙猪.主,升.尾连QQ.Q4,宽高连4,金升b↗.0橅.Aa龙猪.主,8,82,149,True
2007/9/14,7.18,7.18,10.85,b乙↗上53.A9,0橅.Aa龙猪.主,升.尾连QQ.Q5,宽连5,金升b↗.0橅.Aa龙猪.主,9,83,150,True
2007/9/21,21.29,21.29,22.34,b乙↗上54.A10,0橅.Aa龙猪.主,升.尾连QQ.Q6,宽高连6,金升b↗.0橅.Aa龙猪.主,10,84,151,True
2007/9/28,-2.6,-2.6,2.93,b乙↗上55.A11,0橅.Aa龙猪.主,升.尾反孕Qv,宽,金升b↗.0橅.Aa龙猪.主,11,85,152,True
2007/10/12,-2.34,-2.34,3.45,b乙↗上56.A12,2栅.Bc龙管栅.主,跌.尾连vW.W2,,金升b↗.2栅.Bc龙管栅.主,12,86,153,True
2007/10/19,-3.42,-3.42,6.15,b乙↗上57.A13,3桮.Bb龙管杂.主,跌.尾连WW.W3,,金升b↗.3桮.Bb龙管杂.主,13,87,154,True
2007/10/26,-13.68,-13.68,0.59,b乙→中58.Y,5蛀.Fe震正根.主,跌.尾连WW.W4,,金升b→.5蛀.Fe震正根.主,-1,88,155,True
2007/11/2,-1.37,-1.37,12.57,b乙→中59.Z-2,5蛀.Fe震正根.主,跌.尾连WW.W5,宽,金升b→.5蛀.Fe震正根.主,-2,89,156,True
2007/11/9,-7.34,-7.34,0.83,c丙↘下60.Z-3,5蛀.Fe震正根.破,跌.尾连WW.W6,宽,金升c↘.被3v,-3,90,157,True
2007/11/16,-2.09,-2.09,1.64,c丙↘下61.Z-4,9妩.Fe震正根.破,跌.尾连WW.W7,宽,金升c↘.被3v,-4,91,158,True
2007/11/23,0.76,0.76,8.7,c丙↘下62.Z-5,8姖.Fe震正根.破,(跌)人.连后吞WO,宽,金升c↘.被3v,-5,92,159,True
2007/11/30,1.67,1.67,5.45,z丁↘忑-1.Z-6,7姗.Ff震负.破,升.尾连OQ.Q2,,金升z↘.警3w,-6,93,160,True
2007/12/7,3.87,3.87,5.37,z丁↘忑-2.Z-7,6娝.Ff震负.破,升.尾连QQ.Q3,连3,金升z↘.警3w,-7,94,161,True
2007/12/14,0.86,0.86,7.46,r己↗忐-3.I,4蛀.Df头负.再C,升.尾连QQ.Q4,连4,金升r↗.4蛀.Df头负.再C.口2I,1,95,162,True
2007/12/21,4.27,4.27,4.27,a甲↗上1.B2,4蛀.Dd头正芽.再C,升.尾连QQ.Q5,连5,金升a↗.4蛀.Dd头正芽.再C,2,96,163,True
2007/12/28,9.28,9.28,11.6,a甲↗上2.B3,4蛀.Dd头正芽.再C,升.尾连QQ.Q6,连6,金升a↗.4蛀.Dd头正芽.再C,3,97,164,True
2008/1/4,-2.5,-2.5,1.75,a甲↗上3.A4,0橅.Dd头正芽.再C,升.尾反孕Qv,,金升a↗.0橅.Dd头正芽.再C,4,98,165,True
2008/1/11,15.62,15.62,17.29,a甲↗上4.A5,0橅.Aa龙猪.再C,升.尾吞vO,高,金升a↗.0橅.Aa龙猪.再C,5,99,166,True
2008/1/18,-2.66,-2.66,0.78,a甲↗上5.A6,0橅.Aa龙猪.主,升.尾反孕vOv,,金升a↗.0橅.Aa龙猪.主,6,100,167,True
2008/1/25,7.17,7.17,9.78,a甲↗上6.A7,0橅.Aa龙猪.主,升.尾吞vO,,金升a↗.0橅.Aa龙猪.主,7,101,168,True
2008/2/1,-15.29,-15.29,2.34,b乙→中7.Y,5蛀.Be龙管根.主,(升)人.吞吞vOV,,金升b→.5蛀.Be龙管根.主,-1,102,169,True
2008/2/5,8.52,8.52,10.03,b乙↗上8.I暂,4暂.Aa龙猪.主,(升)人.吞吞vOVo,,金升b↗.4暂.Aa龙猪.主,1,103,170,True
2008/2/15,-7.74,-7.74,0.46,b乙→中9.Y暂,5暂.Fe震正根.主,跌.尾吞oV,,金升b→.5暂.Fe震正根.主,-1,104,171,True
2008/2/22,-4.51,-4.51,12.02,c丙↘下10.Z-2暂,5暂.Fe震正根.破,跌.尾连VW.W2,,金升c↘.被3v,-2,105,172,True
2008/2/29,-6.29,-6.29,-0.26,z丁↘忑-1.Z-3暂,5暂.Ff震负.破,跌.尾连WW.W3,宽,金升z↘.警3w,-3,106,173,True
2008/3/7,-2.1,-2.1,5.59,z丁↘忑-2.Z-4,9妩.__Aa龙猪._破,跌.尾连WW.W4,,嘘待z↘,-4,-1,174,True
2008/3/14,2.14,2.14,6.86,z丁↘忑-3.Z-5,8姖.__Aa龙猪._破,(跌)人.连后吞WO,,嘘待z↘,-5,-2,175,True
2008/3/21,-14.83,-14.83,0.7,z丁↘忑-4.Z-6,8姖.__Aa龙猪._初,(人)人.吞吞* OV,,嘘待z↘,-6,-3,176,True
2008/3/28,-3.78,-3.78,1.31,z丁↘忑-5.Z-7,8姖.__Aa龙猪._初,跌.尾连VW.W2,,嘘待z↘,-7,-4,177,True
2008/4/3,-9.9,-9.9,2.56,z丁↘忑-6.Z-8,8姖.__Aa龙猪._初,跌.尾连WW.W3,,尿降z↘,-8,-5,178,True
2008/4/11,13.64,13.64,16.29,z丁↘忑-7.Z-9,8姖.__Aa龙猪._初,(跌)人.连后吞WO,,嘘待z↘,-9,-6,179,True
2008/4/18,-10.83,-10.83,1.17,z丁↘忑-8.Z-10,8姖.__Aa龙猪._初,(跌)人.连后吞WOv,,尿降z↘,-10,-7,180,True
2008/4/25,11.78,11.78,18.32,z丁↘忑-9.Z-11,6娝.__Fa震正〇._初,升.尾吞vO,,嘘待z↘,-11,-8,181,True
2008/4/30,3.01,3.01,3.68,y戊↘忠-10.I,4蛀.__Fe震正根._主,升.尾连OQ.Q2,,嘘待y↘,1,-9,182,True
2008/5/9,15.42,15.42,22.24,r己↗忐-11.B2,4蛀.Df头负.储,升.尾连QQ.Q3,高连3,金升r↗.4蛀.Df头负.储.口1v,2,1,183,True
2008/5/16,-4.92,-4.92,3.52,r己↗忐-12.B3,4蛀.Df头负.储,升.尾反孕Qv,,金升r↗.4蛀.Df头负.储.口1v,3,2,184,True
2008/5/23,-1.78,-1.78,4.29,r己↗忐-13.A4,2栅.__Fe震正根.储,跌.尾连vW.W2,,嘘待r↗.2栅.__Fe震正根.储.魅6v,4,-1,185,True
2008/5/30,-11.75,-11.75,1.36,y戊↘忑-14.Y,5蛀.__Fa震正〇._再B,跌.尾连WW.W3,,嘘待y↘,-1,-2,186,True
2008/6/6,-5.8,-5.8,2.22,y戊↘忑-15.Z-2,5蛀.__Fa震正〇._再B,跌.尾连WW.W4,,尿降y↘,-2,-3,187,True
2008/6/13,-16.49,-16.49,1.27,y戊↘忑-16.Z-3,5蛀.__Aa龙猪._再B,跌.尾连WW.W5,,尿降y↘,-3,-4,188,True
2008/6/20,-10.41,-10.41,2.17,y戊↘忑-17.Z-4,9妩.__Aa龙猪._再B,跌.尾连WW.W6,,尿降y↘,-4,-5,189,True
2008/6/27,-0.73,-0.73,7.51,y戊↘忑-18.Z-5,9妩.__Aa龙猪._主,跌.尾连WW.W7,,尿降y↘,-5,-6,190,True
2008/7/4,0.49,0.49,8.05,y戊↘忑-19.Z-6,8姖.__Aa龙猪._主,(跌)人.连后吞WO,,尿降y↘,-6,-7,191,True
2008/7/11,14.81,14.81,18.93,y戊↘忑-20.Z-7,7姗.__Fa震正〇._主,升.尾连OQ.Q2,,尿降y↘,-7,-8,192,True
2008/7/18,-8.67,-8.67,3.59,y戊↘忑-21.Z-8,7姗.__Fa震正〇._主,升.尾反孕Qv,,尿降y↘,-8,-9,193,True
2008/7/25,-4.86,-4.86,3.94,y戊↘忑-22.Z-9,7姗.__Fa震正〇._主,跌.尾连vW.W2,,尿降y↘,-9,-10,194,True
2008/8/1,-6.33,-6.33,7.79,y戊↘忑-23.Z-10,7姗.__Bd龙管杂._主,跌.尾连WW.W3,,尿降y↘,-10,-11,195,True
2008/8/8,-21.04,-21.04,-0.26,y戊↘忑-24.Z-11,9妩.__Aa龙猪._主,跌.尾连WW.W4,,屎降y↘,-11,-12,196,True
2008/8/15,-5.26,-5.26,-0.66,y戊↘忑-25.Z-12,9妩.__Aa龙猪._主,跌.尾连WW.W5,,屎降y↘,-12,-13,197,True
2008/8/22,-6.6,-6.6,-0.35,y戊↘忑-26.Z-13,9妩.__Aa龙猪._主,跌.尾连WW.W6,,屎降y↘,-13,-14,198,True
2008/8/29,-6.69,-6.69,0.74,y戊↘忑-27.Z-14,9妩.__Aa龙猪._主,跌.尾连WW.W7,,屎降y↘,-14,-15,199,True
2008/9/4,-6.77,-6.77,0,y戊↘忑-28.Z-15,9妩.__Aa龙猪._主,跌.尾连WW.W8,,屎降y↘,-15,-16,200,True
2008/9/12,-14.96,-14.96,-2.14,y戊↘忑-29.Z-16,9妩.__Aa龙猪._主,跌.尾连WW.W9,,屎降y↘,-16,-17,201,True
2008/9/19,-1.51,-1.51,-1.51,y戊↘忑-30.Z-17,9妩.__Aa龙猪._主,跌.尾连WW.W10,,屎降y↘,-17,-18,202,True
2008/9/23,12.24,12.24,17.86,y戊↘忑-31.Z-18,8姖.__Aa龙猪._主,(跌)人.连后吞WO,,屎降y↘,-18,-19,203,True
2008/10/24,-18.64,-18.64,-10,y戊↘忑-32.Z-19,8姖.__Aa龙猪._主,(人)人.吞吞* OV,,屎降y↘,-19,-20,204,True
2008/10/31,-20.67,-20.67,-3.91,y戊↘忑-33.Z-20,8姖.__Aa龙猪._主,跌.尾连VW.W2,,屎降y↘,-20,-21,205,True
2008/11/7,-7.04,-7.04,2.11,y戊↘忑-34.Z-21,8姖.__Aa龙猪._主,跌.尾连WW.W3,,屎降y↘,-21,-22,206,True
2008/11/14,41.67,41.67,42.42,y戊↘忑-35.Z-22,8姖.__Aa龙猪._主,(跌)人.连后吞WO,,屎降y↘,-22,-23,207,True
2008/11/21,-1.07,-1.07,4.81,y戊↘忠-36.I,4蛀.__Be龙管根._主,(跌)人.连后吞WOv,,屎降y↘,1,-24,208,True
2008/11/28,-11.35,-11.35,3.78,y戊↘忑-37.Y暂,5暂.__Fa震正〇._主,跌.尾连vW.W2,,屎降y↘,-1,-25,209,True
2008/12/5,27.44,27.44,30.49,y戊↘忠-38.I暂,4暂.__Fe震正根._主,(跌)人.连后吞WO,,屎降y↘,1,-26,210,True
2008/12/12,-4.31,-4.31,9.57,y戊↘忠-39.B2暂,4暂.__Fe震正根._主,(跌)人.连后吞WOv,,屎降y↘,2,-27,211,True
2008/12/19,11.5,11.5,13.5,r己↗忐-40.B3暂,4暂.__Fe震正根.储,升.尾吞vO,,屎降r↗.4暂.__Fe震正根.储.魅6v,3,-28,212,True
2008/12/26,-12.56,-12.56,0.45,y戊↘忠-41.A4,1柜.__Fe震正根._再B,(升)人.吞吞vOV,,屎降y↘,4,-29,213,True
2008/12/31,-10.26,-10.26,0,y戊↘忑-42.Y,5蛀.__Fa震正〇._再B,跌.尾连VW.W2,,屎降y↘,-1,-30,214,True
2009/1/9,27.43,27.43,27.43,r己↗忐-43.I暂,4暂.__Fe震正根.储,(跌)人.连后吞WO,,屎降r↗.4暂.__Fe震正根.储.魅6v,1,-31,215,True
2009/1/16,4.93,4.93,10.31,r己↗忐-44.B2暂,4暂.__Fe震正根.储,升.尾连OQ.Q2,,屎降r↗.4暂.__Fe震正根.储.魅6v,2,-32,216,True
2009/1/23,4.7,4.7,8.12,a甲↗上1.B3暂,4暂.__Ff震负.储,升.尾连QQ.Q3,,屎降a↗.4暂.__Ff震负.储.魅6w,3,-33,217,True
2009/2/6,10.61,10.61,12.24,a甲↗上2.A4,0橅.__Ff震负.储,升.尾连QQ.Q4,,屎降a↗.0橅.__Ff震负.储.魅6w,4,-34,218,True
2009/2/13,3.32,3.32,8.12,a甲↗上3.A5,0橅.Aa龙猪.储,升.尾连QQ.Q5,连5,唏待a↗.0橅.Aa龙猪.储,5,1,219,True
2009/2/20,-1.79,-1.79,8.57,a甲↗上4.A6,0橅.Aa龙猪.储,升.尾反孕Qv,,唏待a↗.0橅.Aa龙猪.储,6,2,220,True
2009/2/27,-14.91,-14.91,4,b乙→中5.Y,5蛀.__Ff震负._再C,跌.尾连vW.W2,,屎降b→.5蛀.__Ff震负._再C.魅6h,-1,-1,221,True
2009/3/6,20.51,20.51,20.51,b乙↗上6.I暂,4暂.Aa龙猪.储,(跌)人.连后吞WO,高,唏待b↗.4暂.Aa龙猪.储,1,1,222,True
2009/3/13,-1.42,-1.42,9.22,b乙↗上7.B2暂,4暂.Aa龙猪.储,(跌)人.连后吞WOv,,唏待b↗.4暂.Aa龙猪.储,2,2,223,True
2009/3/20,27.34,27.34,32.01,b乙↗上8.B3暂,4暂.Aa龙猪.初,升.尾吞vO,宽高,唏待b↗.4暂.Aa龙猪.初,3,3,224,True
2009/3/27,-2.54,-2.54,2.26,b乙↗上9.A4,0橅.Aa龙猪.初,升.尾反孕vOv,,唏待b↗.0橅.Aa龙猪.初,4,4,225,True
2009/4/3,7.25,7.25,7.25,b乙↗上10.A5,0橅.Aa龙猪.初,升.尾吞vO,,银升b↗.0橅.Aa龙猪.初,5,5,226,True
2009/4/10,2.7,2.7,7.84,b乙↗上11.A6,0橅.Aa龙猪.初,升.尾连OQ.Q2,,银升b↗.0橅.Aa龙猪.初,6,6,227,True
2009/4/17,-0.53,-0.53,8.16,b乙↗上12.A7,0橅.Aa龙猪.初,升.尾反孕Qv,,银升b↗.0橅.Aa龙猪.初,7,7,228,True
2009/4/24,-6.61,-6.61,5.82,b乙↗上13.A8,2栅.Bc龙管栅.初,跌.尾连vW.W2,,银升b↗.2栅.Bc龙管栅.初,8,8,229,True
2009/4/30,9.92,9.92,12.46,b乙↗上14.A9,2栅.Bc龙管栅.主,(跌)人.连后吞WO,,银升b↗.2栅.Bc龙管栅.主,9,9,230,True
2009/5/8,15.98,15.98,19.07,b乙↗上15.A10,2栅.Bc龙管栅.主,升.尾连OQ.Q2,高,银升b↗.2栅.Bc龙管栅.主,10,10,231,True
2009/5/15,2.22,2.22,4.44,b乙↗上16.A11,2栅.Bc龙管栅.主,升.尾连QQ.Q3,连3,银升b↗.2栅.Bc龙管栅.主,11,11,232,True
2009/5/22,-1.52,-1.52,8.7,b乙↗上17.A12,1柜.Aa龙猪.主,(升)人.连后吞QV,,银升b↗.1柜.Aa龙猪.主,12,12,233,True
2009/5/27,-6.18,-6.18,1.32,b乙↗上18.A13,2栅.Bc龙管栅.主,跌.尾连VW.W2,,银升b↗.2栅.Bc龙管栅.主,13,13,234,True
2009/6/5,17.18,17.18,22.12,b乙↗上19.A14,2栅.Bc龙管栅.主,(跌)人.连后吞WO,高,银升b↗.2栅.Bc龙管栅.主,14,14,235,True
2009/6/12,-5.62,-5.62,-0.2,b乙↗上20.A15,2栅.Bc龙管栅.主,(跌)人.连后吞WOv,,银升b↗.2栅.Bc龙管栅.主,15,15,236,True
2009/6/19,1.49,1.49,4.68,b乙↗上21.A16,2栅.Bc龙管栅.主,(人)人.孕孕vo,,银升b↗.2栅.Bc龙管栅.主,16,16,237,True
2009/6/26,0,0,2.1,b乙↗上22.A17,0橅.Fa震正〇.主,升.尾连oQ.Q2,,银升b↗.0橅.Fa震正〇.主,17,17,238,True
2009/7/3,10.06,10.06,11.53,b乙↗上23.A18,0橅.Aa龙猪.主,升.尾连QQ.Q3,连3,金升b↗.0橅.Aa龙猪.主,18,18,239,True
2009/7/10,4,4,8.38,b乙↗上24.A19,0橅.Aa龙猪.主,升.尾连QQ.Q4,连4,金升b↗.0橅.Aa龙猪.主,19,19,240,True
2009/7/17,14.29,14.29,14.29,b乙↗上25.A20,0橅.Aa龙猪.主,升.尾连QQ.Q5,连5,金升b↗.0橅.Aa龙猪.主,20,20,241,True
2009/7/24,21.63,21.63,27.08,b乙↗上26.A21,0橅.Aa龙猪.主,升.尾连QQ.Q6,宽高连6,金升b↗.0橅.Aa龙猪.主,21,21,242,True
2009/7/31,-5.01,-5.01,1.05,b乙↗上27.A22,0橅.Aa龙猪.主,升.尾反孕Qv,宽,金升b↗.0橅.Aa龙猪.主,22,22,243,True
2009/8/7,-12.34,-12.34,4.3,b乙↗上28.A23,2栅.Bc龙管栅.主,跌.尾连vW.W2,宽,金升b↗.2栅.Bc龙管栅.主,23,23,244,True
2009/8/14,-2.06,-2.06,3.32,b乙→中29.Y,5蛀.Fe震正根.主,跌.尾连WW.W3,宽,金升b→.5蛀.Fe震正根.主,-1,24,245,True
2009/8/21,3.39,3.39,3.72,b乙→中30.Z-2,5蛀.Fe震正根.主,(跌)人.连后吞WO,宽,金升b→.5蛀.Fe震正根.主,-2,25,246,True
2009/8/28,-10.47,-10.47,4.53,b乙→中31.Z-3,5蛀.Fe震正根.主,(人)人.吞吞* OV,宽,金升b→.5蛀.Fe震正根.主,-3,26,247,True
2009/9/4,-1.22,-1.22,3.32,c丙↘下32.Z-4,8姖.Fe震正根.破,跌.尾连VW.W2,宽,金升c↘.被3v,-4,27,248,True
2009/9/11,8.66,8.66,10.25,b乙→中33.Z-5,6娝.De头正根.再B,(跌)人.连后吞WO,,金升b→.6娝.De头正根.再B,-5,28,249,True
2009/9/18,-3.58,-3.58,4.72,b乙→中34.Z-6,8姖.De头正根.再B,(跌)人.连后吞WOv,,金升b→.8姖.De头正根.再B,-6,29,250,True
2009/9/25,-8.94,-8.94,1.52,c丙↘下35.Z-7,8姖.Fe震正根.破,跌.尾连vW.W2,,金升c↘.被3v,-7,30,251,True
2009/9/30,-3.52,-3.52,3.15,z丁↘忑-1.Z-8,8姖.Ff震负.破,跌.尾连WW.W3,,金升z↘.警3w,-8,31,252,True
2009/10/9,9.98,9.98,9.98,z丁↘忑-2.Z-9,8姖.Ff震负.破,(跌)人.连后吞WO,,金升z↘.警3w,-9,32,253,True
2009/10/16,2.27,2.27,4.01,r己↗忐-3.I,4蛀.Df头负.再C,升.尾连OQ.Q2,,金升r↗.4蛀.Df头负.再C.口2I,1,33,254,True
2009/10/23,8.53,8.53,11.09,a甲↗上1.B2,4蛀.Dd头正芽.再C,升.尾连QQ.Q3,连3,金升a↗.4蛀.Dd头正芽.再C,2,34,255,True
2009/10/30,0.79,0.79,4.87,a甲↗上2.B3,4蛀.Dd头正芽.再C,升.尾连QQ.Q4,连4,金升a↗.4蛀.Dd头正芽.再C,3,35,256,True
2009/11/6,9.05,9.05,12.79,a甲↗上3.A4,0橅.Aa龙猪.再C,升.尾连QQ.Q5,连5,金升a↗.0橅.Aa龙猪.再C,4,36,257,True
2009/11/13,0.43,0.43,3,a甲↗上4.A5,0橅.Aa龙猪.再C,升.尾连QQ.Q6,连6,金升a↗.0橅.Aa龙猪.再C,5,37,258,True
2009/11/20,6.13,6.13,9.12,a甲↗上5.A6,0橅.Aa龙猪.主,升.尾连QQ.Q7,连7,金升a↗.0橅.Aa龙猪.主,6,38,259,True
2009/11/27,-11.95,-11.95,2.68,a甲↗上6.A7,1柜.Aa龙猪.主,(升)人.连后吞QV,,金升a↗.1柜.Aa龙猪.主,7,39,260,True
2009/12/4,9.15,9.15,12.65,a甲↗上7.A8,1柜.Aa龙猪.主,(升)人.连后吞QVo,,金升a↗.1柜.Aa龙猪.主,8,40,261,True
2009/12/11,-3.35,-3.35,1.96,a甲↗上8.A9,1柜.Fa震正〇.主,(人)人.孕孕vo,,金升a↗.1柜.Fa震正〇.主,9,41,262,True
2009/12/18,-6.21,-6.21,1.88,b乙→中9.Y,5蛀.Fe震正根.主,跌.尾连vW.W2,,金升b→.5蛀.Fe震正根.主,-1,42,263,True
2009/12/25,0.31,0.31,1.85,c丙↘下10.Z-2,5蛀.Fe震正根.破,跌.尾反孕Wo,,金升c↘.被3v,-2,43,264,True
2009/12/31,0,0,1.84,c丙↘下11.Z-3,5蛀.Fe震正根.破,升.尾连oQ.Q2,,金升c↘.被3v,-3,44,265,True
2010/1/8,0.92,0.92,6.91,c丙↘下12.Z-4,6娝.Fe震正根.破,升.尾连QQ.Q3,连3,金升c↘.被3v,-4,45,266,True
2010/1/15,-2.28,-2.28,3.81,c丙↘下13.Z-5,6娝.Fe震正根.破,(升)人.连后吞QV,,金升c↘.被3v,-5,46,267,True
2010/1/22,-5.92,-5.92,6.54,z丁↘忑-1.Z-6,6娝.Ff震负.破,跌.尾连VW.W2,,金升z↘.警3w,-6,47,268,True
2010/1/29,-5.3,-5.3,1.16,z丁↘忑-2.Z-7,7姗.__Bd龙管杂._破,跌.尾连WW.W3,,嘘待z↘,-7,-1,269,True
2010/2/5,-4.9,-4.9,5.77,z丁↘忑-3.Z-8,9妩.__Aa龙猪._初,跌.尾连WW.W4,,嘘待z↘,-8,-2,270,True
2010/2/12,4.41,4.41,4.78,z丁↘忑-4.Z-9,8姖.__Aa龙猪._初,(跌)人.连后吞WO,,嘘待z↘,-9,-3,271,True
2010/2/26,-1.58,-1.58,0.35,z丁↘忑-5.Z-10,8姖.__Aa龙猪._初,(跌)人.连后吞WOv,,嘘待z↘,-10,-4,272,True
2010/3/5,-3.04,-3.04,3.4,z丁↘忑-6.Z-11,8姖.__Aa龙猪._初,跌.尾连vW.W2,,嘘待z↘,-11,-5,273,True
2010/3/12,-1.48,-1.48,5.35,z丁↘忑-7.Z-12,8姖.__Fa震正〇._初,跌.尾连WW.W3,,尿降z↘,-12,-6,274,True
2010/3/19,1.69,1.69,2.06,z丁↘忑-8.Z-13,9妩.__Aa龙猪._初,跌.尾反孕Wo,,尿降z↘,-13,-7,275,True
2010/3/26,-1.47,-1.47,2.21,z丁↘忑-9.Z-14,9妩.__Aa龙猪._初,跌.尾吞oV,,尿降z↘,-14,-8,276,True
2010/4/2,10.28,10.28,10.84,y戊↘忠-10.I,4蛀.__Be龙管根._主,(跌)人.吞吞oVO,,嘘待y↘,1,-9,277,True
2010/4/9,-0.68,-0.68,3.56,r己↗忐-11.B2,4蛀.__Fe震正根.储,(跌)人.吞吞oVOv,,嘘待r↗.4蛀.__Fe震正根.储.魅6v,2,-10,278,True
2010/4/16,-1.71,-1.71,1.02,r己↗忐-12.B3,4蛀.__Fe震正根.储,跌.尾连vW.W2,,嘘待r↗.4蛀.__Fe震正根.储.魅6v,3,-11,279,True
2010/4/23,-1.91,-1.91,0,y戊↘忠-13.A4,3桮.__Fe震正根._再B,跌.尾连WW.W3,,嘘待y↘,4,-12,280,True
2010/4/30,10.44,10.44,12.21,a甲↗上1.A5,3桮.Bb龙管杂.储,(跌)人.连后吞WO,,金升a↗.3桮.Bb龙管杂.储,5,1,281,True
2010/5/7,-11.86,-11.86,2.72,z丁↘忑-1.Y,5蛀.__Fa震正〇._再C,(人)人.吞吞* OV,,嘘待z↘,-1,-1,282,True
2010/5/14,-1.64,-1.64,6,z丁↘忑-2.Z-2,5蛀.__Aa龙猪._再C,跌.尾连VW.W2,,尿降z↘,-2,-2,283,True
2010/5/21,-2.03,-2.03,0.74,z丁↘忑-3.Z-3,5蛀.__Aa龙猪._再C,跌.尾连WW.W3,,尿降z↘,-3,-3,284,True
2010/5/28,1.51,1.51,5.47,z丁↘忑-4.Z-4,8姖.__Aa龙猪._再C,(跌)人.连后吞WO,,尿降z↘,-4,-4,285,True
2010/6/4,-7.43,-7.43,-0.37,z丁↘忑-5.Z-5,8姖.__Aa龙猪._主,(人)人.吞吞* OV,,尿降z↘,-5,-5,286,True
2010/6/11,-0.2,-0.2,0.8,z丁↘忑-6.Z-6,8姖.__Aa龙猪._主,跌.尾连VW.W2,,尿降z↘,-6,-6,287,True
2010/6/18,-0.2,-0.2,2.21,z丁↘忑-7.Z-7,8姖.__Aa龙猪._主,跌.尾连WW.W3,,尿降z↘,-7,-7,288,True
2010/6/25,-1.41,-1.41,3.43,z丁↘忑-8.Z-8,9妩.__Aa龙猪._主,跌.尾连WW.W4,,尿降z↘,-8,-8,289,True
2010/7/2,-16.36,-16.36,1.02,z丁↘忑-9.Z-9,9妩.__Aa龙猪._主,跌.尾连WW.W5,,尿降z↘,-9,-9,290,True
2010/7/9,6.36,6.36,7.58,z丁↘忑-10.Z-10,9妩.__Aa龙猪._主,跌.尾反孕Wo,,尿降z↘,-10,-10,291,True
2010/7/16,-0.92,-0.92,3.22,z丁↘忑-11.Z-11,9妩.__Aa龙猪._主,(跌)人.孕孕ov,,屎降z↘,-11,-11,292,True
2010/7/23,18.1,18.1,19.49,y戊↘忠-12.I,4蛀.__Fe震正根._主,升.尾吞vO,,屎降y↘,1,-12,293,True
2010/7/30,2.55,2.55,8.06,r己↗忐-13.B2,4蛀.__Fe震正根.储,升.尾连OQ.Q2,,屎降r↗.4蛀.__Fe震正根.储.魅6v,2,-13,294,True
2010/8/6,-0.57,-0.57,5.36,r己↗忐-14.B3,4蛀.__Fe震正根.储,升.尾反孕Qv,,屎降r↗.4蛀.__Fe震正根.储.魅6v,3,-14,295,True
2010/8/13,7.51,7.51,9.25,a甲↗上1.A4,0橅.Aa龙猪.储,升.尾吞vO,,银升a↗.0橅.Aa龙猪.储,4,1,296,True
2010/8/20,0.36,0.36,9.32,a甲↗上2.A5,0橅.Aa龙猪.储,升.尾连OQ.Q2,,银升a↗.0橅.Aa龙猪.储,5,2,297,True
2010/8/27,1.61,1.61,2.5,a甲↗上3.A6,0橅.Aa龙猪.初,升.尾连QQ.Q3,连3,银升a↗.0橅.Aa龙猪.初,6,3,298,True
2010/9/3,-0.35,-0.35,3.69,a甲↗上4.A7,0橅.Aa龙猪.初,升.尾反孕Qv,,银升a↗.0橅.Aa龙猪.初,7,4,299,True
2010/9/10,0.88,0.88,6.53,a甲↗上5.A8,0橅.Fa震正〇.初,(升)人.孕孕vo,,金升a↗.0橅.Fa震正〇.初,8,5,300,True
2010/9/17,-4.72,-4.72,2.1,b乙→中6.Y,5蛀.Fe震正根.初,跌.尾吞oV,,金升b→.5蛀.Fe震正根.初,-1,6,301,True
2010/9/21,1.83,1.83,2.2,b乙↗上7.I暂,4暂.Fd震正芽.初,跌.尾反孕oVo,,金升b↗.4暂.Fd震正芽.初,1,7,302,True
2010/9/30,7.21,7.21,7.21,b乙↗上8.B2暂,4暂.Fd震正芽.初,升.尾连oQ.Q2,,金升b↗.4暂.Fd震正芽.初,2,8,303,True
2010/10/8,10.08,10.08,10.08,b乙↗上9.B3暂,4暂.Aa龙猪.初,升.尾连QQ.Q3,连3,金升b↗.4暂.Aa龙猪.初,3,9,304,True
2010/10/15,29.31,29.31,37.86,b乙↗上10.A4,0橅.Aa龙猪.初,升.尾连QQ.Q4,宽高连4,金升b↗.0橅.Aa龙猪.初,4,10,305,True
2010/10/22,12.51,12.51,17.47,b乙↗上11.A5,0橅.Aa龙猪.主,升.尾连QQ.Q5,宽高连5,金升b↗.0橅.Aa龙猪.主,5,11,306,True
2010/10/29,-4.62,-4.62,4.41,b乙↗上12.A6,0橅.Aa龙猪.主,升.尾反孕Qv,宽,金升b↗.0橅.Aa龙猪.主,6,12,307,True
2010/11/5,1.1,1.1,9.24,b乙↗上13.A7,0橅.Aa龙猪.主,(升)人.孕孕vo,,金升b↗.0橅.Aa龙猪.主,7,13,308,True
2010/11/12,8.27,8.27,17.63,b乙↗上14.A8,0橅.Aa龙猪.主,升.尾连oQ.Q2,宽高,金升b↗.0橅.Aa龙猪.主,8,14,309,True
2010/11/19,-14.07,-14.07,4.72,b乙↗上15.A9,1柜.Aa龙猪.主,(升)人.连后吞QV,宽,金升b↗.1柜.Aa龙猪.主,9,15,310,True
2010/11/26,4.8,4.8,8.19,b乙↗上16.A10,1柜.Aa龙猪.主,(升)人.连后吞QVo,宽,金升b↗.1柜.Aa龙猪.主,10,16,311,True
2010/12/3,0,0,2.34,b乙↗上17.A11,1柜.Fa震正〇.主,升.尾连oQ.Q2,宽,金升b↗.1柜.Fa震正〇.主,11,17,312,True
2010/12/10,1.12,1.12,4.46,b乙↗上18.A12,1柜.Fa震正〇.主,升.尾连QQ.Q3,连3,金升b↗.1柜.Fa震正〇.主,12,18,313,True
2010/12/17,9.16,9.16,11.81,b乙↗上19.A13,0橅.Fa震正〇.主,升.尾连QQ.Q4,连4,金升b↗.0橅.Fa震正〇.主,13,19,314,True
2010/12/24,-4.55,-4.55,4.75,b乙↗上20.A14,0橅.Fa震正〇.主,升.尾反孕Qv,,金升b↗.0橅.Fa震正〇.主,14,20,315,True
2010/12/31,5.83,5.83,9.96,b乙↗上21.A15,0橅.Fa震正〇.主,(升)人.孕孕vo,,金升b↗.0橅.Fa震正〇.主,15,21,316,True
2011/1/7,-2.1,-2.1,5.21,b乙↗上22.A16,0橅.Fa震正〇.主,(人)人.孕孕vo,,金升b↗.0橅.Fa震正〇.主,16,22,317,True
2011/1/14,-11.96,-11.96,1.74,b乙→中23.Y,5蛀.Fe震正根.主,跌.尾连vW.W2,,金升b→.5蛀.Fe震正根.主,-1,23,318,True
2011/1/21,-7.43,-7.43,0.46,c丙↘下24.Z-2,5蛀.Fe震正根.破,跌.尾连WW.W3,,金升c↘.被3v,-2,24,319,True
2011/1/28,1.76,1.76,2.63,z丁↘忑-1.Z-3,5蛀.Ff震负.破,跌.尾反孕Wo,,金升z↘.警3w,-3,25,320,True
2011/2/1,1.73,1.73,3.82,z丁↘忑-2.Z-4,7姗.Ff震负.破,升.尾连oQ.Q2,宽,金升z↘.警3w,-4,26,321,True
2011/2/11,-1.82,-1.82,-0.73,z丁↘忑-3.Z-5,7姗.Ff震负.破,升.尾反孕Qv,,金升z↘.警3w,-5,27,322,True
2011/2/18,4.07,4.07,7.78,z丁↘忑-4.Z-6,7姗.Ff震负.破,升.尾吞vO,,金升z↘.警3w,-6,28,323,True
2011/2/25,1.66,1.66,4.63,y戊↘忠-5.I,4蛀.Ff震负.再C,升.尾连OQ.Q2,,金升y↘.警3h,1,29,324,True
2011/3/4,1.17,1.17,3.62,r己↗忐-6.B2,4蛀.Df头负.再C,升.尾连QQ.Q3,连3,金升r↗.4蛀.Df头负.再C.口2I,2,30,325,True
2011/3/11,8.88,8.88,13.15,a甲↗上1.B3,4蛀.Dd头正芽.再C,升.尾连QQ.Q4,连4,金升a↗.4蛀.Dd头正芽.再C,3,31,326,True
2011/3/18,-10.28,-10.28,4.45,b乙→中2.Y暂,5暂.De头正根.再C,(升)人.连后吞QV,,金升b→.5暂.De头正根.再C,-1,32,327,True
2011/3/25,-0.47,-0.47,1.42,c丙↘下3.Z-2暂,5暂.Fe震正根.破,跌.尾连VW.W2,,金升c↘.被3v,-2,33,328,True
2011/4/1,-0.12,-0.12,3.68,z丁↘忑-1.Z-3暂,5暂.Ff震负.破,跌.尾连WW.W3,,金升z↘.警3w,-3,34,329,True
2011/4/7,1.19,1.19,3.21,z丁↘忑-2.Z-4,8姖.Ff震负.破,(跌)人.连后吞WO,,金升z↘.警3w,-4,35,330,True
2011/4/15,-3.76,-3.76,3.17,z丁↘忑-3.Z-5,8姖.Ff震负.破,(人)人.吞吞* OV,,金升z↘.警3w,-5,36,331,True
2011/4/22,0.12,0.12,2.68,z丁↘忑-4.Z-6,8姖.__Fa震正〇._破,(人)人.吞吞* OV,,嘘待z↘,-6,-1,332,True
2011/4/29,-5.72,-5.72,-0.49,z丁↘忑-5.Z-7,8姖.__Aa龙猪._初,跌.尾吞oV,,嘘待z↘,-7,-2,333,True
2011/5/6,-7.24,-7.24,0.26,z丁↘忑-6.Z-8,9妩.__Aa龙猪._初,跌.尾连VW.W2,,尿降z↘,-8,-3,334,True
2011/5/13,3.06,3.06,4.74,z丁↘忑-7.Z-9,9妩.__Aa龙猪._初,跌.尾反孕Wo,,尿降z↘,-9,-4,335,True
2011/5/20,2.43,2.43,5.14,z丁↘忑-8.Z-10,7姗.__Bd龙管杂._初,升.尾连oQ.Q2,,嘘待z↘,-10,-5,336,True
2011/5/27,-2.64,-2.64,0.13,z丁↘忑-9.Z-11,7姗.__Fa震正〇._初,升.尾反孕Qv,,尿降z↘,-11,-6,337,True
2011/6/3,3.79,3.79,5.28,z丁↘忑-10.Z-12,7姗.__Fa震正〇._初,升.尾吞vO,,嘘待z↘,-12,-7,338,True
2011/6/10,-2.61,-2.61,0.26,z丁↘忑-11.Z-13,7姗.__Fa震正〇._主,升.尾反孕vOv,,嘘待z↘,-13,-8,339,True
2011/6/17,-2.01,-2.01,2.95,z丁↘忑-12.Z-14,8姖.__Fa震正〇._主,跌.尾连vW.W2,,尿降z↘,-14,-9,340,True
2011/6/24,5.61,5.61,6.29,y戊↘忠-13.I,4蛀.__Fe震正根._主,(跌)人.连后吞WO,,嘘待y↘,1,-10,341,True
2011/7/1,11.66,11.66,12.69,r己↗忐-14.B2,4蛀.Df头负.储,升.尾连OQ.Q2,,金升r↗.4蛀.Df头负.储.口1v,2,1,342,True
2011/7/8,0,0,3.02,a甲↗上1.B3,4蛀.Aa龙猪.初,升.尾连QQ.Q3,连3,金升a↗.4蛀.Aa龙猪.初,3,2,343,True
2011/7/15,17.87,17.87,23.09,a甲↗上2.A4,0橅.Aa龙猪.初,升.尾连QQ.Q4,宽高连4,金升a↗.0橅.Aa龙猪.初,4,3,344,True
2011/7/22,0.1,0.1,5.91,a甲↗上3.A5,0橅.Aa龙猪.初,升.尾连QQ.Q5,连5,金升a↗.0橅.Aa龙猪.初,5,4,345,True
2011/7/29,-4.62,-4.62,0.49,a甲↗上4.A6,1柜.Aa龙猪.初,(升)人.连后吞QV,,金升a↗.1柜.Aa龙猪.初,6,5,346,True
2011/8/5,-0.72,-0.72,4.12,a甲↗上5.A7,2栅.Bc龙管栅.初,跌.尾连VW.W2,,金升a↗.2栅.Bc龙管栅.初,7,6,347,True
2011/8/12,-1.97,-1.97,-0.31,a甲↗上6.A8,3桮.Fa震正〇.主,跌.尾连WW.W3,,金升a↗.3桮.Fa震正〇.主,8,7,348,True
2011/8/19,-2.97,-2.97,3.5,b乙→中7.Y,5蛀.Fe震正根.主,跌.尾连WW.W4,,金升b→.5蛀.Fe震正根.主,-1,8,349,True
2011/8/26,8.84,8.84,9.83,b乙↗上8.I暂,4暂.Fd震正芽.主,(跌)人.连后吞WO,,金升b↗.4暂.Fd震正芽.主,1,9,350,True
2011/9/2,-6.72,-6.72,0.4,b乙→中9.Y暂,5暂.Fe震正根.主,(跌)人.连后吞WOv,,金升b→.5暂.Fe震正根.主,-1,10,351,True
2011/9/9,-3.76,-3.76,-0.65,c丙↘下10.Z-2暂,5暂.Fe震正根.破,跌.尾连vW.W2,,金升c↘.被3v,-2,11,352,True
2011/9/16,1.68,1.68,3.24,c丙↘下11.Z-3暂,5暂.Fe震正根.破,跌.尾反孕Wo,,金升c↘.被3v,-3,12,353,True
2011/9/23,-1.98,-1.98,1.54,c丙↘下12.Z-4,9妩.Fe震正根.破,(跌)人.孕孕ov,,金升c↘.被3v,-4,13,354,True
2011/9/30,-3.25,-3.25,3.92,z丁↘忑-1.Z-5,9妩.__Aa龙猪._破,跌.尾连vW.W2,,嘘待z↘,-5,-1,355,True
2011/10/14,-9.27,-9.27,0,z丁↘忑-2.Z-6,9妩.__Aa龙猪._初,跌.尾连WW.W3,,嘘待z↘,-6,-2,356,True
2011/10/21,-10.6,-10.6,1.53,z丁↘忑-3.Z-7,9妩.__Aa龙猪._初,跌.尾连WW.W4,,尿降z↘,-7,-3,357,True
2011/10/28,15.57,15.57,15.86,z丁↘忑-4.Z-8,8姖.__Aa龙猪._初,(跌)人.连后吞WO,,尿降z↘,-8,-4,358,True
2011/11/4,-2.35,-2.35,0.99,z丁↘忑-5.Z-9,8姖.__Aa龙猪._初,(跌)人.连后吞WOv,,尿降z↘,-9,-5,359,True
2011/11/11,0.51,0.51,3.42,z丁↘忑-6.Z-10,8姖.__Aa龙猪._初,(人)人.孕孕vo,,尿降z↘,-10,-6,360,True
2011/11/18,-3.4,-3.4,6.17,z丁↘忑-7.Z-11,8姖.__Fa震正〇._初,跌.尾吞oV,,尿降z↘,-11,-7,361,True
2011/11/25,-6.78,-6.78,0.13,z丁↘忑-8.Z-12,9妩.__Fa震正〇._主,跌.尾连VW.W2,,尿降z↘,-12,-8,362,True
2011/12/2,-3.5,-3.5,2.1,z丁↘忑-9.Z-13,9妩.__Aa龙猪._主,跌.尾连WW.W3,,尿降z↘,-13,-9,363,True
2011/12/9,-2.9,-2.9,0.72,z丁↘忑-10.Z-14,9妩.__Aa龙猪._主,跌.尾连WW.W4,,尿降z↘,-14,-10,364,True
2011/12/16,-13.13,-13.13,0.45,z丁↘忑-11.Z-15,9妩.__Aa龙猪._主,跌.尾连WW.W5,,尿降z↘,-15,-11,365,True
2011/12/23,1.37,1.37,3.61,z丁↘忑-12.Z-16,9妩.__Aa龙猪._主,跌.尾反孕Wo,,屎降z↘,-16,-12,366,True
2011/12/30,0.17,0.17,1.69,z丁↘忑-13.Z-17,7姗.__Bd龙管杂._主,升.尾连oQ.Q2,,屎降z↘,-17,-13,367,True
2012/1/6,-5.92,-5.92,2.03,z丁↘忑-14.Z-18,7姗.__Bd龙管杂._主,(升)人.连后吞QV,,屎降z↘,-18,-14,368,True
2012/1/13,26.08,26.08,33.27,y戊↘忠-15.I,4蛀.__Be龙管根._主,(人)人.吞吞* VO,,屎降y↘,1,-15,369,True
2012/1/20,0.86,0.86,5.28,r己↗忐-16.B2,4蛀.__Fe震正根.储,升.尾连OQ.Q2,,屎降r↗.4蛀.__Fe震正根.储.魅6v,2,-16,370,True
2012/2/3,6.93,6.93,8.49,r己↗忐-17.B3,4蛀.__Fe震正根.储,升.尾连QQ.Q3,,屎降r↗.4蛀.__Fe震正根.储.魅6v,3,-17,371,True
2012/2/10,4.89,4.89,9.13,a甲↗上1.A4,0橅.Aa龙猪.储,升.尾连QQ.Q4,连4,银升a↗.0橅.Aa龙猪.储,4,1,372,True
2012/2/17,-1.77,-1.77,3.03,a甲↗上2.A5,0橅.Aa龙猪.储,升.尾反孕Qv,,银升a↗.0橅.Aa龙猪.储,5,2,373,True
2012/2/24,4.88,4.88,6.55,a甲↗上3.A6,0橅.Aa龙猪.初,升.尾吞vO,,银升a↗.0橅.Aa龙猪.初,6,3,374,True
2012/3/2,-0.37,-0.37,1.84,a甲↗上4.A7,0橅.Aa龙猪.初,升.尾反孕vOv,,银升a↗.0橅.Aa龙猪.初,7,4,375,True
2012/3/9,-0.12,-0.12,0.98,a甲↗上5.A8,2栅.Bc龙管栅.初,跌.尾连vW.W2,,银升a↗.2栅.Bc龙管栅.初,8,5,376,True
2012/3/16,-7.01,-7.01,1.85,b乙→中6.Y,5蛀.Be龙管根.初,跌.尾连WW.W3,,银升b→.5蛀.Be龙管根.初,-1,6,377,True
2012/3/23,-1.06,-1.06,5.16,b乙→中7.Z-2,5蛀.__Ff震负._再D,跌.尾连WW.W4,,屎降b→.5蛀.__Ff震负._再D.魅6u,-2,-1,378,True
2012/3/30,-13.77,-13.77,2.14,z丁↘忑-1.Z-3,5蛀.__Aa龙猪._再D,跌.尾连WW.W5,,屎降z↘,-3,-2,379,True
2012/4/6,5.12,5.12,5.89,z丁↘忑-2.Z-4,9妩.__Aa龙猪._再D,跌.尾反孕Wo,,屎降z↘,-4,-3,380,True
2012/4/13,3.54,3.54,5.01,z丁↘忑-3.Z-5,7姗.__Bd龙管杂._再D,升.尾连oQ.Q2,,屎降z↘,-5,-4,381,True
2012/4/20,3.85,3.85,4.13,y戊↘忠-4.I,4蛀.__Fe震正根._再D,升.尾连QQ.Q3,,屎降y↘,1,-5,382,True
2012/4/27,1.65,1.65,5.35,r己↗忐-5.B2,4蛀.__Fe震正根.储,升.尾连QQ.Q4,,屎降r↗.4蛀.__Fe震正根.储.魅6v,2,-6,383,True
2012/5/4,8.37,8.37,9.58,a甲↗上1.B3,4蛀.Dd头正芽.储,升.尾连QQ.Q5,连5,银升a↗.4蛀.Dd头正芽.储,3,1,384,True
2012/5/11,-5.73,-5.73,0.25,a甲↗上2.A4,1柜.Dd头正芽.初,(升)人.连后吞QV,,银升a↗.1柜.Dd头正芽.初,4,2,385,True
2012/5/18,-5.94,-5.94,1.98,c丙↘下3.Y,5蛀.__Df头负._再D,跌.尾连VW.W2,,屎降c↘.逃5I,-1,-1,386,True
2012/5/25,0.28,0.28,4.49,z丁↘忑-1.Z-2,5蛀.__Fa震正〇._再D,跌.尾反孕Wo,,屎降z↘,-2,-2,387,True
2012/6/1,0,0,4.76,z丁↘忑-2.Z-3,5蛀.__Fa震正〇._再D,升.尾连oQ.Q2,,屎降z↘,-3,-3,388,True
2012/6/8,-7.98,-7.98,-1.96,z丁↘忑-3.Z-4,7姗.__Fa震正〇._再D,(升)人.连后吞QV,,屎降z↘,-4,-4,389,True
2012/6/15,2.59,2.59,3.2,z丁↘忑-4.Z-5,7姗.__Fa震正〇._再D,(升)人.连后吞QVo,,屎降z↘,-5,-5,390,True
2012/6/21,-4.45,-4.45,2.37,z丁↘忑-5.Z-6,7姗.__Bd龙管杂._主,跌.尾吞oV,,屎降z↘,-6,-6,391,True
2012/6/29,-3.42,-3.42,-0.16,z丁↘忑-6.Z-7,9妩.__Aa龙猪._主,跌.尾连VW.W2,,屎降z↘,-7,-7,392,True
2012/7/6,1.29,1.29,4.5,z丁↘忑-7.Z-8,9妩.__Aa龙猪._主,跌.尾反孕Wo,,屎降z↘,-8,-8,393,True
2012/7/13,-1.11,-1.11,2.38,z丁↘忑-8.Z-9,9妩.__Aa龙猪._主,跌.尾吞oV,,屎降z↘,-9,-9,394,True
2012/7/20,0.48,0.48,3.53,z丁↘忑-9.Z-10,8姖.__Aa龙猪._主,(跌)人.吞吞oVO,,屎降z↘,-10,-10,395,True
2012/7/27,-0.8,-0.8,0.96,z丁↘忑-10.Z-11,8姖.__Aa龙猪._主,(人)人.吞吞* OV,,屎降z↘,-11,-11,396,True
2012/8/3,-3.54,-3.54,2.09,z丁↘忑-11.Z-12,8姖.__Aa龙猪._主,跌.尾连VW.W2,,屎降z↘,-12,-12,397,True
2012/8/10,3.67,3.67,7.68,z丁↘忑-12.Z-13,8姖.__Aa龙猪._主,跌.尾反孕Wo,,屎降z↘,-13,-13,398,True
2012/8/17,-2.74,-2.74,-0.48,z丁↘忑-13.Z-14,9妩.__Aa龙猪._主,(跌)人.孕孕ov,,屎降z↘,-14,-14,399,True
2012/8/24,-3.31,-3.31,0.5,z丁↘忑-14.Z-15,9妩.__Aa龙猪._主,跌.尾连vW.W2,,屎降z↘,-15,-15,400,True
2012/8/31,-2.74,-2.74,-0.34,z丁↘忑-15.Z-16,9妩.__Aa龙猪._主,跌.尾连WW.W3,,屎降z↘,-16,-16,401,True
2012/9/7,9.33,9.33,11.62,y戊↘忠-16.I,4蛀.__Be龙管根._主,(跌)人.连后吞WO,,屎降y↘,1,-17,402,True
2012/9/14,-0.48,-0.48,2.09,y戊↘忠-17.B2,4蛀.__Be龙管根._主,(跌)人.连后吞WOv,,屎降y↘,2,-18,403,True
2012/9/21,-6.96,-6.96,0.81,y戊↘忑-18.Y暂,5暂.__Fa震正〇._主,跌.尾连vW.W2,,屎降y↘,-1,-19,404,True
2012/9/28,7.83,7.83,8.35,y戊↘忠-19.I暂,4暂.__Fe震正根._主,(跌)人.连后吞WO,,屎降y↘,1,-20,405,True
2012/10/12,-1.45,-1.45,1.29,y戊↘忠-20.B2暂,4暂.__Fe震正根._主,(跌)人.连后吞WOv,,屎降y↘,2,-21,406,True
2012/10/19,0.82,0.82,1.8,r己↗忐-21.B3暂,4暂.__Fe震正根.储,(人)人.孕孕vo,,屎降r↗.4暂.__Fe震正根.储.魅6v,3,-22,407,True
2012/10/26,-6.66,-6.66,0.81,y戊↘忑-22.Y暂,5暂.__Fa震正〇._再B,跌.尾吞oV,,屎降y↘,-1,-23,408,True
2012/11/2,5.04,5.04,5.74,y戊↘忑-23.Z-2暂,5暂.__Fa震正〇._再B,跌.尾反孕oVo,,屎降y↘,-2,-24,409,True
2012/11/9,-3.97,-3.97,3.31,y戊↘忑-24.Z-3暂,5暂.__Fa震正〇._再B,(跌)人.孕孕ov,,屎降y↘,-3,-25,410,True
2012/11/16,-6.21,-6.21,1.21,y戊↘忑-25.Z-4,9妩.__Aa龙猪._再B,跌.尾连vW.W2,,屎降y↘,-4,-26,411,True
2012/11/23,-0.74,-0.74,1.1,y戊↘忑-26.Z-5,9妩.__Aa龙猪._主,跌.尾连WW.W3,,屎降y↘,-5,-27,412,True
2012/11/30,-5.74,-5.74,0.19,y戊↘忑-27.Z-6,9妩.__Aa龙猪._主,跌.尾连WW.W4,,屎降y↘,-6,-28,413,True
2012/12/7,0.98,0.98,3.93,y戊↘忑-28.Z-7,9妩.__Aa龙猪._主,跌.尾反孕Wo,,屎降y↘,-7,-29,414,True
2012/12/14,3.31,3.31,6.03,y戊↘忑-29.Z-8,7姗.__Bd龙管杂._主,升.尾连oQ.Q2,,屎降y↘,-8,-30,415,True
2012/12/21,4.14,4.14,9.42,y戊↘忠-30.I,4蛀.__Be龙管根._主,升.尾连QQ.Q3,,屎降y↘,1,-31,416,True
2012/12/28,3.25,3.25,5.79,r己↗忐-31.B2,4蛀.__Fe震正根.储,升.尾连QQ.Q4,,屎降r↗.4蛀.__Fe震正根.储.魅6v,2,-32,417,True
2013/1/4,-0.7,-0.7,3.15,r己↗忐-32.B3,4蛀.__Fe震正根.储,升.尾反孕Qv,,屎降r↗.4蛀.__Fe震正根.储.魅6v,3,-33,418,True
2013/1/11,-0.53,-0.53,4.23,r己↗忐-33.A4,2栅.__Fe震正根.储,跌.尾连vW.W2,,屎降r↗.2栅.__Fe震正根.储.魅6v,4,-34,419,True
2013/1/18,3.72,3.72,8.33,r己↗忐-34.A5,2栅.__Fe震正根.储,(跌)人.连后吞WO,,屎降r↗.2栅.__Fe震正根.储.魅6v,5,-35,420,True
2013/1/25,-3.42,-3.42,3.59,a甲↗上1.A6,2栅.__Ff震负.储,(跌)人.连后吞WOv,,屎降a↗.2栅.__Ff震负.储.魅6w,6,-36,421,True
2013/2/1,6.02,6.02,8.14,a甲↗上2.A7,2栅.Bc龙管栅.储,升.尾吞vO,,唏待a↗.2栅.Bc龙管栅.储,7,1,422,True
2013/2/8,3.34,3.34,7.18,a甲↗上3.A8,0橅.Aa龙猪.储,升.尾连OQ.Q2,,唏待a↗.0橅.Aa龙猪.储,8,2,423,True
2013/2/22,-8.24,-8.24,0.48,b乙→中4.Y,5蛀.__Ff震负._再C,(升)人.连后吞QV,,屎降b→.5蛀.__Ff震负._再C.魅6h,-1,-1,424,True
2013/3/1,-0.88,-0.88,1.06,c丙↘下5.Z-2,5蛀.__Df头负._再C,跌.尾连VW.W2,,屎降c↘.逃5I,-2,-2,425,True
2013/3/8,-2.84,-2.84,0.89,z丁↘忑-1.Z-3,5蛀.__Aa龙猪._再C,跌.尾连WW.W3,,屎降z↘,-3,-3,426,True
2013/3/15,-2.93,-2.93,-0.18,z丁↘忑-2.Z-4,9妩.__Aa龙猪._再C,跌.尾连WW.W4,,屎降z↘,-4,-4,427,True
2013/3/22,0.75,0.75,2.45,z丁↘忑-3.Z-5,9妩.__Aa龙猪._再C,跌.尾反孕Wo,,屎降z↘,-5,-5,428,True
2013/3/29,-5.61,-5.61,1.12,z丁↘忑-4.Z-6,9妩.__Aa龙猪._再C,跌.尾吞oV,,屎降z↘,-6,-6,429,True
2013/4/3,-2.18,-2.18,0.99,z丁↘忑-5.Z-7,9妩.__Aa龙猪._主,跌.尾连VW.W2,,屎降z↘,-7,-7,430,True
2013/4/12,-1.82,-1.82,1.42,z丁↘忑-6.Z-8,9妩.__Aa龙猪._主,跌.尾连WW.W3,,屎降z↘,-8,-8,431,True
2013/4/19,-1.65,-1.65,-0.62,z丁↘忑-7.Z-9,9妩.__Aa龙猪._主,跌.尾连WW.W4,,屎降z↘,-9,-9,432,True
2013/4/26,-11.95,-11.95,-0.42,z丁↘忑-8.Z-10,9妩.__Aa龙猪._主,跌.尾连WW.W5,,屎降z↘,-10,-10,433,True
2013/5/3,0,0,1.19,z丁↘忑-9.Z-11,9妩.__Aa龙猪._主,跌.尾反孕Wo,,屎降z↘,-11,-11,434,True
2013/5/10,0.95,0.95,4.76,z丁↘忑-10.Z-12,7姗.__Bd龙管杂._主,升.尾连oQ.Q2,,屎降z↘,-12,-12,435,True
2013/5/17,10.14,10.14,10.14,y戊↘忠-11.I,4蛀.__Be龙管根._主,升.尾连QQ.Q3,,屎降y↘,1,-13,436,True
2013/5/24,-0.64,-0.64,3.21,y戊↘忠-12.B2,4蛀.__Fe震正根._主,升.尾反孕Qv,,屎降y↘,2,-14,437,True
2013/5/31,3.66,3.66,8.62,y戊↘忠-13.B3,4蛀.__Fe震正根._主,升.尾吞vO,,屎降y↘,3,-15,438,True
2013/6/7,-4.78,-4.78,2.7,y戊↘忠-14.A4,1柜.__Fe震正根._主,(升)人.吞吞vOV,,屎降y↘,4,-16,439,True
2013/6/14,-7.42,-7.42,-1.53,y戊↘忑-15.Y,5蛀.__Fa震正〇._主,跌.尾连VW.W2,,屎降y↘,-1,-17,440,True
2013/6/21,-3.77,-3.77,3.54,y戊↘忑-16.Z-2,5蛀.__Aa龙猪._主,跌.尾连WW.W3,,屎降y↘,-2,-18,441,True
2013/6/28,-13.24,-13.24,-0.25,y戊↘忑-17.Z-3,5蛀.__Aa龙猪._主,跌.尾连WW.W4,,屎降y↘,-3,-19,442,True
2013/7/5,2.26,2.26,5.65,y戊↘忑-18.Z-4,9妩.__Aa龙猪._主,跌.尾反孕Wo,,屎降y↘,-4,-20,443,True
2013/7/12,-2.76,-2.76,2.76,y戊↘忑-19.Z-5,9妩.__Aa龙猪._主,(跌)人.孕孕ov,,屎降y↘,-5,-21,444,True
2013/7/19,-2.84,-2.84,7.1,y戊↘忑-20.Z-6,9妩.__Aa龙猪._主,跌.尾连vW.W2,,屎降y↘,-6,-22,445,True
2013/7/26,0.29,0.29,4.97,y戊↘忑-21.Z-7,9妩.__Aa龙猪._主,跌.尾反孕Wo,,屎降y↘,-7,-23,446,True
2013/8/2,2.62,2.62,4.96,y戊↘忑-22.Z-8,7姗.__Fa震正〇._主,升.尾连oQ.Q2,,屎降y↘,-8,-24,447,True
2013/8/9,7.95,7.95,13.35,y戊↘忠-23.I,4蛀.__Fe震正根._主,升.尾连QQ.Q3,,屎降y↘,1,-25,448,True
2013/8/16,-0.26,-0.26,8.68,y戊↘忠-24.B2,4蛀.__Fe震正根._主,升.尾反孕Qv,,屎降y↘,2,-26,449,True
2013/8/23,-2.64,-2.64,2.64,y戊↘忠-25.B3,4蛀.__Fe震正根._主,跌.尾连vW.W2,,屎降y↘,3,-27,450,True
2013/8/30,0.54,0.54,6.23,y戊↘忠-26.A4,2栅.__Fe震正根._主,跌.尾反孕Wo,,屎降y↘,4,-28,451,True
2013/9/6,1.89,1.89,8.63,y戊↘忠-27.A5,2栅.__Fe震正根._主,升.尾连oQ.Q2,,屎降y↘,5,-29,452,True
2013/9/13,3.17,3.17,10.58,r己↗忐-28.A6,2栅.__Fe震正根.储,升.尾连QQ.Q3,,屎降r↗.2栅.__Fe震正根.储.魅6v,6,-30,453,True
2013/9/18,-4.1,-4.1,0.77,y戊↘忠-29.A7,1柜.__Fe震正根._再B,(升)人.连后吞QV,,屎降y↘,7,-31,454,True
2013/9/27,-2.67,-2.67,1.6,y戊↘忑-30.Y,5蛀.__Fa震正〇._再B,跌.尾连VW.W2,,屎降y↘,-1,-32,455,True
2013/9/30,0.82,0.82,1.1,y戊↘忑-31.Z-2,5蛀.__Fa震正〇._再B,跌.尾反孕Wo,,屎降y↘,-2,-33,456,True
2013/10/11,1.91,1.91,1.91,y戊↘忠-32.I暂,4暂.__Fe震正根._再B,升.尾连oQ.Q2,,屎降y↘,1,-34,457,True
2013/10/18,-2.41,-2.41,2.14,y戊↘忑-33.Y暂,5暂.__Fa震正〇._再B,升.尾反孕Qv,,屎降y↘,-1,-35,458,True
2013/10/25,-0.55,-0.55,7.12,y戊↘忑-34.Z-2暂,5暂.__Fa震正〇._主,跌.尾连vW.W2,,屎降y↘,-2,-36,459,True
2013/11/1,-3.03,-3.03,0.83,y戊↘忑-35.Z-3暂,5暂.__Aa龙猪._主,跌.尾连WW.W3,,屎降y↘,-3,-37,460,True
2013/11/8,-3.41,-3.41,1.7,y戊↘忑-36.Z-4,9妩.__Aa龙猪._主,跌.尾连WW.W4,,屎降y↘,-4,-38,461,True
2013/11/15,0.88,0.88,2.65,y戊↘忑-37.Z-5,9妩.__Aa龙猪._主,跌.尾反孕Wo,,屎降y↘,-5,-39,462,True
2013/11/22,2.33,2.33,4.96,y戊↘忑-38.Z-6,7姗.__Bd龙管杂._主,升.尾连oQ.Q2,,屎降y↘,-6,-40,463,True
2013/11/29,1.71,1.71,3.99,y戊↘忠-39.I,4蛀.__Be龙管根._主,升.尾连QQ.Q3,,屎降y↘,1,-41,464,True
2013/12/6,0,0,0.28,y戊↘忠-40.B2,4蛀.__Fe震正根._主,升.尾连QQ.Q4,,屎降y↘,2,-42,465,True
2013/12/13,-2.8,-2.8,3.92,y戊↘忑-41.Y暂,5暂.__Fa震正〇._主,(升)人.连后吞QV,,屎降y↘,-1,-43,466,True
2013/12/20,-6.05,-6.05,0.58,y戊↘忑-42.Z-2暂,5暂.__Aa龙猪._主,跌.尾连VW.W2,,屎降y↘,-2,-44,467,True
2013/12/27,-2.15,-2.15,0.61,y戊↘忑-43.Z-3暂,5暂.__Aa龙猪._主,跌.尾连WW.W3,,屎降y↘,-3,-45,468,True
2014/1/3,-2.19,-2.19,6.27,y戊↘忑-44.Z-4,9妩.__Aa龙猪._主,跌.尾连WW.W4,,屎降y↘,-4,-46,469,True
2014/1/10,-7.37,-7.37,0,y戊↘忑-45.Z-5,9妩.__Aa龙猪._主,跌.尾连WW.W5,,屎降y↘,-5,-47,470,True
2014/1/17,-2.77,-2.77,2.08,y戊↘忑-46.Z-6,9妩.__Aa龙猪._主,跌.尾连WW.W6,,屎降y↘,-6,-48,471,True
2014/1/24,3.2,3.2,3.91,y戊↘忑-47.Z-7,8姖.__Aa龙猪._主,(跌)人.连后吞WO,,屎降y↘,-7,-49,472,True
2014/1/30,-3.79,-3.79,1.03,y戊↘忑-48.Z-8,8姖.__Aa龙猪._主,(人)人.吞吞* OV,,屎降y↘,-8,-50,473,True
2014/2/7,0.72,0.72,1.08,y戊↘忑-49.Z-9,8姖.__Aa龙猪._主,(人)人.吞吞* OV,,屎降y↘,-9,-51,474,True
2014/2/14,3.56,3.56,6.05,y戊↘忑-50.Z-10,7姗.__Bd龙管杂._主,升.尾连oQ.Q2,,屎降y↘,-10,-52,475,True
2014/2/21,-2.75,-2.75,1.72,y戊↘忑-51.Z-11,7姗.__Bd龙管杂._主,(升)人.连后吞QV,,屎降y↘,-11,-53,476,True
2014/2/28,-9.19,-9.19,-0.71,y戊↘忑-52.Z-12,7姗.__Bd龙管杂._主,跌.尾连VW.W2,,屎降y↘,-12,-54,477,True
2014/3/7,-0.78,-0.78,3.89,y戊↘忑-53.Z-13,7姗.__Bd龙管杂._主,跌.尾连WW.W3,,屎降y↘,-13,-55,478,True
2014/3/14,-5.88,-5.88,-1.57,y戊↘忑-54.Z-14,9妩.__Aa龙猪._主,跌.尾连WW.W4,,屎降y↘,-14,-56,479,True
2014/3/21,9.17,9.17,9.17,y戊↘忑-55.Z-15,8姖.__Aa龙猪._主,(跌)人.连后吞WO,,屎降y↘,-15,-57,480,True
2014/3/28,-3.05,-3.05,0.38,y戊↘忑-56.Z-16,8姖.__Aa龙猪._主,(跌)人.连后吞WOv,,屎降y↘,-16,-58,481,True
2014/4/4,0.79,0.79,1.97,y戊↘忑-57.Z-17,8姖.__Fa震正〇._主,(人)人.孕孕vo,,屎降y↘,-17,-59,482,True
2014/4/11,1.17,1.17,3.91,y戊↘忑-58.Z-18,7姗.__Fa震正〇._主,升.尾连oQ.Q2,,屎降y↘,-18,-60,483,True
2014/4/18,-1.16,-1.16,1.54,y戊↘忑-59.Z-19,7姗.__Fa震正〇._主,升.尾反孕Qv,,屎降y↘,-19,-61,484,True
2014/4/25,-5.47,-5.47,0.39,y戊↘忑-60.Z-20,7姗.__Fa震正〇._主,跌.尾连vW.W2,,屎降y↘,-20,-62,485,True
2014/4/30,-2.07,-2.07,0,y戊↘忑-61.Z-21,7姗.__Bd龙管杂._主,跌.尾连WW.W3,,屎降y↘,-21,-63,486,True
2014/5/9,6.75,6.75,10.13,y戊↘忑-62.Z-22,8姖.__Aa龙猪._主,(跌)人.连后吞WO,,屎降y↘,-22,-64,487,True
2014/5/16,4.74,4.74,20.95,r己↗忐-63.I,4蛀.__Fe震正根.储,升.尾连OQ.Q2,,屎降r↗.4蛀.__Fe震正根.储.魅6v,1,-65,488,True
2014/5/23,-1.89,-1.89,2.26,r己↗忐-64.B2,4蛀.__Fe震正根.储,升.尾反孕Qv,,屎降r↗.4蛀.__Fe震正根.储.魅6v,2,-66,489,True
2014/5/30,-4.23,-4.23,1.54,y戊↘忑-65.Y暂,5暂.__Fa震正〇._再B,跌.尾连vW.W2,,屎降y↘,-1,-67,490,True
2014/6/6,-1.2,-1.2,2.81,y戊↘忑-66.Z-2暂,5暂.__Fa震正〇._再B,跌.尾连WW.W3,,屎降y↘,-2,-68,491,True
2014/6/13,0.41,0.41,1.63,y戊↘忑-67.Z-3暂,5暂.__Fa震正〇._再B,跌.尾反孕Wo,,屎降y↘,-3,-69,492,True
2014/6/20,-3.24,-3.24,0.81,y戊↘忑-68.Z-4,9妩.__Fa震正〇._再B,跌.尾吞oV,,屎降y↘,-4,-70,493,True
2014/6/27,1.67,1.67,5.02,y戊↘忑-69.Z-5,9妩.__Fa震正〇._主,跌.尾反孕oVo,,屎降y↘,-5,-71,494,True
2014/7/4,7.41,7.41,7.41,r己↗忐-70.I,4蛀.__Fe震正根.储,升.尾连oQ.Q2,,屎降r↗.4蛀.__Fe震正根.储.魅6v,1,-72,495,True
2014/7/11,1.92,1.92,9.2,r己↗忐-71.B2,4蛀.__Fe震正根.储,升.尾连QQ.Q3,,屎降r↗.4蛀.__Fe震正根.储.魅6v,2,-73,496,True
2014/7/18,-2.26,-2.26,3.38,a甲↗上1.B3,4蛀.__Ff震负.储,升.尾反孕Qv,,屎降a↗.4蛀.__Ff震负.储.魅6w,3,-74,497,True
2014/7/25,6.92,6.92,8.85,a甲↗上2.A4,0橅.Dd头正芽.储,升.尾吞vO,,唏待a↗.0橅.Dd头正芽.储,4,1,498,True
2014/8/1,5.4,5.4,9.35,a甲↗上3.A5,0橅.Aa龙猪.储,升.尾连OQ.Q2,,唏待a↗.0橅.Aa龙猪.储,5,2,499,True
2014/8/8,-0.34,-0.34,8.53,a甲↗上4.A6,0橅.Aa龙猪.初,升.尾反孕Qv,,唏待a↗.0橅.Aa龙猪.初,6,3,500,True
2014/8/15,0.68,0.68,2.74,a甲↗上5.A7,0橅.Aa龙猪.初,升.尾吞vO,,唏待a↗.0橅.Aa龙猪.初,7,4,501,True
2014/8/22,0,0,5.44,a甲↗上6.A8,0橅.Aa龙猪.初,升.尾连OQ.Q2,,唏待a↗.0橅.Aa龙猪.初,8,5,502,True
2014/8/29,-3.74,-3.74,0,a甲↗上7.A9,1柜.Fa震正〇.初,(升)人.连后吞QV,,唏待a↗.1柜.Fa震正〇.初,9,6,503,True
2014/9/5,4.59,4.59,5.3,a甲↗上8.A10,1柜.Fa震正〇.初,(人)人.吞吞* VO,,唏待a↗.1柜.Fa震正〇.初,10,7,504,True
2014/9/12,0,0,1.69,a甲↗上9.A11,1柜.Fa震正〇.初,升.尾连OQ.Q2,,唏待a↗.1柜.Fa震正〇.初,11,8,505,True
2014/9/19,3.72,3.72,3.72,a甲↗上10.A12,1柜.Fa震正〇.初,升.尾连QQ.Q3,连3,唏待a↗.1柜.Fa震正〇.初,12,9,506,True
2014/9/26,3.58,3.58,9.77,a甲↗上11.A13,0橅.Aa龙猪.主,升.尾连QQ.Q4,连4,唏待a↗.0橅.Aa龙猪.主,13,10,507,True
2014/9/30,1.26,1.26,5.03,a甲↗上12.A14,0橅.Aa龙猪.主,升.尾连QQ.Q5,连5,唏待a↗.0橅.Aa龙猪.主,14,11,508,True
2014/10/10,3.73,3.73,7.14,a甲↗上13.A15,0橅.Aa龙猪.主,升.尾连QQ.Q6,连6,银升a↗.0橅.Aa龙猪.主,15,12,509,True
2014/10/17,-3.89,-3.89,8.68,a甲↗上14.A16,0橅.Aa龙猪.主,升.尾反孕Qv,,银升a↗.0橅.Aa龙猪.主,16,13,510,True
2014/10/24,-4.05,-4.05,1.25,b乙→中15.Y,5蛀.Be龙管根.主,跌.尾连vW.W2,,唏待b→.5蛀.Be龙管根.主,-1,14,511,True
2014/10/31,6.82,6.82,8.12,b乙↗上16.I暂,4暂.Aa龙猪.主,(跌)人.连后吞WO,,银升b↗.4暂.Aa龙猪.主,1,15,512,True
2014/11/7,-2.13,-2.13,2.74,b乙↗上17.B2暂,4暂.Fd震正芽.主,(跌)人.连后吞WOv,,银升b↗.4暂.Fd震正芽.主,2,16,513,True
2014/11/14,5.59,5.59,8.07,b乙↗上18.B3暂,4暂.Fd震正芽.主,升.尾吞vO,,银升b↗.4暂.Fd震正芽.主,3,17,514,True
2014/11/21,-2.94,-2.94,0.88,b乙↗上19.A4,0橅.Fd震正芽.主,升.尾反孕vOv,,银升b↗.0橅.Fd震正芽.主,4,18,515,True
2014/11/28,4.24,4.24,8.79,b乙↗上20.A5,0橅.Fd震正芽.主,升.尾吞vO,,银升b↗.0橅.Fd震正芽.主,5,19,516,True
2014/12/5,12.79,12.79,19.48,b乙↗上21.A6,0橅.Aa龙猪.主,升.尾连OQ.Q2,高,银升b↗.0橅.Aa龙猪.主,6,20,517,True
2014/12/12,-2.06,-2.06,4.9,b乙↗上22.A7,0橅.Aa龙猪.主,升.尾反孕Qv,,银升b↗.0橅.Aa龙猪.主,7,21,518,True
2014/12/19,3.68,3.68,5.79,b乙↗上23.A8,0橅.Aa龙猪.主,升.尾吞vO,,银升b↗.0橅.Aa龙猪.主,8,22,519,True
2014/12/26,4.57,4.57,7.61,b乙↗上24.A9,0橅.Aa龙猪.主,升.尾连OQ.Q2,,银升b↗.0橅.Aa龙猪.主,9,23,520,True
2014/12/31,-0.73,-0.73,3.4,b乙↗上25.A10,0橅.Aa龙猪.主,升.尾反孕Qv,,金升b↗.0橅.Aa龙猪.主,10,24,521,True
2015/1/9,0.49,0.49,13.2,b乙↗上26.A11,0橅.Aa龙猪.主,(升)人.孕孕vo,,金升b↗.0橅.Aa龙猪.主,11,25,522,True
2015/1/16,-3.65,-3.65,-0.97,b乙↗上27.A12,1柜.Aa龙猪.主,跌.尾吞oV,,金升b↗.1柜.Aa龙猪.主,12,26,523,True
2015/1/23,-0.76,-0.76,2.78,b乙→中28.Y,5蛀.Be龙管根.主,跌.尾连VW.W2,,金升b→.5蛀.Be龙管根.主,-1,27,524,True
2015/1/30,-3.82,-3.82,4.83,b乙→中29.Z-2,5蛀.Fe震正根.主,跌.尾连WW.W3,,金升b→.5蛀.Fe震正根.主,-2,28,525,True
2015/2/6,-7.14,-7.14,3.44,c丙↘下30.Z-3,5蛀.Fe震正根.破,跌.尾连WW.W4,宽,金升c↘.被3v,-3,29,526,True
2015/2/13,3.13,3.13,4.56,c丙↘下31.Z-4,9妩.Fe震正根.破,跌.尾反孕Wo,,金升c↘.被3v,-4,30,527,True
2015/2/17,2.49,2.49,7.18,c丙↘下32.Z-5,7姗.Fe震正根.破,升.尾连oQ.Q2,,金升c↘.被3v,-5,31,528,True
2015/2/27,2.43,2.43,3.77,b乙↗上33.I,4蛀.Dd头正芽.再B,升.尾连QQ.Q3,连3,金升b↗.4蛀.Dd头正芽.再B,1,32,529,True
2015/3/6,10.53,10.53,12.63,b乙↗上34.B2,4蛀.Dd头正芽.再B,升.尾连QQ.Q4,连4,金升b↗.4蛀.Dd头正芽.再B,2,33,530,True
2015/3/13,-2.86,-2.86,0.48,b乙↗上35.B3,4蛀.Dd头正芽.再B,升.尾反孕Qv,,金升b↗.4蛀.Dd头正芽.再B,3,34,531,True
2015/3/20,3.68,3.68,5.88,b乙↗上36.A4,0橅.Aa龙猪.再B,升.尾吞vO,,金升b↗.0橅.Aa龙猪.再B,4,35,532,True
2015/3/27,1.89,1.89,3.55,b乙↗上37.A5,0橅.Aa龙猪.主,升.尾连OQ.Q2,,金升b↗.0橅.Aa龙猪.主,5,36,533,True
2015/4/3,3.25,3.25,4.87,b乙↗上38.A6,0橅.Aa龙猪.主,升.尾连QQ.Q3,连3,金升b↗.0橅.Aa龙猪.主,6,37,534,True
2015/4/10,0.67,0.67,3.6,b乙↗上39.A7,0橅.Aa龙猪.主,升.尾连QQ.Q4,连4,金升b↗.0橅.Aa龙猪.主,7,38,535,True
2015/4/17,1.12,1.12,4.24,b乙↗上40.A8,0橅.Aa龙猪.主,升.尾连QQ.Q5,连5,金升b↗.0橅.Aa龙猪.主,8,39,536,True
2015/4/24,8.39,8.39,11.92,b乙↗上41.A9,0橅.Aa龙猪.主,升.尾连QQ.Q6,连6,金升b↗.0橅.Aa龙猪.主,9,40,537,True
2015/4/30,-4.68,-4.68,3.67,b乙↗上42.A10,0橅.Aa龙猪.主,升.尾反孕Qv,,金升b↗.0橅.Aa龙猪.主,10,41,538,True
2015/5/8,-10.26,-10.26,2.14,b乙→中43.Y,5蛀.Be龙管根.主,跌.尾连vW.W2,,金升b→.5蛀.Be龙管根.主,-1,42,539,True
2015/5/15,-1.19,-1.19,3.57,c丙↘下44.Z-2,5蛀.Fe震正根.破,跌.尾连WW.W3,,金升c↘.被3v,-2,43,540,True
2015/5/22,9.64,9.64,10.12,b乙↗上45.I暂,4暂.Dd头正芽.再B,(跌)人.连后吞WO,,金升b↗.4暂.Dd头正芽.再B,1,44,541,True
2015/5/29,-0.66,-0.66,10.11,b乙↗上46.B2暂,4暂.Dd头正芽.再B,(跌)人.连后吞WOv,,金升b↗.4暂.Dd头正芽.再B,2,45,542,True
2015/6/5,18.36,18.36,23.67,b乙↗上47.B3暂,4暂.Aa龙猪.再B,升.尾吞vO,高,金升b↗.4暂.Aa龙猪.再B,3,46,543,True
2015/6/12,2.24,2.24,5.05,b乙↗上48.A4,0橅.Aa龙猪.再B,升.尾连OQ.Q2,,金升b↗.0橅.Aa龙猪.再B,4,47,544,True
2015/6/19,-14.08,-14.08,3.47,b乙↗上49.A5,1柜.Aa龙猪.主,(升)人.连后吞QV,,金升b↗.1柜.Aa龙猪.主,5,48,545,True
2015/6/26,-9.36,-9.36,7.23,c丙↘下50.Y,5蛀.Fe震正根.破,跌.尾连VW.W2,,金升c↘.被3v,-1,49,546,True
2015/7/3,-25.35,-25.35,4.46,z丁↘忑-1.Z-2,5蛀.__Aa龙猪._破,跌.尾连WW.W3,,尿降z↘,-2,-1,547,True
2015/7/10,-0.94,-0.94,10.06,z丁↘忑-2.Z-3,5蛀.__Aa龙猪._初,跌.尾连WW.W4,,尿降z↘,-3,-2,548,True
2015/7/17,5.4,5.4,14.29,z丁↘忑-3.Z-4,9妩.__Aa龙猪._初,跌.尾反孕Wo,,尿降z↘,-4,-3,549,True
2015/7/24,2.71,2.71,9.94,z丁↘忑-4.Z-5,7姗.__Bd龙管杂._初,升.尾连oQ.Q2,,尿降z↘,-5,-4,550,True
2015/7/31,-10.85,-10.85,-1.17,z丁↘忑-5.Z-6,7姗.__Fa震正〇._初,(升)人.连后吞QV,,尿降z↘,-6,-5,551,True
2015/8/7,11.84,11.84,14.47,z丁↘忑-6.Z-7,7姗.__Fa震正〇._初,(人)人.吞吞* VO,,尿降z↘,-7,-6,552,True
2015/8/14,2.35,2.35,6.47,z丁↘忑-7.Z-8,6娝.__Fa震正〇._初,升.尾连OQ.Q2,,尿降z↘,-8,-7,553,True
2015/8/21,-11.78,-11.78,3.74,z丁↘忑-8.Z-9,7姗.__Fa震正〇._主,(升)人.连后吞QV,,尿降z↘,-9,-8,554,True
2015/8/28,-7.49,-7.49,-2.61,z丁↘忑-9.Z-10,7姗.__Bd龙管杂._主,跌.尾连VW.W2,,尿降z↘,-10,-9,555,True
2015/9/2,-11.62,-11.62,-2.11,z丁↘忑-10.Z-11,7姗.__Bd龙管杂._主,跌.尾连WW.W3,,屎降z↘,-11,-10,556,True
2015/9/11,7.57,7.57,10.76,z丁↘忑-11.Z-12,9妩.__Aa龙猪._主,跌.尾反孕Wo,,屎降z↘,-12,-11,557,True
2015/9/18,-2.59,-2.59,3.33,z丁↘忑-12.Z-13,9妩.__Fa震正〇._主,(跌)人.孕孕ov,,屎降z↘,-13,-12,558,True
2015/9/25,20.53,20.53,20.53,y戊↘忠-13.I,4蛀.__Fe震正根._主,升.尾吞vO,,屎降y↘,1,-13,559,True
2015/9/30,-7.89,-7.89,3.79,y戊↘忠-14.B2,4蛀.__Fe震正根._主,升.尾反孕vOv,,屎降y↘,2,-14,560,True
2015/10/9,0.34,0.34,4.11,y戊↘忠-15.B3,4蛀.__Fe震正根._主,(升)人.孕孕vo,,屎降y↘,3,-15,561,True
2015/10/16,7.17,7.17,8.19,y戊↘忠-16.A4,0橅.__Fe震正根._主,升.尾连oQ.Q2,,屎降y↘,4,-16,562,True
2015/10/23,-2.23,-2.23,8.6,y戊↘忠-17.A5,0橅.__Fe震正根._主,升.尾反孕Qv,,屎降y↘,5,-17,563,True
2015/10/30,-6.19,-6.19,1.3,y戊↘忑-18.Y,5蛀.__Fa震正〇._主,跌.尾连vW.W2,,屎降y↘,-1,-18,564,True
2015/11/6,5.9,5.9,6.94,y戊↘忠-19.I暂,4暂.__Fe震正根._主,跌.尾反孕Wo,,屎降y↘,1,-19,565,True
2015/11/13,-1.97,-1.97,5.25,y戊↘忠-20.B2暂,4暂.__Fe震正根._主,(跌)人.孕孕ov,,屎降y↘,2,-20,566,True
2015/11/20,2.68,2.68,5.02,y戊↘忠-21.B3暂,4暂.__Fe震正根._主,升.尾吞vO,,屎降y↘,3,-21,567,True
2015/11/27,-9.77,-9.77,0.33,y戊↘忑-22.Y暂,5暂.__Fa震正〇._主,(升)人.吞吞vOV,,屎降y↘,-1,-22,568,True
2015/12/4,1.44,1.44,3.25,y戊↘忑-23.Z-2暂,5暂.__Aa龙猪._主,(升)人.吞吞vOVo,,屎降y↘,-2,-23,569,True
2015/12/11,0.71,0.71,8.19,y戊↘忑-24.Z-3暂,5暂.__Aa龙猪._主,升.尾连oQ.Q2,,屎降y↘,-3,-24,570,True
2015/12/18,3.18,3.18,4.59,y戊↘忠-25.I暂,4暂.__Be龙管根._主,升.尾连QQ.Q3,,屎降y↘,1,-25,571,True
2015/12/25,4.11,4.11,8.22,r己↗忐-26.B2暂,4暂.__Fe震正根.储,升.尾连QQ.Q4,,屎降r↗.4暂.__Fe震正根.储.魅6v,2,-26,572,True
2015/12/31,-3.29,-3.29,0.99,y戊↘忠-27.B3暂,4暂.__Fe震正根._再B,升.尾反孕Qv,,屎降y↘,3,-27,573,True
2016/1/8,1.02,1.02,2.72,r己↗忐-28.A4,0橅.__Fe震正根.储,(升)人.孕孕vo,,屎降r↗.0橅.__Fe震正根.储.魅6v,4,-28,574,True
2016/1/15,-9.43,-9.43,9.76,y戊↘忑-29.Y,5蛀.__Aa龙猪._再B,跌.尾吞oV,,屎降y↘,-1,-29,575,True
2016/1/22,-4.83,-4.83,-2.23,y戊↘忑-30.Z-2,5蛀.__Aa龙猪._再B,跌.尾连VW.W2,,屎降y↘,-2,-30,576,True
2016/1/29,-8.2,-8.2,3.91,y戊↘忑-31.Z-3,5蛀.__Aa龙猪._再B,跌.尾连WW.W3,,屎降y↘,-3,-31,577,True
2016/2/5,-4.26,-4.26,-0.43,y戊↘忑-32.Z-4,9妩.__Aa龙猪._再B,跌.尾连WW.W4,,屎降y↘,-4,-32,578,True
2016/2/19,4.89,4.89,8.89,y戊↘忑-33.Z-5,8姖.__Aa龙猪._主,(跌)人.连后吞WO,,屎降y↘,-5,-33,579,True
2016/2/26,2.97,2.97,14.41,y戊↘忑-34.Z-6,7姗.__Bd龙管杂._主,升.尾连OQ.Q2,,屎降y↘,-6,-34,580,True
2016/3/4,5.35,5.35,9.47,y戊↘忠-35.I,4蛀.__Fe震正根._主,升.尾连QQ.Q3,,屎降y↘,1,-35,581,True
2016/3/11,-6.64,-6.64,8.98,y戊↘忑-36.Y暂,5暂.__Fa震正〇._主,(升)人.连后吞QV,,屎降y↘,-1,-36,582,True
2016/3/18,4.6,4.6,5.02,y戊↘忠-37.I暂,4暂.__Fe震正根._主,(升)人.连后吞QVo,,屎降y↘,1,-37,583,True
2016/3/25,-1.2,-1.2,3.2,y戊↘忠-38.B2暂,4暂.__Fe震正根._主,(人)人.孕孕vo,,屎降y↘,2,-38,584,True
2016/4/1,1.62,1.62,2.43,y戊↘忠-39.B3暂,4暂.__Fe震正根._主,升.尾吞vO,,屎降y↘,3,-39,585,True
2016/4/8,5.98,5.98,5.98,r己↗忐-40.A4,0橅.__Fe震正根.储,升.尾连OQ.Q2,,屎降r↗.0橅.__Fe震正根.储.魅6v,4,-40,586,True
2016/4/15,13.91,13.91,28.57,a甲↗上1.A5,0橅.Aa龙猪.储,升.尾连QQ.Q3,宽高连3,唏待a↗.0橅.Aa龙猪.储,5,1,587,True
2016/4/22,-4.95,-4.95,0.66,a甲↗上2.A6,0橅.Aa龙猪.储,升.尾反孕Qv,宽,唏待a↗.0橅.Aa龙猪.储,6,2,588,True
2016/4/29,-1.74,-1.74,3.82,a甲↗上3.A7,2栅.Bc龙管栅.储,跌.尾连vW.W2,宽,唏待a↗.2栅.Bc龙管栅.储,7,3,589,True
2016/5/6,-5.65,-5.65,1.41,b乙→中4.Y,5蛀.__Ff震负._再C,跌.尾连WW.W3,,屎降b→.5蛀.__Ff震负._再C.魅6h,-1,-1,590,True
2016/5/13,-7.12,-7.12,-0.75,c丙↘下5.Z-2,5蛀.__Df头负._再C,跌.尾连WW.W4,,屎降c↘.逃5I,-2,-2,591,True
2016/5/20,-1.21,-1.21,4.84,z丁↘忑-1.Z-3,5蛀.__Fa震正〇._再C,跌.尾连WW.W5,,屎降z↘,-3,-3,592,True
2016/5/27,1.22,1.22,3.27,z丁↘忑-2.Z-4,8姖.__Fa震正〇._再C,(跌)人.连后吞WO,,屎降z↘,-4,-4,593,True
2016/6/3,3.23,3.23,5.65,z丁↘忑-3.Z-5,7姗.__Fa震正〇._再C,升.尾连OQ.Q2,,屎降z↘,-5,-5,594,True
2016/6/8,-1.56,-1.56,0,z丁↘忑-4.Z-6,7姗.__Fa震正〇._再C,升.尾反孕Qv,,屎降z↘,-6,-6,595,True
2016/6/17,2.38,2.38,5.16,y戊↘忠-5.I,4蛀.__Be龙管根._主,升.尾吞vO,,屎降y↘,1,-7,596,True
2016/6/24,-3.88,-3.88,1.16,y戊↘忑-6.Y暂,5暂.__Aa龙猪._主,升.尾反孕vOv,,屎降y↘,-1,-8,597,True
2016/7/1,3.63,3.63,5.65,y戊↘忠-7.I暂,4暂.__Be龙管根._主,升.尾吞vO,,屎降y↘,1,-9,598,True
2016/7/8,5.06,5.06,8.56,r己↗忐-8.B2暂,4暂.__Fe震正根.储,升.尾连OQ.Q2,,屎降r↗.4暂.__Fe震正根.储.魅6v,2,-10,599,True
2016/7/15,4.81,4.81,11.85,a甲↗上1.B3暂,4暂.Aa龙猪.储,升.尾连QQ.Q3,连3,唏待a↗.4暂.Aa龙猪.储,3,1,600,True
2016/7/22,-3.89,-3.89,0.35,a甲↗上2.A4,0橅.Aa龙猪.初,升.尾反孕Qv,,唏待a↗.0橅.Aa龙猪.初,4,2,601,True
2016/7/29,0,0,3.68,a甲↗上3.A5,0橅.Aa龙猪.初,(升)人.孕孕vo,,唏待a↗.0橅.Aa龙猪.初,5,3,602,True
2016/8/5,1.47,1.47,3.31,a甲↗上4.A6,0橅.Fa震正〇.初,升.尾连oQ.Q2,,唏待a↗.0橅.Fa震正〇.初,6,4,603,True
2016/8/12,7.61,7.61,11.23,a甲↗上5.A7,0橅.Aa龙猪.初,升.尾连QQ.Q3,连3,银升a↗.0橅.Aa龙猪.初,7,5,604,True
2016/8/19,-1.68,-1.68,3.37,a甲↗上6.A8,0橅.Aa龙猪.初,升.尾反孕Qv,,银升a↗.0橅.Aa龙猪.初,8,6,605,True
2016/8/26,-2.74,-2.74,0.34,a甲↗上7.A9,2栅.Bc龙管栅.初,跌.尾连vW.W2,,唏待a↗.2栅.Bc龙管栅.初,9,7,606,True
2016/9/2,0,0,2.82,a甲↗上8.A10,2栅.Bc龙管栅.初,跌.尾反孕Wo,,唏待a↗.2栅.Bc龙管栅.初,10,8,607,True
2016/9/9,1.06,1.06,4.23,a甲↗上9.A11,2栅.Fa震正〇.主,升.尾连oQ.Q2,,唏待a↗.2栅.Fa震正〇.主,11,9,608,True
2016/9/14,-4.18,-4.18,-1.05,b乙→中10.Y,5蛀.Fe震正根.主,(升)人.连后吞QV,,唏待b→.5蛀.Fe震正根.主,-1,10,609,True
2016/9/23,2.55,2.55,4.36,b乙→中11.Z-2,5蛀.Fe震正根.主,(人)人.吞吞* VO,,唏待b→.5蛀.Fe震正根.主,-2,11,610,True
2016/9/30,3.9,3.9,4.61,b乙↗上12.I暂,4暂.Fd震正芽.主,升.尾连OQ.Q2,,银升b↗.4暂.Fd震正芽.主,1,12,611,True
2016/10/14,0.68,0.68,2.73,b乙↗上13.B2暂,4暂.Fd震正芽.主,升.尾连QQ.Q3,连3,银升b↗.4暂.Fd震正芽.主,2,13,612,True
2016/10/21,4.07,4.07,10.51,b乙↗上14.B3暂,4暂.Aa龙猪.主,升.尾连QQ.Q4,连4,银升b↗.4暂.Aa龙猪.主,3,14,613,True
2016/10/28,10.75,10.75,20.2,b乙↗上15.A4,0橅.Aa龙猪.主,升.尾连QQ.Q5,宽高连5,银升b↗.0橅.Aa龙猪.主,4,15,614,True
2016/11/4,0,0,3.53,b乙↗上16.A5,0橅.Aa龙猪.主,升.尾连QQ.Q6,连6,银升b↗.0橅.Aa龙猪.主,5,16,615,True
2016/11/11,4.12,4.12,8.53,b乙↗上17.A6,0橅.Aa龙猪.主,升.尾连QQ.Q7,连7,银升b↗.0橅.Aa龙猪.主,6,17,616,True
2016/11/18,-2.54,-2.54,8.19,b乙↗上18.A7,0橅.Aa龙猪.主,升.尾反孕Qv,,银升b↗.0橅.Aa龙猪.主,7,18,617,True
2016/11/25,-1.45,-1.45,2.32,b乙↗上19.A8,2栅.Bc龙管栅.主,跌.尾连vW.W2,,金升b↗.2栅.Bc龙管栅.主,8,19,618,True
2016/12/2,-5.59,-5.59,1.47,b乙→中20.Y,5蛀.Be龙管根.主,跌.尾连WW.W3,,金升b→.5蛀.Be龙管根.主,-1,20,619,True
2016/12/9,0.93,0.93,3.43,b乙→中21.Z-2,5蛀.Fe震正根.主,跌.尾反孕Wo,,金升b→.5蛀.Fe震正根.主,-2,21,620,True
2016/12/16,-4.94,-4.94,1.23,c丙↘下22.Z-3,5蛀.Fe震正根.破,跌.尾吞oV,,金升c↘.被3v,-3,22,621,True
2016/12/23,-4.22,-4.22,0.97,c丙↘下23.Z-4,9妩.__Df头负._破,跌.尾连VW.W2,,嘘待c↘.逃4v,-4,-1,622,True
2016/12/30,-0.68,-0.68,0.34,z丁↘忑-1.Z-5,9妩.__Aa龙猪._破,跌.尾连WW.W3,,尿降z↘,-5,-2,623,True
2017/1/6,4.44,4.44,6.14,z丁↘忑-2.Z-6,8姖.__Aa龙猪._破,(跌)人.连后吞WO,,嘘待z↘,-6,-3,624,True
2017/1/13,-2.29,-2.29,3.59,z丁↘忑-3.Z-7,8姖.__Aa龙猪._破,(跌)人.连后吞WOv,,嘘待z↘,-7,-4,625,True
2017/1/20,1,1,1.34,z丁↘忑-4.Z-8,8姖.__Aa龙猪._破,(人)人.孕孕vo,,嘘待z↘,-8,-5,626,True
2017/1/26,3.97,3.97,4.3,r己↗忐-5.I,4蛀.Df头负.再C,升.尾连oQ.Q2,,金升r↗.4蛀.Df头负.再C.口2I,1,1,627,True
2017/2/3,-0.64,-0.64,1.59,r己↗忐-6.B2,4蛀.Df头负.再C,升.尾反孕Qv,,金升r↗.4蛀.Df头负.再C.口2I,2,2,628,True
2017/2/10,4.81,4.81,6.09,a甲↗上1.B3,4蛀.Dd头正芽.再C,升.尾吞vO,,金升a↗.4蛀.Dd头正芽.再C,3,3,629,True
2017/2/17,5.5,5.5,14.07,a甲↗上2.A4,0橅.Aa龙猪.再C,升.尾连OQ.Q2,,金升a↗.0橅.Aa龙猪.再C,4,4,630,True
2017/2/24,1.45,1.45,5.22,a甲↗上3.A5,0橅.Aa龙猪.再C,升.尾连QQ.Q3,连3,金升a↗.0橅.Aa龙猪.再C,5,5,631,True
2017/3/3,1.43,1.43,6.29,a甲↗上4.A6,0橅.Aa龙猪.再C,升.尾连QQ.Q4,连4,金升a↗.0橅.Aa龙猪.再C,6,6,632,True
2017/3/10,-3.1,-3.1,3.1,a甲↗上5.A7,1柜.Fa震正〇.主,(升)人.连后吞QV,,金升a↗.1柜.Fa震正〇.主,7,7,633,True
2017/3/17,5.23,5.23,8.14,a甲↗上6.A8,1柜.Fa震正〇.主,(人)人.吞吞* VO,,金升a↗.1柜.Fa震正〇.主,8,8,634,True
2017/3/24,3.59,3.59,9.39,a甲↗上7.A9,1柜.Aa龙猪.主,升.尾连OQ.Q2,,金升a↗.1柜.Aa龙猪.主,9,9,635,True
2017/3/31,9.6,9.6,10.13,a甲↗上8.A10,1柜.Aa龙猪.主,升.尾连QQ.Q3,连3,金升a↗.1柜.Aa龙猪.主,10,10,636,True
2017/4/7,2.19,2.19,3.89,a甲↗上9.A11,0橅.Aa龙猪.主,升.尾连QQ.Q4,连4,金升a↗.0橅.Aa龙猪.主,11,11,637,True
2017/4/14,-12.62,-12.62,2.38,b乙→中10.Y,5蛀.Be龙管根.主,(升)人.连后吞QV,,金升b→.5蛀.Be龙管根.主,-1,12,638,True
2017/4/21,-1.63,-1.63,1.36,b乙→中11.Z-2,5蛀.Be龙管根.主,跌.尾连VW.W2,,金升b→.5蛀.Be龙管根.主,-2,13,639,True
2017/4/28,0.83,0.83,2.22,b乙→中12.Z-3,5蛀.Be龙管根.主,跌.尾反孕Wo,,金升b→.5蛀.Be龙管根.主,-3,14,640,True
2017/5/5,-9.89,-9.89,0.55,c丙↘下13.Z-4,9妩.__Df头负._破,跌.尾吞oV,,嘘待c↘.逃4v,-4,-1,641,True
2017/5/12,-2.13,-2.13,0.61,z丁↘忑-1.Z-5,9妩.__Aa龙猪._破,跌.尾连VW.W2,,嘘待z↘,-5,-2,642,True
2017/5/19,0.93,0.93,4.36,z丁↘忑-2.Z-6,9妩.__Aa龙猪._破,跌.尾反孕Wo,,嘘待z↘,-6,-3,643,True
2017/5/26,3.7,3.7,5.86,z丁↘忑-3.Z-7,7姗.__Bd龙管杂._破,升.尾连oQ.Q2,,嘘待z↘,-7,-4,644,True
2017/6/2,0.3,0.3,1.19,z丁↘忑-4.Z-8,6娝.__Fa震正〇._初,升.尾连QQ.Q3,,嘘待z↘,-8,-5,645,True
2017/6/9,2.08,2.08,3.56,y戊↘忠-5.I,4蛀.Ff震负.再D,升.尾连QQ.Q4,连4,金升y↘.警3h,1,1,646,True
2017/6/16,3.49,3.49,5.23,r己↗忐-6.B2,4蛀.Df头负.再D,升.尾连QQ.Q5,连5,金升r↗.4蛀.Df头负.再D.口2I,2,2,647,True
2017/6/23,1.69,1.69,3.65,a甲↗上1.B3,4蛀.Dd头正芽.再D,升.尾连QQ.Q6,连6,金升a↗.4蛀.Dd头正芽.再D,3,3,648,True
2017/6/30,4.97,4.97,8.01,a甲↗上2.A4,0橅.Aa龙猪.再D,升.尾连QQ.Q7,连7,金升a↗.0橅.Aa龙猪.再D,4,4,649,True
2017/7/7,9.47,9.47,10.26,a甲↗上3.A5,0橅.Aa龙猪.再D,升.尾连QQ.Q8,连8,金升a↗.0橅.Aa龙猪.再D,5,5,650,True
2017/7/14,6.49,6.49,8.65,a甲↗上4.A6,0橅.Aa龙猪.再D,升.尾连QQ.Q9,连9,金升a↗.0橅.Aa龙猪.再D,6,6,651,True
2017/7/21,28.44,28.44,31.83,a甲↗上5.A7,0橅.Aa龙猪.主,升.尾连QQ.Q10,宽高连10,金升a↗.0橅.Aa龙猪.主,7,7,652,True
2017/7/28,-9.67,-9.67,0.7,a甲↗上6.A8,0橅.Aa龙猪.主,升.尾反孕Qv,宽,金升a↗.0橅.Aa龙猪.主,8,8,653,True
2017/8/4,1.75,1.75,12.45,a甲↗上7.A9,0橅.Aa龙猪.主,(升)人.孕孕vo,宽,金升a↗.0橅.Aa龙猪.主,9,9,654,True
2017/8/11,-0.19,-0.19,14.34,a甲↗上8.A10,0橅.Aa龙猪.主,(人)人.孕孕vo,,金升a↗.0橅.Aa龙猪.主,10,10,655,True
2017/8/18,6.51,6.51,6.9,a甲↗上9.A11,0橅.Aa龙猪.主,升.尾吞vO,,金升a↗.0橅.Aa龙猪.主,11,11,656,True
2017/8/25,-3.42,-3.42,3.24,a甲↗上10.A12,0橅.Aa龙猪.主,升.尾反孕vOv,,金升a↗.0橅.Aa龙猪.主,12,12,657,True
2017/9/1,12.1,12.1,18.06,a甲↗上11.A13,0橅.Aa龙猪.主,升.尾吞vO,高,金升a↗.0橅.Aa龙猪.主,13,13,658,True
2017/9/8,-2.99,-2.99,1.5,a甲↗上12.A14,0橅.Aa龙猪.主,升.尾反孕vOv,,金升a↗.0橅.Aa龙猪.主,14,14,659,True
2017/9/15,-7.36,-7.36,4.28,a甲↗上13.A15,2栅.Bc龙管栅.主,跌.尾连vW.W2,,金升a↗.2栅.Bc龙管栅.主,15,15,660,True
2017/9/22,-0.92,-0.92,2.59,b乙→中14.Y,5蛀.Fe震正根.主,跌.尾连WW.W3,,金升b→.5蛀.Fe震正根.主,-1,16,661,True
2017/9/29,-0.56,-0.56,1.49,b乙→中15.Z-2,5蛀.Fe震正根.主,跌.尾连WW.W4,,金升b→.5蛀.Fe震正根.主,-2,17,662,True
2017/10/13,-3.19,-3.19,1.31,b乙→中16.Z-3,5蛀.Fe震正根.主,跌.尾连WW.W5,,金升b→.5蛀.Fe震正根.主,-3,18,663,True
2017/10/20,-5.23,-5.23,1.36,c丙↘下17.Z-4,9妩.Fe震正根.破,跌.尾连WW.W6,,金升c↘.被3v,-4,19,664,True
2017/10/27,2.25,2.25,6.95,c丙↘下18.Z-5,9妩.Fe震正根.破,跌.尾反孕Wo,,金升c↘.被3v,-5,20,665,True
2017/11/3,-5,-5,0.4,z丁↘忑-1.Z-6,9妩.Ff震负.破,跌.尾吞oV,,金升z↘.警3w,-6,21,666,True
2017/11/10,5.26,5.26,9.68,z丁↘忑-2.Z-7,8姖.Ff震负.破,(跌)人.吞吞oVO,,金升z↘.警3w,-7,22,667,True
2017/11/17,-5.4,-5.4,6,z丁↘忑-3.Z-8,8姖.Ff震负.破,(人)人.吞吞* OV,,金升z↘.警3w,-8,23,668,True
2017/11/24,1.9,1.9,4.23,z丁↘忑-4.Z-9,8姖.Ff震负.破,(人)人.吞吞* OV,,金升z↘.警3w,-9,24,669,True
2017/12/1,4.98,4.98,7.68,y戊↘忠-5.I,4蛀.Ff震负.再C,升.尾连oQ.Q2,,金升y↘.警3h,1,25,670,True
2017/12/8,-6.32,-6.32,2.96,y戊↘忑-6.Y暂,5暂.Ff震负.破,(升)人.连后吞QV,,金升y↘.警3w,-1,26,671,True
2017/12/15,-2.32,-2.32,1.69,y戊↘忑-7.Z-2暂,5暂.__Fa震正〇._破,跌.尾连VW.W2,,嘘待y↘,-2,-1,672,True
2017/12/22,2.59,2.59,6.05,y戊↘忑-8.Z-3暂,5暂.__Fa震正〇._破,跌.尾反孕Wo,,嘘待y↘,-3,-2,673,True
2017/12/29,2.74,2.74,4.21,y戊↘忠-9.I暂,4暂.Ff震负.再C,升.尾连oQ.Q2,,金升y↘.警3h,1,1,674,True
2018/1/5,5.12,5.12,6.97,r己↗忐-10.B2暂,4暂.Df头负.再C,升.尾连QQ.Q3,连3,金升r↗.4暂.Df头负.再C.口2I,2,2,675,True
2018/1/12,-0.58,-0.58,7.99,a甲↗上1.B3暂,4暂.Aa龙猪.再C,升.尾反孕Qv,,金升a↗.4暂.Aa龙猪.再C,3,3,676,True
2018/1/19,-2.35,-2.35,0.39,a甲↗上2.A4,2栅.Bc龙管栅.再C,跌.尾连vW.W2,,金升a↗.2栅.Bc龙管栅.再C,4,4,677,True
2018/1/26,2.61,2.61,6.63,a甲↗上3.A5,2栅.Bc龙管栅.再C,(跌)人.连后吞WO,,金升a↗.2栅.Bc龙管栅.再C,5,5,678,True
2018/2/2,5.48,5.48,5.87,a甲↗上4.A6,2栅.Fa震正〇.再C,升.尾连OQ.Q2,,金升a↗.2栅.Fa震正〇.再C,6,6,679,True
2018/2/9,-12.06,-12.06,8.16,c丙↘下5.Y,5蛀.Fe震正根.破,(升)人.连后吞QV,,金升c↘.被3v,-1,7,680,True
2018/2/14,0,0,2.74,z丁↘忑-1.Z-2,5蛀.__Fa震正〇._破,(升)人.连后吞QVo,,嘘待z↘,-2,-1,681,True
2018/2/23,5.27,5.27,6.12,z丁↘忑-2.Z-3,5蛀.Ff震负.破,升.尾连oQ.Q2,,金升z↘.警3w,-3,1,682,True
2018/3/2,-6.01,-6.01,1.4,z丁↘忑-3.Z-4,7姗.__Fa震正〇._破,(升)人.连后吞QV,,嘘待z↘,-4,-1,683,True
2018/3/9,1.07,1.07,4.26,z丁↘忑-4.Z-5,7姗.__Fa震正〇._初,(升)人.连后吞QVo,,嘘待z↘,-5,-2,684,True
2018/3/16,-5.06,-5.06,1.9,z丁↘忑-5.Z-6,7姗.__Bd龙管杂._初,跌.尾吞oV,,嘘待z↘,-6,-3,685,True
2018/3/23,-14.89,-14.89,-0.89,z丁↘忑-6.Z-7,9妩.__Aa龙猪._初,跌.尾连VW.W2,,尿降z↘,-7,-4,686,True
2018/3/30,4.44,4.44,5.48,z丁↘忑-7.Z-8,9妩.__Aa龙猪._初,跌.尾反孕Wo,,尿降z↘,-8,-5,687,True
2018/4/4,-4.5,-4.5,2.25,z丁↘忑-8.Z-9,9妩.__Aa龙猪._初,(跌)人.孕孕ov,,尿降z↘,-9,-6,688,True
2018/4/13,2.36,2.36,4.19,z丁↘忑-9.Z-10,9妩.__Aa龙猪._初,(人)人.孕孕vo,,尿降z↘,-10,-7,689,True
2018/4/20,-4.86,-4.86,-0.77,z丁↘忑-10.Z-11,9妩.__Aa龙猪._主,跌.尾吞oV,,尿降z↘,-11,-8,690,True
2018/4/27,0,0,4.57,z丁↘忑-11.Z-12,9妩.__Aa龙猪._主,跌.尾反孕oVo,,尿降z↘,-12,-9,691,True
2018/5/4,-7.8,-7.8,-1.88,z丁↘忑-12.Z-13,9妩.__Aa龙猪._主,跌.尾吞oV,,尿降z↘,-13,-10,692,True
2018/5/11,3.21,3.21,4.08,z丁↘忑-13.Z-14,9妩.__Aa龙猪._主,跌.尾反孕oVo,,尿降z↘,-14,-11,693,True
2018/5/18,1.69,1.69,1.98,z丁↘忑-14.Z-15,7姗.__Bd龙管杂._主,升.尾连oQ.Q2,,尿降z↘,-15,-12,694,True
2018/5/25,-4.72,-4.72,1.39,z丁↘忑-15.Z-16,7姗.__Fa震正〇._主,(升)人.连后吞QV,,屎降z↘,-16,-13,695,True
2018/6/1,-2.92,-2.92,1.75,z丁↘忑-16.Z-17,7姗.__Bd龙管杂._主,跌.尾连VW.W2,,屎降z↘,-17,-14,696,True
2018/6/8,0.3,0.3,3.9,z丁↘忑-17.Z-18,7姗.__Bd龙管杂._主,跌.尾反孕Wo,,屎降z↘,-18,-15,697,True
2018/6/15,5.69,5.69,7.49,y戊↘忠-18.I,4蛀.__Be龙管根._主,升.尾连oQ.Q2,,屎降y↘,1,-16,698,True
2018/6/22,5.1,5.1,7.08,y戊↘忠-19.B2,4蛀.__Be龙管根._主,升.尾连QQ.Q3,,屎降y↘,2,-17,699,True
2018/6/29,-5.12,-5.12,1.08,y戊↘忠-20.B3,4蛀.__Be龙管根._主,升.尾反孕Qv,,屎降y↘,3,-18,700,True
2018/7/6,-11.93,-11.93,-0.85,y戊↘忑-21.Y暂,5暂.__Aa龙猪._主,跌.尾连vW.W2,,屎降y↘,-1,-19,701,True
2018/7/13,1.29,1.29,4.52,y戊↘忑-22.Z-2暂,5暂.__Aa龙猪._主,跌.尾反孕Wo,,屎降y↘,-2,-20,702,True
2018/7/20,0,0,2.55,y戊↘忑-23.Z-3暂,5暂.__Aa龙猪._主,升.尾连oQ.Q2,,屎降y↘,-3,-21,703,True
2018/7/27,5.73,5.73,7.96,y戊↘忑-24.Z-4,6娝.__Fa震正〇._主,升.尾连QQ.Q3,,屎降y↘,-4,-22,704,True
2018/8/3,-1.81,-1.81,2.11,y戊↘忑-25.Z-5,6娝.__Fa震正〇._主,升.尾反孕Qv,,屎降y↘,-5,-23,705,True
2018/8/10,2.15,2.15,5.83,y戊↘忠-26.I,4蛀.__Fe震正根._主,(升)人.孕孕vo,,屎降y↘,1,-24,706,True
2018/8/17,-4.8,-4.8,1.2,y戊↘忑-27.Y暂,5暂.__Fa震正〇._主,跌.尾吞oV,,屎降y↘,-1,-25,707,True
2018/8/24,-1.89,-1.89,2.84,y戊↘忑-28.Z-2暂,5暂.__Fa震正〇._主,跌.尾连VW.W2,,屎降y↘,-2,-26,708,True
2018/8/31,0.32,0.32,4.18,y戊↘忑-29.Z-3暂,5暂.__Fa震正〇._主,跌.尾反孕Wo,,屎降y↘,-3,-27,709,True
2018/9/7,0.32,0.32,2.24,y戊↘忑-30.Z-4,7姗.__Fa震正〇._主,升.尾连oQ.Q2,,屎降y↘,-4,-28,710,True
2018/9/14,-1.92,-1.92,0.64,y戊↘忑-31.Z-5,7姗.__Bd龙管杂._主,(升)人.连后吞QV,,屎降y↘,-5,-29,711,True
2018/9/21,3.91,3.91,4.56,y戊↘忠-32.I,4蛀.__Be龙管根._主,(人)人.吞吞* VO,,屎降y↘,1,-30,712,True
2018/9/28,0.94,0.94,1.88,y戊↘忠-33.B2,4蛀.__Be龙管根._主,升.尾连OQ.Q2,,屎降y↘,2,-31,713,True
2018/10/12,-2.48,-2.48,2.8,y戊↘忑-34.Y暂,5暂.__Aa龙猪._主,(升)人.连后吞QV,,屎降y↘,-1,-32,714,True
2018/10/19,-7.96,-7.96,0.32,y戊↘忑-35.Z-2暂,5暂.__Aa龙猪._主,跌.尾连VW.W2,,屎降y↘,-2,-33,715,True
2018/10/26,5.88,5.88,8.3,y戊↘忑-36.Z-3暂,5暂.__Aa龙猪._主,跌.尾反孕Wo,,屎降y↘,-3,-34,716,True
2018/11/2,2.29,2.29,2.29,y戊↘忠-37.I暂,4暂.__Be龙管根._主,升.尾连oQ.Q2,,屎降y↘,1,-35,717,True
2018/11/9,-3.19,-3.19,0,y戊↘忑-38.Y暂,5暂.__Fa震正〇._主,(升)人.连后吞QV,,屎降y↘,-1,-36,718,True
2018/11/16,4.95,4.95,6.27,r己↗忐-39.I暂,4暂.__Fe震正根.储,(人)人.吞吞* VO,,屎降r↗.4暂.__Fe震正根.储.魅6v,1,-37,719,True
2018/11/23,-6.92,-6.92,0,y戊↘忑-40.Y暂,5暂.__Fa震正〇._再B,(人)人.吞吞* OV,,屎降y↘,-1,-38,720,True
2018/11/30,-0.68,-0.68,1.35,y戊↘忑-41.Z-2暂,5暂.__Fa震正〇._再B,跌.尾连VW.W2,,屎降y↘,-2,-39,721,True
2018/12/7,2.38,2.38,4.08,y戊↘忑-42.Z-3暂,5暂.__Fa震正〇._再B,(跌)人.连后吞WO,,屎降y↘,-3,-40,722,True
2018/12/14,-2.66,-2.66,0.66,y戊↘忑-43.Z-4,8姖.__Fa震正〇._再B,(人)人.吞吞* OV,,屎降y↘,-4,-41,723,True
2018/12/21,-2.73,-2.73,0.34,y戊↘忑-44.Z-5,8姖.__Fa震正〇._主,跌.尾连VW.W2,,屎降y↘,-5,-42,724,True
2018/12/28,-2.46,-2.46,0.7,y戊↘忑-45.Z-6,8姖.__Aa龙猪._主,跌.尾连WW.W3,,屎降y↘,-6,-43,725,True
2019/1/4,2.16,2.16,2.88,y戊↘忑-46.Z-7,8姖.__Aa龙猪._主,(跌)人.连后吞WO,,屎降y↘,-7,-44,726,True
2019/1/11,0.7,0.7,2.46,y戊↘忑-47.Z-8,7姗.__Bd龙管杂._主,升.尾连OQ.Q2,,屎降y↘,-8,-45,727,True
2019/1/18,3.5,3.5,4.2,y戊↘忠-48.I,4蛀.__Be龙管根._主,升.尾连QQ.Q3,,屎降y↘,1,-46,728,True
2019/1/25,-2.7,-2.7,0.34,y戊↘忠-49.B2,4蛀.__Fe震正根._主,升.尾反孕Qv,,屎降y↘,2,-47,729,True
2019/2/1,1.04,1.04,1.39,y戊↘忠-50.B3,4蛀.__Fe震正根._主,(升)人.孕孕vo,,屎降y↘,3,-48,730,True
2019/2/15,2.75,2.75,4.81,r己↗忐-51.A4,0橅.__Fe震正根.储,升.尾连oQ.Q2,,屎降r↗.0橅.__Fe震正根.储.魅6v,4,-49,731,True
2019/2/22,2.34,2.34,4.35,a甲↗上1.A5,0橅.__Ff震负.储,升.尾连QQ.Q3,,屎降a↗.0橅.__Ff震负.储.魅6w,5,-50,732,True
2019/3/1,7.52,7.52,11.76,a甲↗上2.A6,0橅.Aa龙猪.储,升.尾连QQ.Q4,连4,唏待a↗.0橅.Aa龙猪.储,6,1,733,True
2019/3/8,4.86,4.86,12.77,a甲↗上3.A7,0橅.Aa龙猪.初,升.尾连QQ.Q5,连5,唏待a↗.0橅.Aa龙猪.初,7,2,734,True
2019/3/15,0.87,0.87,5.51,a甲↗上4.A8,0橅.Aa龙猪.初,升.尾连QQ.Q6,连6,银升a↗.0橅.Aa龙猪.初,8,3,735,True
2019/3/22,1.15,1.15,3.16,a甲↗上5.A9,0橅.Aa龙猪.初,升.尾连QQ.Q7,连7,银升a↗.0橅.Aa龙猪.初,9,4,736,True
2019/3/29,8.81,8.81,11.65,a甲↗上6.A10,0橅.Aa龙猪.初,升.尾连QQ.Q8,连8,银升a↗.0橅.Aa龙猪.初,10,5,737,True
2019/4/4,10.18,10.18,12.01,a甲↗上7.A11,0橅.Aa龙猪.初,升.尾连QQ.Q9,连9,银升a↗.0橅.Aa龙猪.初,11,6,738,True
2019/4/12,2.61,2.61,6.16,a甲↗上8.A12,0橅.Aa龙猪.初,升.尾连QQ.Q10,连10,银升a↗.0橅.Aa龙猪.初,12,7,739,True
2019/4/19,0.69,0.69,2.08,a甲↗上9.A13,0橅.Aa龙猪.主,升.尾连QQ.Q11,连11,银升a↗.0橅.Aa龙猪.主,13,8,740,True
2019/4/26,-8.94,-8.94,0.46,a甲↗上10.A14,1柜.Aa龙猪.主,(升)人.连后吞QV,,银升a↗.1柜.Aa龙猪.主,14,9,741,True
2019/4/30,-1.76,-1.76,0.76,b乙→中11.Y,5蛀.Fe震正根.主,跌.尾连VW.W2,,银升b→.5蛀.Fe震正根.主,-1,10,742,True
2019/5/10,-6.41,-6.41,-1.28,b乙→中12.Z-2,5蛀.Fe震正根.主,跌.尾连WW.W3,,银升b→.5蛀.Fe震正根.主,-2,11,743,True
2019/5/17,0,0,3.29,c丙↘下13.Z-3,5蛀.Fe震正根.破,跌.尾反孕Wo,,银升c↘.被3v,-3,12,744,True
2019/5/24,1.37,1.37,6.03,c丙↘下14.Z-4,7姗.Fe震正根.破,升.尾连oQ.Q2,,银升c↘.被3v,-4,13,745,True
2019/5/31,-2.97,-2.97,1.89,c丙↘下15.Z-5,7姗.Fe震正根.破,(升)人.连后吞QV,,银升c↘.被3v,-5,14,746,True
2019/6/6,-3.06,-3.06,0,z丁↘忑-1.Z-6,7姗.__Bd龙管杂._破,跌.尾连VW.W2,,屎降z↘,-6,-1,747,True
2019/6/14,0.86,0.86,3.16,z丁↘忑-2.Z-7,7姗.__Bd龙管杂._破,跌.尾反孕Wo,,屎降z↘,-7,-2,748,True
2019/6/21,5.13,5.13,5.98,y戊↘忠-3.I,4蛀.Ff震负.再C,升.尾连oQ.Q2,,金升y↘.警3h,1,1,749,True
2019/6/28,-0.81,-0.81,1.36,y戊↘忠-4.B2,4蛀.Ff震负.再C,升.尾反孕Qv,,金升y↘.警3h,2,2,750,True
2019/7/5,0,0,1.64,r己↗忐-5.B3,4蛀.Df头负.再C,(升)人.孕孕vo,,金升r↗.4蛀.Df头负.再C.口2I,3,3,751,True
2019/7/12,-5.19,-5.19,-0.27,y戊↘忑-6.Y暂,5暂.__Fa震正〇._破,跌.尾吞oV,,尿降y↘,-1,-1,752,True
2019/7/19,1.15,1.15,2.59,y戊↘忑-7.Z-2暂,5暂.__Fa震正〇._破,跌.尾反孕oVo,,尿降y↘,-2,-2,753,True
2019/7/26,-1.14,-1.14,0.57,y戊↘忑-8.Z-3暂,5暂.__Fa震正〇._初,(跌)人.孕孕ov,,尿降y↘,-3,-3,754,True
2019/8/2,-4.61,-4.61,0.29,y戊↘忑-9.Z-4,9妩.__Aa龙猪._初,跌.尾连vW.W2,,屎降y↘,-4,-4,755,True
2019/8/9,-6.65,-6.65,0.3,y戊↘忑-10.Z-5,9妩.__Aa龙猪._初,跌.尾连WW.W3,,屎降y↘,-5,-5,756,True
2019/8/16,2.59,2.59,3.24,y戊↘忑-11.Z-6,9妩.__Aa龙猪._初,跌.尾反孕Wo,,屎降y↘,-6,-6,757,True
2019/8/23,12.62,12.62,13.56,y戊↘忠-12.I,4蛀.__Be龙管根._初,升.尾连oQ.Q2,,屎降y↘,1,-7,758,True
2019/8/30,0.84,0.84,4.2,r己↗忐-13.B2,4蛀.Df头负.储,升.尾连QQ.Q3,连3,银升r↗.4蛀.Df头负.储.口1v,2,1,759,True
2019/9/6,0.28,0.28,2.5,r己↗忐-14.B3,4蛀.Df头负.储,升.尾连QQ.Q4,连4,银升r↗.4蛀.Df头负.储.口1v,3,2,760,True
2019/9/12,3.05,3.05,6.37,a甲↗上1.A4,0橅.Aa龙猪.初,升.尾连QQ.Q5,连5,银升a↗.0橅.Aa龙猪.初,4,3,761,True
2019/9/20,-4.3,-4.3,2.96,a甲↗上2.A5,1柜.Aa龙猪.初,(升)人.连后吞QV,,银升a↗.1柜.Aa龙猪.初,5,4,762,True
2019/9/27,-2.25,-2.25,-0.28,c丙↘下3.Y,5蛀.Fe震正根.破,跌.尾连VW.W2,,唏待c↘.被3v,-1,5,763,True
2019/9/30,0,0,0.57,c丙↘下4.Z-2,5蛀.__Df头负._破,跌.尾反孕Wo,,屎降c↘.逃4v,-2,-1,764,True
2019/10/11,3.16,3.16,3.16,b乙↗上5.I暂,4暂.Dd头正芽.再B,升.尾连oQ.Q2,,银升b↗.4暂.Dd头正芽.再B,1,1,765,True
2019/10/18,-2.79,-2.79,1.95,c丙↘下6.Y暂,5暂.__Df头负._破,升.尾反孕Qv,,屎降c↘.逃4v,-1,-1,766,True
2019/10/25,0.29,0.29,2.87,z丁↘忑-1.Z-2暂,5暂.__Fa震正〇._破,(升)人.孕孕vo,,屎降z↘,-2,-2,767,True
2019/11/1,-2.86,-2.86,1.14,z丁↘忑-2.Z-3暂,5暂.__Aa龙猪._初,跌.尾吞oV,,屎降z↘,-3,-3,768,True
2019/11/8,-0.59,-0.59,1.47,z丁↘忑-3.Z-4,9妩.__Aa龙猪._初,跌.尾连VW.W2,,屎降z↘,-4,-4,769,True
2019/11/15,-3.85,-3.85,-0.3,z丁↘忑-4.Z-5,9妩.__Aa龙猪._初,跌.尾连WW.W3,,屎降z↘,-5,-5,770,True
2019/11/22,6.46,6.46,8,z丁↘忑-5.Z-6,8姖.__Aa龙猪._初,(跌)人.连后吞WO,,屎降z↘,-6,-6,771,True
2019/11/29,3.18,3.18,5.49,r己↗忐-6.I,4蛀.Df头负.储,升.尾连OQ.Q2,,银升r↗.4蛀.Df头负.储.口1v,1,1,772,True
2019/12/6,-3.36,-3.36,0.84,r己↗忐-7.B2,4蛀.__Fe震正根.储,升.尾反孕Qv,,屎降r↗.4蛀.__Fe震正根.储.魅6v,2,-1,773,True
2019/12/13,5.22,5.22,5.8,a甲↗上1.B3,4蛀.Dd头正芽.初,升.尾吞vO,,银升a↗.4蛀.Dd头正芽.初,3,1,774,True
2019/12/20,1.1,1.1,3.86,a甲↗上2.A4,0橅.Aa龙猪.初,升.尾连OQ.Q2,,银升a↗.0橅.Aa龙猪.初,4,2,775,True
2019/12/27,-1.36,-1.36,1.36,a甲↗上3.A5,1柜.Aa龙猪.初,(升)人.连后吞QV,,银升a↗.1柜.Aa龙猪.初,5,3,776,True
2020/1/3,3.04,3.04,4.97,a甲↗上4.A6,1柜.Aa龙猪.初,(人)人.吞吞* VO,,金升a↗.1柜.Aa龙猪.初,6,4,777,True
2020/1/10,-1.61,-1.61,4.29,a甲↗上5.A7,1柜.Aa龙猪.初,(人)人.吞吞* VO,,金升a↗.1柜.Aa龙猪.初,7,5,778,True
2020/1/17,-2.72,-2.72,1.36,b乙→中6.Y,5蛀.Be龙管根.主,跌.尾连vW.W2,,金升b→.5蛀.Be龙管根.主,-1,6,779,True
2020/1/23,-4.76,-4.76,0.56,c丙↘下7.Z-2,5蛀.__Df头负._破,跌.尾连WW.W3,,尿降c↘.逃4v,-2,-1,780,True
2020/2/7,-7.94,-7.94,-6.76,z丁↘忑-1.Z-3,5蛀.__Aa龙猪._初,跌.尾连WW.W4,,屎降z↘,-3,-2,781,True
2020/2/14,0.96,0.96,5.11,z丁↘忑-2.Z-4,8姖.__Aa龙猪._初,(跌)人.连后吞WO,,屎降z↘,-4,-3,782,True
2020/2/21,4.11,4.11,6.01,z丁↘忑-3.Z-5,7姗.__Bd龙管杂._初,升.尾连OQ.Q2,,屎降z↘,-5,-4,783,True
2020/2/28,-6.69,-6.69,-0.3,z丁↘忑-4.Z-6,7姗.__Fa震正〇._初,(升)人.连后吞QV,,屎降z↘,-6,-5,784,True
2020/3/6,7.49,7.49,9.45,z丁↘忑-5.Z-7,6娝.__Fa震正〇._主,(人)人.吞吞* VO,,屎降z↘,-7,-6,785,True
2020/3/13,-7.27,-7.27,-2.12,z丁↘忑-6.Z-8,7姗.__Fa震正〇._主,(人)人.吞吞* OV,,屎降z↘,-8,-7,786,True
2020/3/20,-5.56,-5.56,0.65,z丁↘忑-7.Z-9,8姖.__Aa龙猪._主,跌.尾连VW.W2,,屎降z↘,-9,-8,787,True
2020/3/27,0,0,1.38,z丁↘忑-8.Z-10,8姖.__Aa龙猪._主,跌.尾反孕Wo,,屎降z↘,-10,-9,788,True
2020/4/3,1.38,1.38,2.77,z丁↘忑-9.Z-11,7姗.__Bd龙管杂._主,升.尾连oQ.Q2,,屎降z↘,-11,-10,789,True
2020/4/10,0.68,0.68,2.73,z丁↘忑-10.Z-12,6娝.__Fa震正〇._主,升.尾连QQ.Q3,,屎降z↘,-12,-11,790,True
2020/4/17,0.34,0.34,1.36,z丁↘忑-11.Z-13,6娝.__Fa震正〇._主,升.尾连QQ.Q4,,屎降z↘,-13,-12,791,True
2020/4/24,-1.35,-1.35,1.35,z丁↘忑-12.Z-14,6娝.__Fa震正〇._主,(升)人.连后吞QV,,屎降z↘,-14,-13,792,True
2020/4/30,5.82,5.82,6.85,y戊↘忠-13.I,4蛀.__Fe震正根._主,(人)人.吞吞* VO,,屎降y↘,1,-14,793,True
2020/5/8,0.97,0.97,1.62,r己↗忐-14.B2,4蛀.__Fe震正根.储,升.尾连OQ.Q2,,屎降r↗.4蛀.__Fe震正根.储.魅6v,2,-15,794,True
2020/5/15,-1.6,-1.6,1.6,r己↗忐-15.B3,4蛀.__Fe震正根.储,升.尾反孕Qv,,屎降r↗.4蛀.__Fe震正根.储.魅6v,3,-16,795,True
2020/5/22,-0.65,-0.65,1.63,y戊↘忠-16.A4,2栅.__Fe震正根._再B,跌.尾连vW.W2,,屎降y↘,4,-17,796,True
2020/5/29,0.66,0.66,2.95,y戊↘忠-17.A5,2栅.__Fe震正根._再B,(跌)人.连后吞WO,,屎降y↘,5,-18,797,True
2020/6/5,0.65,0.65,2.28,r己↗忐-18.A6,2栅.__Fe震正根.储,升.尾连OQ.Q2,,屎降r↗.2栅.__Fe震正根.储.魅6v,6,-19,798,True
2020/6/12,-0.32,-0.32,0.97,r己↗忐-19.A7,2栅.__Fe震正根.储,升.尾反孕Qv,,屎降r↗.2栅.__Fe震正根.储.魅6v,7,-20,799,True
2020/6/19,4.22,4.22,6.49,a甲↗上1.A8,0橅.Aa龙猪.储,升.尾吞vO,,唏待a↗.0橅.Aa龙猪.储,8,1,800,True
2020/6/24,-3.12,-3.12,0.31,a甲↗上2.A9,0橅.__Ff震负.储,升.尾反孕vOv,,屎降a↗.0橅.__Ff震负.储.魅6w,9,-1,801,True
2020/7/3,9.97,9.97,10.93,a甲↗上3.A10,0橅.Aa龙猪.初,升.尾吞vO,,银升a↗.0橅.Aa龙猪.初,10,1,802,True
2020/7/10,6.14,6.14,14.04,a甲↗上4.A11,0橅.Aa龙猪.初,升.尾连OQ.Q2,,银升a↗.0橅.Aa龙猪.初,11,2,803,True
2020/7/17,-5.79,-5.79,3.31,a甲↗上5.A12,1柜.Aa龙猪.初,(升)人.连后吞QV,,银升a↗.1柜.Aa龙猪.初,12,3,804,True
2020/7/24,0.58,0.58,7.6,a甲↗上6.A13,1柜.Aa龙猪.初,(升)人.连后吞QVo,,银升a↗.1柜.Aa龙猪.初,13,4,805,True
2020/7/31,1.45,1.45,4.07,a甲↗上7.A14,1柜.Fa震正〇.初,升.尾连oQ.Q2,,银升a↗.1柜.Fa震正〇.初,14,5,806,True
2020/8/7,-1.15,-1.15,3.15,a甲↗上8.A15,1柜.Fa震正〇.初,升.尾反孕Qv,,银升a↗.1柜.Fa震正〇.初,15,6,807,True
2020/8/14,0.87,0.87,1.74,a甲↗上9.A16,0橅.Fa震正〇.主,(升)人.孕孕vo,,银升a↗.0橅.Fa震正〇.主,16,7,808,True
2020/8/21,2.01,2.01,5.17,a甲↗上10.A17,0橅.Fa震正〇.主,升.尾连oQ.Q2,,银升a↗.0橅.Fa震正〇.主,17,8,809,True
2020/8/28,-1.69,-1.69,0.85,a甲↗上11.A18,0橅.Fa震正〇.主,升.尾反孕Qv,,银升a↗.0橅.Fa震正〇.主,18,9,810,True
2020/9/4,-2.29,-2.29,0.57,b乙→中12.Y,5蛀.Fe震正根.主,跌.尾连vW.W2,,银升b→.5蛀.Fe震正根.主,-1,10,811,True
2020/9/11,3.23,3.23,4.4,b乙↗上13.I暂,4暂.Fd震正芽.主,(跌)人.连后吞WO,,银升b↗.4暂.Fd震正芽.主,1,11,812,True
2020/9/18,4.83,4.83,5.68,b乙↗上14.B2暂,4暂.Fd震正芽.主,升.尾连OQ.Q2,,金升b↗.4暂.Fd震正芽.主,2,12,813,True
2020/9/25,-6.78,-6.78,0.81,b乙→中15.Y暂,5暂.Be龙管根.主,(升)人.连后吞QV,,金升b→.5暂.Be龙管根.主,-1,13,814,True
2020/9/30,14.24,14.24,15.99,b乙↗上16.I暂,4暂.Aa龙猪.主,(人)人.吞吞* VO,高,金升b↗.4暂.Aa龙猪.主,1,14,815,True
2020/10/9,0.25,0.25,4.07,b乙↗上17.B2暂,4暂.Aa龙猪.主,升.尾连OQ.Q2,,金升b↗.4暂.Aa龙猪.主,2,15,816,True
2020/10/16,1.27,1.27,5.84,b乙↗上18.B3暂,4暂.Aa龙猪.主,升.尾连QQ.Q3,连3,金升b↗.4暂.Aa龙猪.主,3,16,817,True
2020/10/23,-9.77,-9.77,-0.75,b乙→中19.Y暂,5暂.Be龙管根.主,(升)人.连后吞QV,,金升b→.5暂.Be龙管根.主,-1,17,818,True
2020/10/30,-8.61,-8.61,-0.28,c丙↘下20.Z-2暂,5暂.__Df头负._破,跌.尾连VW.W2,,嘘待c↘.逃4v,-2,-1,819,True
2020/11/6,2.74,2.74,4.26,z丁↘忑-1.Z-3暂,5暂.__Aa龙猪._破,跌.尾反孕Wo,,尿降z↘,-3,-2,820,True
2020/11/13,2.07,2.07,4.73,z丁↘忑-2.Z-4,7姗.__Bd龙管杂._破,升.尾连oQ.Q2,,嘘待z↘,-4,-3,821,True
2020/11/20,4.06,4.06,4.93,y戊↘忠-3.I,4蛀.Ff震负.再C,升.尾连QQ.Q3,连3,金升y↘.警3h,1,1,822,True
2020/11/27,4.74,4.74,8.08,a甲↗上1.B2,4蛀.Dd头正芽.再C,升.尾连QQ.Q4,连4,金升a↗.4蛀.Dd头正芽.再C,2,2,823,True
2020/12/4,-1.6,-1.6,4.26,a甲↗上2.B3,4蛀.Dd头正芽.再C,升.尾反孕Qv,,金升a↗.4蛀.Dd头正芽.再C,3,3,824,True
2020/12/11,6.22,6.22,10,a甲↗上3.A4,0橅.Dd头正芽.再C,升.尾吞vO,,金升a↗.0橅.Dd头正芽.再C,4,4,825,True
2020/12/18,7.89,7.89,7.89,a甲↗上4.A5,0橅.Aa龙猪.再C,升.尾连OQ.Q2,,金升a↗.0橅.Aa龙猪.再C,5,5,826,True
2020/12/25,3.3,3.3,9.91,a甲↗上5.A6,0橅.Aa龙猪.主,升.尾连QQ.Q3,连3,金升a↗.0橅.Aa龙猪.主,6,6,827,True
2020/12/31,-3.42,-3.42,3.42,a甲↗上6.A7,1柜.Aa龙猪.主,(升)人.连后吞QV,,金升a↗.1柜.Aa龙猪.主,7,7,828,True
2021/1/8,-1.89,-1.89,13.95,a甲↗上7.A8,2栅.Bc龙管栅.主,跌.尾连VW.W2,,金升a↗.2栅.Bc龙管栅.主,8,8,829,True
2021/1/15,-8.43,-8.43,-1.2,b乙→中8.Y,5蛀.Be龙管根.主,跌.尾连WW.W3,,金升b→.5蛀.Be龙管根.主,-1,9,830,True
2021/1/22,-1.05,-1.05,5.26,c丙↘下9.Z-2,5蛀.Fe震正根.破,跌.尾连WW.W4,宽,金升c↘.被3v,-2,10,831,True
2021/1/29,-8.78,-8.78,1.33,z丁↘忑-1.Z-3,5蛀.__Aa龙猪._破,跌.尾连WW.W5,,尿降z↘,-3,-1,832,True
2021/2/5,-7,-7,3.21,z丁↘忑-2.Z-4,9妩.__Aa龙猪._初,跌.尾连WW.W6,,尿降z↘,-4,-2,833,True
2021/2/10,2.51,2.51,4.39,z丁↘忑-3.Z-5,9妩.__Aa龙猪._初,跌.尾反孕Wo,,尿降z↘,-5,-3,834,True
2021/2/19,11.31,11.31,11.62,z丁↘忑-4.Z-6,7姗.__Bd龙管杂._初,升.尾连oQ.Q2,,尿降z↘,-6,-4,835,True
2021/2/26,-5.49,-5.49,6.04,z丁↘忑-5.Z-7,7姗.__Bd龙管杂._初,升.尾反孕Qv,,尿降z↘,-7,-5,836,True
2021/3/5,7.85,7.85,9.59,y戊↘忠-6.I,4蛀.__Fe震正根._初,升.尾吞vO,,嘘待y↘,1,-6,837,True
2021/3/12,4.04,4.04,7.01,r己↗忐-7.B2,4蛀.Df头负.再D,升.尾连OQ.Q2,,金升r↗.4蛀.Df头负.再D.口2i,2,1,838,True
2021/3/19,-3.63,-3.63,1.55,r己↗忐-8.B3,4蛀.Df头负.再D,(升)人.连后吞QV,,金升r↗.4蛀.Df头负.再D.口2I,3,2,839,True
2021/3/26,-3.49,-3.49,2.15,y戊↘忑-9.Y暂,5暂.__Fa震正〇._破,跌.尾连VW.W2,,嘘待y↘,-1,-1,840,True
2021/4/2,8.64,8.64,10.86,a甲↗上1.I暂,4暂.Aa龙猪.初,(跌)人.连后吞WO,,金升a↗.4暂.Aa龙猪.初,1,1,841,True
2021/4/9,2.82,2.82,4.1,a甲↗上2.B2暂,4暂.Aa龙猪.再D,升.尾连OQ.Q2,,金升a↗.4暂.Aa龙猪.再D,2,2,842,True
2021/4/16,2.49,2.49,6.98,a甲↗上3.B3暂,4暂.Aa龙猪.再D,升.尾连QQ.Q3,连3,金升a↗.4暂.Aa龙猪.再D,3,3,843,True
2021/4/23,-2.19,-2.19,4.14,a甲↗上4.A4,0橅.Aa龙猪.再D,升.尾反孕Qv,,金升a↗.0橅.Aa龙猪.再D,4,4,844,True
2021/4/30,0.5,0.5,5.97,a甲↗上5.A5,0橅.Aa龙猪.主,(升)人.孕孕vo,,金升a↗.0橅.Aa龙猪.主,5,5,845,True
2021/5/7,11.39,11.39,14.36,a甲↗上6.A6,0橅.Aa龙猪.主,升.尾连oQ.Q2,,金升a↗.0橅.Aa龙猪.主,6,6,846,True
2021/5/14,-4.22,-4.22,6.67,a甲↗上7.A7,0橅.Aa龙猪.主,升.尾反孕Qv,,金升a↗.0橅.Aa龙猪.主,7,7,847,True
2021/5/21,-4.87,-4.87,2.55,a甲↗上8.A8,2栅.Bc龙管栅.主,跌.尾连vW.W2,,金升a↗.2栅.Bc龙管栅.主,8,8,848,True
2021/5/28,3.9,3.9,6.83,a甲↗上9.A9,2栅.Bc龙管栅.主,跌.尾反孕Wo,,金升a↗.2栅.Bc龙管栅.主,9,9,849,True
2021/6/4,1.17,1.17,5.16,a甲↗上10.A10,2栅.Fa震正〇.主,升.尾连oQ.Q2,,金升a↗.2栅.Fa震正〇.主,10,10,850,True
2021/6/11,13.23,13.23,16.01,a甲↗上11.A11,2栅.Bc龙管栅.主,升.尾连QQ.Q3,高连3,金升a↗.2栅.Bc龙管栅.主,11,11,851,True
2021/6/18,4.92,4.92,14.96,a甲↗上12.A12,0橅.Aa龙猪.主,升.尾连QQ.Q4,宽连4,金升a↗.0橅.Aa龙猪.主,12,12,852,True
2021/6/25,-3.52,-3.52,-0.59,a甲↗上13.A13,1柜.Aa龙猪.主,(升)人.连后吞QV,,金升a↗.1柜.Aa龙猪.主,13,13,853,True
2021/7/2,-5.67,-5.67,-0.4,a甲↗上14.A14,2栅.Bc龙管栅.主,跌.尾连VW.W2,,金升a↗.2栅.Bc龙管栅.主,14,14,854,True
2021/7/9,-1.93,-1.93,3,b乙→中15.Y,5蛀.Fe震正根.主,跌.尾连WW.W3,,金升b→.5蛀.Fe震正根.主,-1,15,855,True
2021/7/16,6.13,6.13,7.22,b乙↗上16.I暂,4暂.Fd震正芽.主,(跌)人.连后吞WO,,金升b↗.4暂.Fd震正芽.主,1,16,856,True
2021/7/23,-1.03,-1.03,3.3,b乙↗上17.B2暂,4暂.Fd震正芽.主,(跌)人.连后吞WOv,,金升b↗.4暂.Fd震正芽.主,2,17,857,True
2021/7/30,-4.37,-4.37,2.29,b乙→中18.Y暂,5暂.Fe震正根.主,跌.尾连vW.W2,,金升b→.5暂.Fe震正根.主,-1,18,858,True
2021/8/6,-0.22,-0.22,0.44,b乙→中19.Z-2暂,5暂.Fe震正根.主,跌.尾连WW.W3,,金升b→.5暂.Fe震正根.主,-2,19,859,True
2021/8/13,12.66,12.66,12.88,b乙↗上20.I暂,4暂.Fd震正芽.主,(跌)人.连后吞WO,,金升b↗.4暂.Fd震正芽.主,1,20,860,True
2021/8/20,-6.4,-6.4,2.71,b乙↗上21.B2暂,4暂.Fd震正芽.主,(跌)人.连后吞WOv,,金升b↗.4暂.Fd震正芽.主,2,21,861,True
2021/8/27,6.83,6.83,10.35,b乙↗上22.B3暂,4暂.Aa龙猪.主,(人)人.孕孕vo,,金升b↗.4暂.Aa龙猪.主,3,22,862,True
2021/9/3,4.65,4.65,8.33,b乙↗上23.A4,0橅.Aa龙猪.主,升.尾连oQ.Q2,,金升b↗.0橅.Aa龙猪.主,4,23,863,True
2021/9/10,10.37,10.37,18.15,b乙↗上24.A5,0橅.Aa龙猪.主,升.尾连QQ.Q3,宽高连3,金升b↗.0橅.Aa龙猪.主,5,24,864,True
2021/9/17,-0.67,-0.67,9.9,b乙↗上25.A6,0橅.Aa龙猪.主,升.尾反孕Qv,,金升b↗.0橅.Aa龙猪.主,6,25,865,True
2021/9/24,-2.36,-2.36,9.29,b乙↗上26.A7,2栅.Bc龙管栅.主,跌.尾连vW.W2,,金升b↗.2栅.Bc龙管栅.主,7,26,866,True
2021/9/30,0.35,0.35,3.29,b乙↗上27.A8,2栅.Bc龙管栅.主,跌.尾反孕Wo,,金升b↗.2栅.Bc龙管栅.主,8,27,867,True
2021/10/8,-2.59,-2.59,3.62,b乙↗上28.A9,2栅.Fa震正〇.主,跌.尾吞oV,,金升b↗.2栅.Fa震正〇.主,9,28,868,True
2021/10/15,-3.89,-3.89,17.52,b乙→中29.Y,5蛀.Be龙管根.主,跌.尾连VW.W2,高,金升b→.5蛀.Be龙管根.主,-1,29,869,True
2021/10/22,1.66,1.66,20.81,b乙→中30.Z-2,5蛀.Be龙管根.主,跌.尾反孕Wo,高,金升b→.5蛀.Be龙管根.主,-2,30,870,True
2021/10/29,-10.33,-10.33,4.53,c丙↘下31.Z-3,5蛀.Fe震正根.破,跌.尾吞oV,宽,金升c↘.被3v,-3,31,871,True
2021/11/5,-6.46,-6.46,4.24,z丁↘忑-1.Z-4,9妩.__Aa龙猪._破,跌.尾连VW.W2,,嘘待z↘,-4,-1,872,True
2021/11/12,-4.54,-4.54,1.3,z丁↘忑-2.Z-5,9妩.__Aa龙猪._破,跌.尾连WW.W3,,嘘待z↘,-5,-2,873,True
2021/11/19,0.9,0.9,1.13,z丁↘忑-3.Z-6,9妩.__Aa龙猪._初,跌.尾反孕Wo,,尿降z↘,-6,-3,874,True
2021/11/26,-0.67,-0.67,3.14,z丁↘忑-4.Z-7,9妩.__Aa龙猪._初,(跌)人.孕孕ov,,尿降z↘,-7,-4,875,True
2021/12/3,4.29,4.29,5.19,z丁↘忑-5.Z-8,8姖.__Aa龙猪._初,升.尾吞vO,,嘘待z↘,-8,-5,876,True
2021/12/10,-1.08,-1.08,1.95,z丁↘忑-6.Z-9,8姖.__Fa震正〇._初,升.尾反孕vOv,,嘘待z↘,-9,-6,877,True
2021/12/17,3.72,3.72,7.22,y戊↘忠-7.I,4蛀.__Fe震正根._初,升.尾吞vO,,嘘待y↘,1,-7,878,True
2021/12/24,-0.63,-0.63,1.69,y戊↘忠-8.B2,4蛀.__Fe震正根._初,升.尾反孕vOv,,嘘待y↘,2,-8,879,True
2021/12/31,-2.76,-2.76,1.7,y戊↘忑-9.Y暂,5暂.__Fa震正〇._初,跌.尾连vW.W2,,嘘待y↘,-1,-9,880,True
2022/1/7,2.18,2.18,5.46,y戊↘忠-10.I暂,4暂.__Fe震正根._初,跌.尾反孕Wo,,嘘待y↘,1,-10,881,True
2022/1/14,-3.63,-3.63,2.56,y戊↘忑-11.Y暂,5暂.__Fa震正〇._主,跌.尾吞oV,,嘘待y↘,-1,-11,882,True
2022/1/21,5.76,5.76,7.32,y戊↘忠-12.I暂,4暂.__Fe震正根._主,(跌)人.吞吞oVO,,嘘待y↘,1,-12,883,True
2022/1/28,-7.97,-7.97,0,y戊↘忑-13.Y暂,5暂.__Fa震正〇._主,(人)人.吞吞* OV,,尿降y↘,-1,-13,884,True
2022/2/11,10.93,10.93,12.76,r己↗忐-14.I暂,4暂.__Fe震正根.储,(人)人.吞吞* VO,,嘘待r↗.4暂.__Fe震正根.储.魅6v,1,-14,885,True
2022/2/18,3.08,3.08,3.9,a甲↗上1.B2暂,4暂.Aa龙猪.储,升.尾连OQ.Q2,,金升a↗.4暂.Aa龙猪.储,2,1,886,True
2022/2/25,-3.39,-3.39,2.79,a甲↗上2.B3暂,4暂.Aa龙猪.初,升.尾反孕Qv,,金升a↗.4暂.Aa龙猪.初,3,2,887,True
2022/3/4,8.66,8.66,11.75,a甲↗上3.A4,0橅.Aa龙猪.初,升.尾吞vO,,金升a↗.0橅.Aa龙猪.初,4,3,888,True
2022/3/11,-1.71,-1.71,4.55,a甲↗上4.A5,0橅.Aa龙猪.初,升.尾反孕vOv,,金升a↗.0橅.Aa龙猪.初,5,4,889,True
2022/3/18,2.51,2.51,2.51,a甲↗上5.A6,0橅.Aa龙猪.初,(升)人.孕孕vo,,金升a↗.0橅.Aa龙猪.初,6,5,890,True
2022/3/25,0.19,0.19,3.95,a甲↗上6.A7,0橅.Aa龙猪.初,升.尾连oQ.Q2,,金升a↗.0橅.Aa龙猪.初,7,6,891,True
2022/4/1,7.14,7.14,8.46,a甲↗上7.A8,0橅.Aa龙猪.主,升.尾连QQ.Q3,连3,金升a↗.0橅.Aa龙猪.主,8,7,892,True
2022/4/8,-0.88,-0.88,1.23,a甲↗上8.A9,0橅.Aa龙猪.主,升.尾反孕Qv,,金升a↗.0橅.Aa龙猪.主,9,8,893,True
2022/4/15,4.25,4.25,13.27,a甲↗上9.A10,0橅.Aa龙猪.主,升.尾吞vO,,金升a↗.0橅.Aa龙猪.主,10,9,894,True
2022/4/22,-4.24,-4.24,3.06,a甲↗上10.A11,0橅.Aa龙猪.主,升.尾反孕vOv,,金升a↗.0橅.Aa龙猪.主,11,10,895,True
2022/4/29,-4.96,-4.96,-2.84,b乙→中11.Y,5蛀.Be龙管根.主,跌.尾连vW.W2,,金升b→.5蛀.Be龙管根.主,-1,11,896,True
2022/5/6,-3.36,-3.36,2.24,c丙↘下12.Z-2,5蛀.Fe震正根.破,跌.尾连WW.W3,,金升c↘.被3v,-2,12,897,True
2022/5/13,-1.93,-1.93,-1.35,c丙↘下13.Z-3,5蛀.Fe震正根.破,跌.尾连WW.W4,,金升c↘.被3v,-3,13,898,True
2022/5/20,9.84,9.84,10.83,b乙↗上14.I暂,4暂.Dd头正芽.再B,(跌)人.连后吞WO,,金升b↗.4暂.Dd头正芽.再B,1,14,899,True
2022/5/27,6.81,6.81,8.96,b乙↗上15.B2暂,4暂.Dd头正芽.再B,升.尾连OQ.Q2,,金升b↗.4暂.Dd头正芽.再B,2,15,900,True
2022/6/2,-3.02,-3.02,0.67,b乙↗上16.B3暂,4暂.Dd头正芽.再B,升.尾反孕Qv,,金升b↗.4暂.Dd头正芽.再B,3,16,901,True
2022/6/10,9.34,9.34,10.9,b乙↗上17.A4,0橅.Aa龙猪.再B,升.尾吞vO,,金升b↗.0橅.Aa龙猪.再B,4,17,902,True
2022/6/17,-5.7,-5.7,1.11,b乙↗上18.A5,0橅.Aa龙猪.主,升.尾反孕vOv,,金升b↗.0橅.Aa龙猪.主,5,18,903,True
2022/6/24,-7.38,-7.38,-2.85,b乙→中19.Y,5蛀.Be龙管根.主,跌.尾连vW.W2,,金升b→.5蛀.Be龙管根.主,-1,19,904,True
2022/7/1,8.15,8.15,12.14,b乙↗上20.I暂,4暂.Fd震正芽.主,(跌)人.连后吞WO,,金升b↗.4暂.Fd震正芽.主,1,20,905,True
2022/7/8,-4.02,-4.02,3.35,b乙→中21.Y暂,5暂.Fe震正根.主,(跌)人.连后吞WOv,,金升b→.5暂.Fe震正根.主,-1,21,906,True
2022/7/15,-3.14,-3.14,0.52,c丙↘下22.Z-2暂,5暂.Fe震正根.破,跌.尾连vW.W2,,金升c↘.被3v,-2,22,907,True
2022/7/22,-0.18,-0.18,5.59,c丙↘下23.Z-3暂,5暂.Fe震正根.破,跌.尾连WW.W3,,金升c↘.被3v,-3,23,908,True
2022/7/29,-0.18,-0.18,2.71,z丁↘忑-1.Z-4,9妩.Ff震负.破,跌.尾连WW.W4,,金升z↘.警3w,-4,24,909,True
2022/8/5,-2.89,-2.89,1.81,z丁↘忑-2.Z-5,9妩.__Aa龙猪._破,跌.尾连WW.W5,,嘘待z↘,-5,-1,910,True
2022/8/12,6.15,6.15,6.89,y戊↘忠-3.I,4蛀.Ff震负.再C,(跌)人.连后吞WO,,金升y↘.警3h,1,1,911,True
2022/8/19,5.09,5.09,5.96,a甲↗上1.B2,4蛀.Dd头正芽.再C,升.尾连OQ.Q2,,金升a↗.4蛀.Dd头正芽.再C,2,2,912,True
2022/8/26,3.51,3.51,6.01,a甲↗上2.B3,4蛀.Aa龙猪.再C,升.尾连QQ.Q3,连3,金升a↗.4蛀.Aa龙猪.再C,3,3,913,True
2022/9/2,-2.58,-2.58,3.06,a甲↗上3.A4,1柜.Aa龙猪.再C,(升)人.连后吞QV,,金升a↗.1柜.Aa龙猪.再C,4,4,914,True
2022/9/9,2.32,2.32,5.79,a甲↗上4.A5,1柜.Aa龙猪.再C,(人)人.吞吞* VO,,金升a↗.1柜.Aa龙猪.再C,5,5,915,True
2022/9/16,-7.93,-7.93,0.65,b乙→中5.Y,5蛀.Be龙管根.再B,(人)人.吞吞* OV,,金升b→.5蛀.Be龙管根.再B,-1,6,916,True
2022/9/23,6.5,6.5,10.54,b乙↗上6.I暂,4暂.Aa龙猪.主,(人)人.吞吞* OV,,金升b↗.4暂.Aa龙猪.主,1,7,917,True
2022/9/30,-0.66,-0.66,2.64,b乙↗上7.B2暂,4暂.Fd震正芽.主,(人)人.孕孕vo,,金升b↗.4暂.Fd震正芽.主,2,8,918,True
2022/10/14,-2.33,-2.33,2.82,b乙→中8.Y暂,5暂.Fe震正根.主,跌.尾连vW.W2,,金升b→.5暂.Fe震正根.主,-1,9,919,True
2022/10/21,5.27,5.27,12.41,b乙↗上9.I暂,4暂.Aa龙猪.主,(跌)人.连后吞WO,,金升b↗.4暂.Aa龙猪.主,1,10,920,True
2022/10/28,-1.13,-1.13,4.52,b乙↗上10.B2暂,4暂.Aa龙猪.主,(人)人.吞吞* OV,,金升b↗.4暂.Aa龙猪.主,2,11,921,True
2022/11/4,3.1,3.1,3.92,b乙↗上11.B3暂,4暂.Aa龙猪.主,(人)人.吞吞* VO,,金升b↗.4暂.Aa龙猪.主,3,12,922,True
2022/11/11,1.43,1.43,3.01,b乙↗上12.A4,1柜.Fa震正〇.主,升.尾连OQ.Q2,,金升b↗.1柜.Fa震正〇.主,4,13,923,True
2022/11/18,-2.97,-2.97,3.91,b乙↗上13.A5,3桮.Bb龙管杂.主,(升)人.连后吞QV,,金升b↗.3桮.Bb龙管杂.主,5,14,924,True
2022/11/25,2.9,2.9,3.22,b乙↗上14.A6,1柜.Aa龙猪.主,(升)人.连后吞QVo,,金升b↗.1柜.Aa龙猪.主,6,15,925,True
2022/12/2,-3.44,-3.44,1.25,b乙→中15.Y,5蛀.Be龙管根.主,(人)人.孕孕vo,,金升b→.5蛀.Be龙管根.主,-1,16,926,True
2022/12/9,-0.97,-0.97,2.27,b乙→中16.Z-2,5蛀.Fe震正根.主,跌.尾连vW.W2,,金升b→.5蛀.Fe震正根.主,-2,17,927,True
2022/12/16,-6.22,-6.22,0,c丙↘下17.Z-3,5蛀.__Df头负._破,跌.尾连WW.W3,,嘘待c↘.逃4v,-3,-1,928,True
2022/12/23,-5.58,-5.58,-0.17,z丁↘忑-1.Z-4,9妩.__Aa龙猪._破,跌.尾连WW.W4,,嘘待z↘,-4,-2,929,True
2022/12/30,0,0,2.22,z丁↘忑-2.Z-5,9妩.__Aa龙猪._初,跌.尾反孕Wo,,尿降z↘,-5,-3,930,True
2023/1/6,1.48,1.48,1.66,z丁↘忑-3.Z-6,7姗.__Bd龙管杂._初,升.尾连oQ.Q2,,尿降z↘,-6,-4,931,True
2023/1/13,1.82,1.82,3.1,z丁↘忑-4.Z-7,6娝.__Fa震正〇._初,升.尾连QQ.Q3,,嘘待z↘,-7,-5,932,True
2023/1/20,12.88,12.88,12.88,r己↗忐-5.I,4蛀.Df头负.再D,升.尾连QQ.Q4,连4,金升r↗.4蛀.Df头负.再D.口2i,1,1,933,True
2023/2/3,2.38,2.38,4.28,a甲↗上1.B2,4蛀.Aa龙猪.初,升.尾连QQ.Q5,连5,金升a↗.4蛀.Aa龙猪.初,2,2,934,True
2023/2/10,-3.1,-3.1,0.77,a甲↗上2.B3,4蛀.Aa龙猪.初,(升)人.连后吞QV,,金升a↗.4蛀.Aa龙猪.初,3,3,935,True
2023/2/17,-0.32,-0.32,0.48,a甲↗上3.A4,2栅.Bc龙管栅.初,跌.尾连VW.W2,,金升a↗.2栅.Bc龙管栅.初,4,4,936,True
2023/2/24,8.49,8.49,12.5,a甲↗上4.A5,2栅.Bc龙管栅.再D,(跌)人.连后吞WO,,金升a↗.2栅.Bc龙管栅.再D,5,5,937,True
2023/3/3,3.69,3.69,5.91,a甲↗上5.A6,2栅.Bc龙管栅.主,升.尾连OQ.Q2,,金升a↗.2栅.Bc龙管栅.主,6,6,938,True
2023/3/10,-3.28,-3.28,1,a甲↗上6.A7,2栅.Bc龙管栅.主,升.尾反孕Qv,,金升a↗.2栅.Bc龙管栅.主,7,7,939,True
2023/3/17,0.29,0.29,1.62,a甲↗上7.A8,0橅.Aa龙猪.主,(升)人.孕孕vo,,金升a↗.0橅.Aa龙猪.主,8,8,940,True
2023/3/24,2.35,2.35,2.64,a甲↗上8.A9,0橅.Fa震正〇.主,升.尾连oQ.Q2,,金升a↗.0橅.Fa震正〇.主,9,9,941,True
2023/3/31,-5.45,-5.45,1,b乙→中9.Y,5蛀.Fe震正根.主,(升)人.连后吞QV,,金升b→.5蛀.Fe震正根.主,-1,10,942,True
2023/4/7,1.52,1.52,5.92,b乙→中10.Z-2,5蛀.Fe震正根.主,(升)人.连后吞QVo,,金升b→.5蛀.Fe震正根.主,-2,11,943,True
2023/4/14,3.29,3.29,6.88,b乙↗上11.I暂,4暂.Fd震正芽.主,升.尾连oQ.Q2,,金升b↗.4暂.Fd震正芽.主,1,12,944,True
2023/4/21,2.6,2.6,6.66,b乙↗上12.B2暂,4暂.Aa龙猪.主,升.尾连QQ.Q3,连3,金升b↗.4暂.Aa龙猪.主,2,13,945,True
2023/4/28,-0.71,-0.71,0.85,b乙↗上13.B3暂,4暂.Aa龙猪.主,升.尾反孕Qv,,金升b↗.4暂.Aa龙猪.主,3,14,946,True
2023/5/5,-1.14,-1.14,0.71,b乙↗上14.A4,2栅.Bc龙管栅.主,跌.尾连vW.W2,,金升b↗.2栅.Bc龙管栅.主,4,15,947,True
2023/5/12,1.87,1.87,11.35,b乙↗上15.A5,2栅.Bc龙管栅.主,(跌)人.连后吞WO,,金升b↗.2栅.Bc龙管栅.主,5,16,948,True
2023/5/19,0.99,0.99,3.1,b乙↗上16.A6,2栅.Bc龙管栅.主,升.尾连OQ.Q2,,金升b↗.2栅.Bc龙管栅.主,6,17,949,True
2023/5/26,-1.82,-1.82,1.68,b乙↗上17.A7,2栅.Bc龙管栅.主,(升)人.连后吞QV,,金升b↗.2栅.Bc龙管栅.主,7,18,950,True
2023/6/2,2.13,2.13,4.41,b乙↗上18.A8,1柜.Fa震正〇.主,(人)人.吞吞* VO,,金升b↗.1柜.Fa震正〇.主,8,19,951,True
2023/6/9,-4.18,-4.18,0.56,b乙→中19.Y,5蛀.Fe震正根.主,(人)人.吞吞* OV,,金升b→.5蛀.Fe震正根.主,-1,20,952,True
2023/6/16,-3.78,-3.78,0.87,c丙↘下20.Z-2,5蛀.Fe震正根.破,跌.尾连VW.W2,,金升c↘.被3v,-2,21,953,True
2023/6/21,-3.93,-3.93,0.45,z丁↘忑-1.Z-3,5蛀.__Aa龙猪._破,跌.尾连WW.W3,,嘘待z↘,-3,-1,954,True
2023/6/30,4.09,4.09,4.4,z丁↘忑-2.Z-4,9妩.__Aa龙猪._破,跌.尾反孕Wo,,嘘待z↘,-4,-2,955,True
2023/7/7,3.63,3.63,4.08,y戊↘忠-3.I,4蛀.Ff震负.再C,升.尾连oQ.Q2,,金升y↘.警3h,1,1,956,True
2023/7/14,1.46,1.46,2.04,r己↗忐-4.B2,4蛀.Df头负.再C,升.尾连QQ.Q3,连3,金升r↗.4蛀.Df头负.再C.口2I,2,2,957,True
2023/7/21,-1.72,-1.72,0.72,r己↗忐-5.B3,4蛀.Df头负.再C,(升)人.连后吞QV,,金升r↗.4蛀.Df头负.再C.口2I,3,3,958,True
2023/7/28,1.46,1.46,1.9,a甲↗上1.A4,1柜.Dd头正芽.再C,(升)人.连后吞QVo,,金升a↗.1柜.Dd头正芽.再C,4,4,959,True
2023/8/4,-1.01,-1.01,2.59,a甲↗上2.A5,1柜.Dd头正芽.再C,(人)人.孕孕vo,,金升a↗.1柜.Dd头正芽.再C,5,5,960,True
2023/8/11,-0.44,-0.44,1.46,b乙→中3.Y,5蛀.De头正根.再C,跌.尾连vW.W2,,金升b→.5蛀.De头正根.再C,-1,6,961,True
2023/8/18,0,0,2.19,b乙→中4.Z-2,5蛀.De头正根.再C,跌.尾反孕Wo,,金升b→.5蛀.De头正根.再C,-2,7,962,True
2023/8/25,-1.75,-1.75,0.88,z丁↘忑-1.Z-3,5蛀.Ff震负.破,跌.尾吞oV,,金升z↘.警3w,-3,8,963,True
2023/9/1,6.7,6.7,6.7,a甲↗上1.I暂,4暂.Aa龙猪.再C,(跌)人.吞吞oVO,,金升a↗.4暂.Aa龙猪.再C,1,9,964,True
2023/9/8,4.04,4.04,8.23,a甲↗上2.B2暂,4暂.Aa龙猪.再C,升.尾连OQ.Q2,,金升a↗.4暂.Aa龙猪.再C,2,10,965,True
2023/9/15,5.76,5.76,7.37,a甲↗上3.B3暂,4暂.Aa龙猪.再C,升.尾连QQ.Q3,连3,金升a↗.4暂.Aa龙猪.再C,3,11,966,True
2023/9/22,0.38,0.38,3.3,a甲↗上4.A4,0橅.Aa龙猪.再C,升.尾连QQ.Q4,连4,金升a↗.0橅.Aa龙猪.再C,4,12,967,True
2023/9/28,0,0,1.77,a甲↗上5.A5,0橅.Aa龙猪.主,升.尾连QQ.Q5,连5,金升a↗.0橅.Aa龙猪.主,5,13,968,True
2023/10/13,-0.76,-0.76,1.01,a甲↗上6.A6,1柜.Aa龙猪.主,(升)人.连后吞QV,,金升a↗.1柜.Aa龙猪.主,6,14,969,True
2023/10/20,0.64,0.64,2.93,a甲↗上7.A7,1柜.Fa震正〇.主,(人)人.吞吞* VO,,金升a↗.1柜.Fa震正〇.主,7,15,970,True
2023/10/27,-1.01,-1.01,2.15,a甲↗上8.A8,3桮.Fa震正〇.主,(人)人.吞吞* OV,,金升a↗.3桮.Fa震正〇.主,8,16,971,True
2023/11/3,0.51,0.51,2.55,a甲↗上9.A9,3桮.Fa震正〇.主,(人)人.吞吞* OV,,金升a↗.3桮.Fa震正〇.主,9,17,972,True
2023/11/10,4.96,4.96,5.34,a甲↗上10.A10,1柜.Aa龙猪.主,升.尾连oQ.Q2,,金升a↗.1柜.Aa龙猪.主,10,18,973,True
2023/11/17,0.73,0.73,2.42,a甲↗上11.A11,1柜.Aa龙猪.主,升.尾连QQ.Q3,连3,金升a↗.1柜.Aa龙猪.主,11,19,974,True
2023/11/24,3.85,3.85,4.33,a甲↗上12.A12,0橅.Aa龙猪.主,升.尾连QQ.Q4,连4,金升a↗.0橅.Aa龙猪.主,12,20,975,True
2023/12/1,9.37,9.37,10.19,a甲↗上13.A13,0橅.Aa龙猪.主,升.尾连QQ.Q5,连5,金升a↗.0橅.Aa龙猪.主,13,21,976,True
2023/12/8,-2.22,-2.22,2.01,a甲↗上14.A14,0橅.Aa龙猪.主,升.尾反孕Qv,,金升a↗.0橅.Aa龙猪.主,14,22,977,True
2023/12/15,5.52,5.52,9.31,a甲↗上15.A15,0橅.Aa龙猪.主,升.尾吞vO,,金升a↗.0橅.Aa龙猪.主,15,23,978,True
2023/12/22,-1.74,-1.74,0.51,a甲↗上16.A16,0橅.Aa龙猪.主,升.尾反孕vOv,,金升a↗.0橅.Aa龙猪.主,16,24,979,True
2023/12/29,-1.15,-1.15,1.77,a甲↗上17.A17,2栅.Bc龙管栅.主,跌.尾连vW.W2,,金升a↗.2栅.Bc龙管栅.主,17,25,980,True
2024/1/5,4.22,4.22,5.91,a甲↗上18.A18,2栅.Fa震正〇.主,(跌)人.连后吞WO,,金升a↗.2栅.Fa震正〇.主,18,26,981,True
2024/1/12,-2.13,-2.13,1.32,a甲↗上19.A19,2栅.Fa震正〇.主,(跌)人.连后吞WOv,,金升a↗.2栅.Fa震正〇.主,19,27,982,True
2024/1/19,-4.04,-4.04,0.62,b乙→中20.Y,5蛀.Fe震正根.主,跌.尾连vW.W2,,金升b→.5蛀.Fe震正根.主,-1,28,983,True
2024/1/26,3.99,3.99,5.39,b乙↗上21.I暂,4暂.Fd震正芽.主,跌.尾反孕Wo,,金升b↗.4暂.Fd震正芽.主,1,29,984,True
2024/2/2,-5.71,-5.71,1.56,b乙→中22.Y暂,5暂.Fe震正根.主,(跌)人.孕孕ov,,金升b→.5暂.Fe震正根.主,-1,30,985,True
2024/2/8,4.73,4.73,6.38,b乙↗上23.I暂,4暂.Fd震正芽.主,(人)人.孕孕vo,,金升b↗.4暂.Fd震正芽.主,1,31,986,True
2024/2/23,13.76,13.76,17.86,b乙↗上24.B2暂,4暂.Aa龙猪.主,升.尾连oQ.Q2,高,金升b↗.4暂.Aa龙猪.主,2,32,987,True
2024/3/1,-2.22,-2.22,0.83,b乙↗上25.B3暂,4暂.Aa龙猪.主,升.尾反孕Qv,,金升b↗.4暂.Aa龙猪.主,3,33,988,True
2024/3/8,4.53,4.53,7.74,b乙↗上26.A4,0橅.Aa龙猪.主,升.尾吞vO,,金升b↗.0橅.Aa龙猪.主,4,34,989,True
2024/3/15,-6.23,-6.23,-0.63,b乙↗上27.A5,1柜.Aa龙猪.主,(升)人.吞吞vOV,,金升b↗.1柜.Aa龙猪.主,5,35,990,True
2024/3/22,-0.58,-0.58,0.19,b乙↗上28.A6,2栅.Bc龙管栅.主,跌.尾连VW.W2,,金升b↗.2栅.Bc龙管栅.主,6,36,991,True
2024/3/29,1.16,1.16,1.84,b乙↗上29.A7,2栅.Fa震正〇.主,(跌)人.连后吞WO,,金升b↗.2栅.Fa震正〇.主,7,37,992,True
2024/4/3,4.6,4.6,5.08,b乙↗上30.A8,2栅.Fa震正〇.主,升.尾连OQ.Q2,,金升b↗.2栅.Fa震正〇.主,8,38,993,True
2024/4/12,5.77,5.77,7.14,b乙↗上31.A9,2栅.Bc龙管栅.主,升.尾连QQ.Q3,连3,金升b↗.2栅.Bc龙管栅.主,9,39,994,True
2024/4/19,5.02,5.02,5.54,b乙↗上32.A10,0橅.Aa龙猪.主,升.尾连QQ.Q4,连4,金升b↗.0橅.Aa龙猪.主,10,40,995,True
2024/4/26,-10.31,-10.31,0.16,b乙↗上33.A11,1柜.Aa龙猪.主,(升)人.连后吞QV,,金升b↗.1柜.Aa龙猪.主,11,41,996,True
2024/4/30,-0.28,-0.28,2.67,b乙→中34.Y,5蛀.Be龙管根.主,跌.尾连VW.W2,,金升b→.5蛀.Be龙管根.主,-1,42,997,True
2024/5/10,3.59,3.59,5.44,b乙↗上35.I暂,4暂.Fd震正芽.主,(跌)人.连后吞WO,,金升b↗.4暂.Fd震正芽.主,1,43,998,True
2024/5/17,-1.42,-1.42,0.44,b乙→中36.Y暂,5暂.Fe震正根.主,(跌)人.连后吞WOv,,金升b→.5暂.Fe震正根.主,-1,44,999,True
2024/5/24,-0.09,-0.09,5.42,b乙→中37.Z-2暂,5暂.Fe震正根.主,跌.尾连vW.W2,,金升b→.5暂.Fe震正根.主,-2,45,1000,True
2024/5/31,5.15,5.15,8.31,b乙↗上38.I暂,4暂.Fd震正芽.主,(跌)人.连后吞WO,,金升b↗.4暂.Fd震正芽.主,1,46,1001,True
2024/6/7,-2.23,-2.23,0.6,b乙↗上39.B2暂,4暂.Fd震正芽.主,(跌)人.连后吞WOv,,金升b↗.4暂.Fd震正芽.主,2,47,1002,True
2024/6/14,-0.88,-0.88,2.64,b乙↗上40.B3暂,4暂.Fd震正芽.主,跌.尾连vW.W2,,金升b↗.4暂.Fd震正芽.主,3,48,1003,True
2024/6/21,-2.13,-2.13,1.06,b乙→中41.Y暂,5暂.Fe震正根.主,跌.尾连WW.W3,,金升b→.5暂.Fe震正根.主,-1,49,1004,True
2024/6/28,-1.72,-1.72,-0.09,c丙↘下42.Z-2暂,5暂.Fe震正根.破,跌.尾连WW.W4,,金升c↘.被3v,-2,50,1005,True
2024/7/5,-0.55,-0.55,4.61,c丙↘下43.Z-3暂,5暂.Fe震正根.破,跌.尾连WW.W5,,金升c↘.被3v,-3,51,1006,True
2024/7/12,-9.18,-9.18,1.48,z丁↘忑-1.Z-4,9妩.__Aa龙猪._破,跌.尾连WW.W6,,嘘待z↘,-4,-1,1007,True
2024/7/19,-1.94,-1.94,2.14,z丁↘忑-2.Z-5,9妩.__Aa龙猪._初,跌.尾连WW.W7,,嘘待z↘,-5,-2,1008,True
2024/7/26,-5.83,-5.83,-0.42,z丁↘忑-3.Z-6,9妩.__Aa龙猪._初,跌.尾连WW.W8,,尿降z↘,-6,-3,1009,True
2024/8/2,0.55,0.55,6.19,z丁↘忑-4.Z-7,9妩.__Aa龙猪._初,跌.尾反孕Wo,,尿降z↘,-7,-4,1010,True
2024/8/9,0.11,0.11,1.65,z丁↘忑-5.Z-8,7姗.__Bd龙管杂._初,升.尾连oQ.Q2,,尿降z↘,-8,-5,1011,True
2024/8/16,-0.77,-0.77,1.54,z丁↘忑-6.Z-9,7姗.__Bd龙管杂._初,(升)人.连后吞QV,,尿降z↘,-9,-6,1012,True
2024/8/23,-6.86,-6.86,1.99,z丁↘忑-7.Z-10,7姗.__Bd龙管杂._初,跌.尾连VW.W2,,尿降z↘,-10,-7,1013,True
2024/8/30,0.83,0.83,2.26,z丁↘忑-8.Z-11,7姗.__Bd龙管杂._初,跌.尾反孕Wo,,尿降z↘,-11,-8,1014,True
2024/9/6,-5.65,-5.65,2.12,z丁↘忑-9.Z-12,9妩.__Aa龙猪._主,跌.尾吞oV,,尿降z↘,-12,-9,1015,True
2024/9/13,-4.24,-4.24,-0.37,z丁↘忑-10.Z-13,9妩.__Aa龙猪._主,跌.尾连VW.W2,,尿降z↘,-13,-10,1016,True
2024/9/20,1.96,1.96,4.3,z丁↘忑-11.Z-14,9妩.__Aa龙猪._主,跌.尾反孕Wo,,尿降z↘,-14,-11,1017,True
2024/9/27,20.72,20.72,21.23,y戊↘忠-12.I,4蛀.__Be龙管根._主,升.尾连oQ.Q2,,尿降y↘,1,-12,1018,True
2024/9/30,6.67,6.67,7.94,r己↗忐-13.B2,4蛀.Df头负.储,升.尾连QQ.Q3,连3,金升r↗.4蛀.Df头负.储.口1v,2,1,1019,True
2024/10/11,-7.45,-7.45,9.93,r己↗忐-14.B3,4蛀.__Fe震正根.储,(升)人.连后吞QV,,嘘待r↗.4蛀.__Fe震正根.储.魅6v,3,-1,1020,True
2024/10/18,-2.36,-2.36,2.58,r己↗忐-15.A4,2栅.__Fe震正根.储,跌.尾连VW.W2,,嘘待r↗.2栅.__Fe震正根.储.魅6v,4,-2,1021,True
2024/10/25,0.33,0.33,1.76,a甲↗上1.A5,2栅.__Ff震负.储,跌.尾反孕Wo,,尿降a↗.2栅.__Ff震负.储.魅6v,5,-3,1022,True
2024/11/1,-5.91,-5.91,2.3,z丁↘忑-1.Y,5蛀.__Fa震正〇._再C,跌.尾吞oV,,尿降z↘,-1,-4,1023,True
2024/11/8,3.96,3.96,5.82,z丁↘忑-2.Z-2,5蛀.__Fa震正〇._再C,跌.尾反孕oVo,,尿降z↘,-2,-5,1024,True
2024/11/15,-4.14,-4.14,-0.11,z丁↘忑-3.Z-3,5蛀.__Fa震正〇._再C,跌.尾吞oV,,尿降z↘,-3,-6,1025,True
2024/11/22,-1.29,-1.29,4.44,z丁↘忑-4.Z-4,9妩.__Fa震正〇._再C,跌.尾连VW.W2,,尿降z↘,-4,-7,1026,True
2024/11/29,0.59,0.59,1.78,z丁↘忑-5.Z-5,9妩.__Fa震正〇._主,跌.尾反孕Wo,,尿降z↘,-5,-8,1027,True
2024/12/6,3.18,3.18,3.29,y戊↘忠-6.I,4蛀.__Fe震正根._主,升.尾连oQ.Q2,,尿降y↘,1,-9,1028,True
2024/12/13,-1.48,-1.48,2.62,y戊↘忑-7.Y暂,5暂.__Fa震正〇._主,升.尾反孕Qv,,尿降y↘,-1,-10,1029,True
2024/12/20,-1.04,-1.04,3.12,y戊↘忑-8.Z-2暂,5暂.__Fa震正〇._主,跌.尾连vW.W2,,尿降y↘,-2,-11,1030,True
2024/12/27,0.35,0.35,0.94,y戊↘忑-9.Z-3暂,5暂.__Fa震正〇._主,跌.尾反孕Wo,,尿降y↘,-3,-12,1031,True
2025/1/3,-3.15,-3.15,1.75,y戊↘忑-10.Z-4,9妩.__Fa震正〇._主,跌.尾吞oV,,屎降y↘,-4,-13,1032,True
2025/1/10,-7.1,-7.1,1.32,y戊↘忑-11.Z-5,9妩.__Aa龙猪._主,跌.尾连VW.W2,,屎降y↘,-5,-14,1033,True
2025/1/17,4.66,4.66,5.83,y戊↘忑-12.Z-6,9妩.__Aa龙猪._主,跌.尾反孕Wo,,屎降y↘,-6,-15,1034,True
2025/1/24,0,0,0.37,y戊↘忑-13.Z-7,7姗.__Bd龙管杂._主,升.尾连oQ.Q2,,屎降y↘,-7,-16,1035,True
2025/1/27,3.71,3.71,4.08,y戊↘忠-14.I,4蛀.__Be龙管根._主,升.尾连QQ.Q3,,屎降y↘,1,-17,1036,True
2025/2/7,-1.07,-1.07,0.48,y戊↘忠-15.B2,4蛀.__Fe震正根._主,升.尾反孕Qv,,屎降y↘,2,-18,1037,True
2025/2/14,-2.17,-2.17,0.24,y戊↘忑-16.Y暂,5暂.__Fa震正〇._主,跌.尾连vW.W2,,屎降y↘,-1,-19,1038,True
2025/2/21,-2.71,-2.71,0.37,y戊↘忑-17.Z-2暂,5暂.__Fa震正〇._主,跌.尾连WW.W3,,屎降y↘,-2,-20,1039,True
2025/2/28,-1.01,-1.01,0.38,y戊↘忑-18.Z-3暂,5暂.__Fa震正〇._主,跌.尾连WW.W4,,屎降y↘,-3,-21,1040,True
2025/3/7,-0.9,-0.9,0.9,y戊↘忑-19.Z-4,9妩.__Aa龙猪._主,跌.尾连WW.W5,,屎降y↘,-4,-22,1041,True
2025/3/14,3.49,3.49,3.62,y戊↘忑-20.Z-5,8姖.__Aa龙猪._主,(跌)人.连后吞WO,,屎降y↘,-5,-23,1042,True
2025/3/21,0.62,0.62,2.25,y戊↘忠-21.I,4蛀.__Be龙管根._主,升.尾连OQ.Q2,,屎降y↘,1,-24,1043,True
2025/3/28,-0.37,-0.37,2.85,y戊↘忠-22.B2,4蛀.__Fe震正根._主,升.尾反孕Qv,,屎降y↘,2,-25,1044,True
2025/4/3,-4.36,-4.36,-2.74,y戊↘忑-23.Y暂,5暂.__Aa龙猪._主,跌.尾连vW.W2,,屎降y↘,-1,-26,1045,True
2025/4/11,-6.12,-6.12,-2.47,y戊↘忑-24.Z-2暂,5暂.__Aa龙猪._主,跌.尾连WW.W3,,屎降y↘,-2,-27,1046,True
2025/4/18,0.55,0.55,2.64,y戊↘忑-25.Z-3暂,5暂.__Aa龙猪._主,跌.尾反孕Wo,,屎降y↘,-3,-28,1047,True
2025/4/25,-7.72,-7.72,0.28,y戊↘忑-26.Z-4,9妩.__Aa龙猪._主,跌.尾吞oV,,屎降y↘,-4,-29,1048,True
2025/4/30,-3.14,-3.14,-0.6,y戊↘忑-27.Z-5,9妩.__Aa龙猪._主,跌.尾连VW.W2,,屎降y↘,-5,-30,1049,True
2025/5/9,0,0,1.7,y戊↘忑-28.Z-6,9妩.__Aa龙猪._主,跌.尾反孕Wo,,屎降y↘,-6,-31,1050,True
2025/5/16,0,0,2.47,y戊↘忑-29.Z-7,7姗.__Bd龙管杂._主,升.尾连oQ.Q2,,屎降y↘,-7,-32,1051,True
2025/5/23,-0.31,-0.31,2.01,y戊↘忑-30.Z-8,7姗.__Bd龙管杂._主,(升)人.连后吞QV,,屎降y↘,-8,-33,1052,True
2025/5/30,-2.79,-2.79,0,y戊↘忑-31.Z-9,7姗.__Bd龙管杂._主,跌.尾连VW.W2,,屎降y↘,-9,-34,1053,True
2025/6/6,1.75,1.75,2.71,y戊↘忑-32.Z-10,7姗.__Bd龙管杂._主,跌.尾反孕Wo,,屎降y↘,-10,-35,1054,True
2025/6/13,-0.47,-0.47,1.25,y戊↘忑-33.Z-11,9妩.__Aa龙猪._主,(跌)人.孕孕ov,,屎降y↘,-11,-36,1055,True
2025/6/20,-2.67,-2.67,1.26,y戊↘忑-34.Z-12,9妩.__Aa龙猪._主,跌.尾连vW.W2,,屎降y↘,-12,-37,1056,True
2025/6/27,3.39,3.39,4.52,y戊↘忑-35.Z-13,8姖.__Aa龙猪._主,(跌)人.连后吞WO,,屎降y↘,-13,-38,1057,True
2025/7/4,1.25,1.25,2.5,y戊↘忠-36.I,4蛀.__Be龙管根._主,升.尾连OQ.Q2,,屎降y↘,1,-39,1058,True
2025/7/11,3.55,3.55,4.94,y戊↘忠-37.B2,4蛀.__Be龙管根._主,升.尾连QQ.Q3,,屎降y↘,2,-40,1059,True
2025/7/18,-2.98,-2.98,2.24,y戊↘忠-38.B3,4蛀.__Fe震正根._主,升.尾反孕Qv,,屎降y↘,3,-41,1060,True
2025/7/25,7.22,7.22,10.75,r己↗忐-39.A4,0橅.__Fe震正根.储,升.尾吞vO,,屎降r↗.0橅.__Fe震正根.储.魅6v,4,-42,1061,True
2025/8/1,-5.16,-5.16,-1,r己↗忐-40.A5,0橅.__Fe震正根.储,升.尾反孕vOv,,屎降r↗.0橅.__Fe震正根.储.魅6v,5,-43,1062,True
2025/8/8,2.72,2.72,4.08,a甲↗上1.A6,0橅.__Ff震负.储,(升)人.孕孕vo,,屎降a↗.0橅.__Ff震负.储.魅6w,6,-44,1063,True
2025/8/15,0.29,0.29,2.65,a甲↗上2.A7,0橅.__Ff震负.储,升.尾连oQ.Q2,,屎降a↗.0橅.__Ff震负.储.魅6w,7,-45,1064,True
2025/8/22,-1.76,-1.76,0.88,a甲↗上3.A8,1柜.__Ff震负.储,(升)人.连后吞QV,,屎降a↗.1柜.__Ff震负.储.魅6w,8,-46,1065,True
2025/8/29,-1.94,-1.94,1.64,c丙↘下4.Y,5蛀.__Df头负._再C,跌.尾连VW.W2,,屎降c↘.逃5I,-1,-47,1066,True
2025/9/5,-0.91,-0.91,0,z丁↘忑-1.Z-2,5蛀.__Fa震正〇._再C,跌.尾连WW.W3,,屎降z↘,-2,-48,1067,True
2025/9/12,0.61,0.61,0.77,z丁↘忑-2.Z-3,5蛀.__Aa龙猪._再C,(跌)人.连后吞WO,,屎降z↘,-3,-49,1068,True
2025/9/19,1.07,1.07,2.14,z丁↘忑-3.Z-4,7姗.__Bd龙管杂._再C,升.尾连OQ.Q2,,屎降z↘,-4,-50,1069,True
2025/9/26,-0.45,-0.45,0.6,z丁↘忑-4.Z-5,7姗.__Bd龙管杂._再C,升.尾反孕Qv,,屎降z↘,-5,-51,1070,True
2025/9/30,-0.76,-0.76,0,z丁↘忑-5.Z-6,7姗.__Fa震正〇._主,跌.尾连vW.W2,,屎降z↘,-6,-52,1071,True
2025/10/10,3.36,3.36,3.82,r己↗忐-6.I,4蛀.__Fe震正根.储,(跌)人.连后吞WO,,屎降r↗.4蛀.__Fe震正根.储.魅6v,1,-53,1072,True
2025/10/17,0.89,0.89,3.11,a甲↗上1.B2,4蛀.__Ff震负.储,升.尾连OQ.Q2,,屎降a↗.4蛀.__Ff震负.储.魅6w,2,-54,1073,True
2025/10/24,2.49,2.49,8.65,a甲↗上2.B3,4蛀.Aa龙猪.储,升.尾连QQ.Q3,连3,唏待a↗.4蛀.Aa龙猪.储,3,1,1074,True
2025/10/31,-0.86,-0.86,2.15,a甲↗上3.A4,0橅.Aa龙猪.储,升.尾反孕Qv,,唏待a↗.0橅.Aa龙猪.储,4,2,1075,True
2025/11/7,2.74,2.74,4.04,a甲↗上4.A5,0橅.Aa龙猪.初,升.尾吞vO,,唏待a↗.0橅.Aa龙猪.初,5,3,1076,True
2025/11/14,0.56,0.56,2.25,a甲↗上5.A6,0橅.Fa震正〇.初,升.尾连OQ.Q2,,唏待a↗.0橅.Fa震正〇.初,6,4,1077,True
2025/11/21,-6.84,-6.84,1.68,c丙↘下6.Y,5蛀.__Df头负._再D,(升)人.连后吞QV,,屎降c↘.逃5i,-1,-1,1078,True
2025/11/28,-2.25,-2.25,0.45,c丙↘下7.Z-2,5蛀.__Df头负._再D,跌.尾连VW.W2,,屎降c↘.逃5I,-2,-2,1079,True
2025/12/5,0.46,0.46,2.15,z丁↘忑-1.Z-3,5蛀.__Aa龙猪._再D,跌.尾反孕Wo,,屎降z↘,-3,-3,1080,True
2025/12/12,-7.33,-7.33,-0.15,z丁↘忑-2.Z-4,9妩.__Aa龙猪._再D,跌.尾吞oV,,屎降z↘,-4,-4,1081,True
2025/12/19,0.66,0.66,0.99,z丁↘忑-3.Z-5,9妩.__Aa龙猪._再D,跌.尾反孕oVo,,屎降z↘,-5,-5,1082,True
2025/12/26,-0.65,-0.65,0.49,z丁↘忑-4.Z-6,9妩.__Aa龙猪._再D,(跌)人.孕孕ov,,屎降z↘,-6,-6,1083,True
2025/12/31,-0.49,-0.49,0.49,z丁↘忑-5.Z-7,9妩.__Aa龙猪._主,跌.尾连vW.W2,,屎降z↘,-7,-7,1084,True
2026/1/9,3.64,3.64,4.3,z丁↘忑-6.Z-8,8姖.__Aa龙猪._主,(跌)人.连后吞WO,,屎降z↘,-8,-8,1085,True
2026/1/16,-2.72,-2.72,0.48,z丁↘忑-7.Z-9,8姖.__Fa震正〇._主,(跌)人.连后吞WOv,,屎降z↘,-9,-9,1086,True
2026/1/23,3.28,3.28,3.45,y戊↘忠-8.I,4蛀.__Fe震正根._主,升.尾吞vO,,屎降y↘,1,-10,1087,True
2026/1/30,6.36,6.36,11.13,r己↗忐-9.B2,4蛀.__Fe震正根.储,升.尾连OQ.Q2,,屎降r↗.4蛀.__Fe震正根.储.魅6v,2,-11,1088,True
2026/2/6,-0.9,-0.9,4.33,r己↗忐-10.B3,4蛀.Df头负.储,升.尾反孕Qv,,唏待r↗.4蛀.Df头负.储.口1v,3,1,1089,True
2026/2/13,3.32,3.32,5.73,a甲↗上1.A4,0橅.Aa龙猪.储,升.尾吞vO,,唏待a↗.0橅.Aa龙猪.储,4,2,1090,True
2026/2/27,2.92,2.92,3.65,a甲↗上2.A5,0橅.Aa龙猪.初,升.尾连OQ.Q2,,唏待a↗.0橅.Aa龙猪.初,5,3,1091,True
2026/3/6,4.4,4.4,8.65,a甲↗上3.A6,0橅.Aa龙猪.初,升.尾连QQ.Q3,连3,银升a↗.0橅.Aa龙猪.初,6,4,1092,True
2026/3/13,4.48,4.48,6.25,a甲↗上4.A7,0橅.Aa龙猪.初,升.尾连QQ.Q4,连4,银升a↗.0橅.Aa龙猪.初,7,5,1093,True
2026/3/20,-5.46,-5.46,1.3,a甲↗上5.A8,1柜.Aa龙猪.初,(升)人.连后吞QV,,银升a↗.1柜.Aa龙猪.初,8,6,1094,True
2026/3/27,3.71,3.71,9.08,a甲↗上6.A9,1柜.Aa龙猪.初,(升)人.连后吞QVo,,银升a↗.1柜.Aa龙猪.初,9,7,1095,True
2026/4/3,-7.82,-7.82,0.93,b乙→中7.Y,5蛀.Be龙管根.主,跌.尾吞oV,,银升b→.5蛀.Be龙管根.主,-1,8,1096,True
2026/4/10,2.45,2.45,4.32,b乙→中8.Z-2,5蛀.Be龙管根.主,跌.尾反孕oVo,,银升b→.5蛀.Be龙管根.主,-2,9,1097,True
2026/4/17,-2.11,-2.11,3.65,b乙→中9.Z-3,5蛀.Fe震正根.主,(跌)人.孕孕ov,,唏待b→.5蛀.Fe震正根.主,-3,10,1098,True
2026/4/24,10.9,10.9,11.48,b乙↗上10.I暂,4暂.Fd震正芽.主,升.尾吞vO,,银升b↗.4暂.Fd震正芽.主,1,11,1099,True
2026/4/30,3.75,3.75,4.66,b乙↗上11.B2暂,4暂.Aa龙猪.主,升.尾连OQ.Q2,,银升b↗.4暂.Aa龙猪.主,2,12,1100,True
2026/5/8,-5.49,-5.49,1.62,b乙↗上12.B3暂,4暂.Aa龙猪.主,(升)人.连后吞QV,,银升b↗.4暂.Aa龙猪.主,3,13,1101,True
2026/5/15,-1.32,-1.32,3.96,b乙↗上13.A4,2栅.Bc龙管栅.主,跌.尾连VW.W2,,银升b↗.2栅.Bc龙管栅.主,4,14,1102,True
2026/5/22,-6.15,-6.15,5.35,c丙↘下14.Y,5蛀.Fe震正根.破,跌.尾连WW.W3,,银升c↘.被3v,-1,15,1103,True
2026/5/29,9.12,9.12,10.54,b乙↗上15.I暂,4暂.Dd头正芽.再B,(跌)人.连后吞WO,,银升b↗.4暂.Dd头正芽.再B,1,16,1104,True
2026/6/5,9.4,9.4,12.53,b乙↗上16.B2暂,4暂.Aa龙猪.再B,升.尾连OQ.Q2,,银升b↗.4暂.Aa龙猪.再B,2,17,1105,True
2026/6/12,-5.25,-5.25,2.39,b乙↗上17.B3暂,4暂.Aa龙猪.再B,升.尾反孕Qv,,金升b↗.4暂.Aa龙猪.再B,3,18,1106,True
2026/6/18,-8.06,-8.06,-0.63,b乙→中18.Y暂,5暂.Be龙管根.破,跌.尾连vW.W2,,金升b→.5暂.Be龙管根.破.被3v,-1,19,1107,True
2026/6/26,-4.79,-4.79,5.34,c丙↘下19.Z-2暂,5暂.__Df头负._破,跌.尾连WW.W3,,尿降c↘.逃4v,-2,-1,1108,True
2026/7/3,4.32,4.32,6.33,z丁↘忑-1.Z-3暂,5暂.__Aa龙猪._破,跌.尾反孕Wo,,尿降z↘,-3,-2,1109,True
2026/7/10,-3.03,-3.03,2.76,z丁↘忑-2.Z-4,9妩.__Aa龙猪._破,(跌)人.孕孕ov,,尿降z↘,-4,-3,1110,True
